1782375449.224180 0.1196098 -0.0337880 0.0234264 -0.7520815 -0.0377916 0.0115722 0.6578841
1782375451.994206 -0.0176844 0.1751542 0.0168030 -0.6968422 -0.2836852 0.2281073 0.6179812
1782375454.799779 0.0000304 0.4167492 0.0168165 -0.7067679 -0.2546306 0.2048548 0.6274368
1782375457.535701 0.3492007 0.6486689 0.0227231 -0.7203149 -0.2118047 0.1661612 0.6392776
1782375460.371662 0.7490731 0.9305896 0.0260503 -0.7247093 -0.1971640 0.1525779 0.6423727
1782375463.276779 1.1367596 1.2753785 0.0322717 -0.7274946 -0.1858994 0.1439894 0.6445619
1782375466.112145 1.5828784 1.4467814 0.0385939 -0.7404941 0.1256563 -0.1322459 0.6468307
1782375468.647387 1.7594010 1.0548522 0.0426633 -0.5885519 0.4644461 -0.4204868 0.5109671
1782375471.584594 1.6259078 0.5074490 0.0314422 0.4949745 -0.5633385 0.5058885 -0.4262944
1782375473.319510 1.5844419 0.1674098 0.0299568 0.4839442 -0.5723285 0.5163558 -0.4142643
1782375476.021938 1.6093463 -0.3208601 0.0297709 0.5010095 -0.5585663 0.5024566 -0.4295703
1782375478.993046 1.6317849 -1.0567304 0.0349718 0.4354463 -0.6106088 0.5482299 -0.3701181
1782375481.195689 1.4498833 -1.4731194 0.0398285 0.2479770 -0.7101131 0.6273614 -0.2016545
1782375483.899028 1.0678089 -1.7863631 0.0449206 -0.1224340 -0.7425563 0.6472694 0.1210888
1782375484.399626 0.9969575 -1.7686522 0.0436124 -0.1853455 -0.7296094 0.6342920 0.1760423
1782375485.402902 0.8509854 -1.6427829 0.0471742 -0.3593617 -0.6622854 0.5716853 0.3246740
1782375485.603647 0.8299876 -1.6129063 0.0483137 -0.3900028 -0.6446245 0.5557050 0.3514954
1782375485.903927 0.8099562 -1.5623342 0.0488498 -0.4309754 -0.6181453 0.5320548 0.3861015
1782375488.639807 0.8415293 -1.0625036 0.0532417 -0.5432500 -0.5223163 0.4437029 0.4849667
1782375491.375622 0.6863729 -0.6757203 0.0516588 -0.2843848 -0.6987085 0.6020963 0.2615562
1782375491.642517 0.6589981 -0.6415069 0.0502102 -0.2574051 -0.7088017 0.6119667 0.2384105
1782375492.476590 0.5397213 -0.5451313 0.0439321 -0.1678888 -0.7342283 0.6376570 0.1616040
1782375492.676770 0.5041336 -0.5189785 0.0431975 -0.1660963 -0.7342666 0.6384104 0.1603022
1782375493.110515 0.4376674 -0.4606664 0.0426067 -0.2243684 -0.7186292 0.6241040 0.2091060
1782375493.744437 0.3393046 -0.3925744 0.0466763 -0.3323644 -0.6774983 0.5825241 0.3019864
1782375496.480288 0.0720967 -0.2879202 0.0508274 -0.4089956 -0.6331466 0.5433261 0.3696548
1782375496.980776 0.0729954 -0.2879120 0.0507872 -0.4093711 -0.6328296 0.5431373 0.3700593
1782375497.981761 0.0727853 -0.2898557 0.0494647 -0.4081323 -0.6331021 0.5433672 0.3706237
1782375499.950359 0.3154030 -0.1075904 0.0531195 -0.5935899 -0.4678193 0.3936738 0.5232753
1782375500.818154 0.3616315 -0.0535839 0.0420127 -0.6924110 -0.3006264 0.2468787 0.6076526
1782375503.658263 0.1834119 -0.1245111 0.0504435 -0.7562985 -0.0047723 -0.0118054 0.6541029
1782375506.195504 0.1810018 -0.1233476 0.0496757 -0.7563522 -0.0047987 -0.0115572 0.6540448
1782375507.597741 0.1758856 -0.1127726 0.0560098 -0.7567578 -0.0197608 -0.0010503 0.6533958
1782375510.266201 -0.0526163 0.1453177 0.0431409 -0.6605247 -0.3635499 0.3006084 0.5841004
1782375511.533662 -0.1723899 0.2992704 0.0375402 -0.6416403 -0.3941810 0.3313326 0.5684521
1782375514.202158 0.2492115 0.5877654 0.0441275 -0.7251952 -0.2020220 0.1608766 0.6382772
1782375516.403628 0.6817328 0.7623124 0.0426375 -0.7312170 -0.1764193 0.1374208 0.6444482
1782375518.673357 1.1369219 1.1462150 0.0357916 -0.7417769 -0.1112503 0.0806345 0.6564210
1782375520.775343 1.5612056 1.2407248 0.0379307 -0.7128645 0.2349049 -0.2226154 0.6221627
1782375523.646533 1.6542790 0.7267558 0.0361159 -0.5395873 0.5211169 -0.4654722 0.4697003
1782375526.049383 1.5442300 0.2027867 0.0342442 -0.5434838 0.5178038 -0.4659216 0.4684247
1782375528.919462 1.6714239 -0.4274856 0.0315353 -0.5574268 0.5023525 -0.4525116 0.4818203
1782375531.655990 1.6249840 -1.1097038 0.0355923 0.4451164 -0.6047335 0.5405214 -0.3794806
1782375532.924132 1.4777457 -1.4331350 0.0403922 0.3541777 -0.6633642 0.5890346 -0.2958792
1782375535.760787 1.2801814 -1.9114932 0.0370057 0.4456834 -0.6045869 0.5417447 -0.3772980
1782375538.731013 0.6445085 -2.4235592 0.0419204 -0.0587262 -0.7507687 0.6545938 0.0663676
1782375541.536628 0.4527823 -2.1072612 0.0559828 -0.5402263 -0.5272471 0.4506142 0.4765637
1782375544.139506 0.6648611 -1.6188866 0.0588396 -0.5898687 -0.4699958 0.3997857 0.5208939
1782375547.109933 0.8334785 -0.9881481 0.0590992 -0.5853958 -0.4776456 0.4037980 0.5158620
1782375549.148648 0.6895756 -0.5070717 0.0475237 -0.5303967 -0.5352988 0.4562699 0.4732361
1782375551.983124 0.3294379 -0.1395425 0.0509023 -0.7517858 -0.0853539 0.0586624 0.6512232
1782375554.484165 0.1286031 -0.1491538 0.0539785 -0.7567772 -0.0299989 0.0081613 0.6529332
1782375557.386411 0.1674479 -0.1111295 0.0568585 -0.7511889 -0.0875404 0.0565496 0.6518084
1782375558.354165 0.1491533 0.0385336 0.0477744 -0.6996296 -0.2831568 0.2294467 0.6145689
1782375561.122753 0.1933146 0.5095329 0.0428708 -0.7205459 -0.2189521 0.1764982 0.6338155
1782375563.826379 0.7743287 0.9473137 0.0348170 -0.7344132 -0.1576083 0.1196764 0.6492107
1782375564.160511 0.8449435 1.0217612 0.0334656 -0.7346278 -0.1547655 0.1174523 0.6500573
1782375564.494693 0.9219149 1.0940721 0.0335324 -0.7366517 -0.1422683 0.1075817 0.6523269
1782375565.596300 1.1941710 1.2007234 0.0356853 -0.7501643 0.0178755 -0.0343544 0.6601166
1782375566.197018 1.3808675 1.2846923 0.0369066 -0.7429529 0.1055916 -0.1136293 0.6511220
1782375566.630868 1.4867678 1.3125647 0.0371283 -0.7352239 0.1495519 -0.1520682 0.6433936
1782375567.064715 1.5777421 1.2771044 0.0368916 -0.7167045 0.2201613 -0.2116962 0.6269358
1782375567.799167 1.6486492 1.0899205 0.0387998 -0.6388393 0.3936226 -0.3558308 0.5570726
1782375568.066800 1.6584924 1.0023752 0.0394592 -0.6013535 0.4484902 -0.4027527 0.5244243
1782375568.501769 1.6708937 0.8531467 0.0401385 -0.5555943 0.5044326 -0.4500821 0.4840339
1782375568.936092 1.6533995 0.7042741 0.0380192 -0.5330840 0.5285587 -0.4718898 0.4623497
1782375569.336476 1.6169794 0.5821587 0.0370806 -0.5375652 0.5238696 -0.4693592 0.4650659
1782375569.736854 1.5842342 0.4462686 0.0350918 -0.5425858 0.5189536 -0.4653700 0.4687415
1782375570.203975 1.5616934 0.3024434 0.0342371 -0.5405325 0.5214644 -0.4682151 0.4654828
1782375570.671083 1.5749246 0.1302925 0.0340003 0.5223848 -0.5389418 0.4848259 -0.4489985
1782375571.104839 1.5670846 -0.0167035 0.0350021 0.4964150 -0.5637498 0.5046105 -0.4255895
1782375571.571950 1.5312234 -0.1878444 0.0366338 0.4502105 -0.6024921 0.5352164 -0.3845221
1782375571.972329 1.5228374 -0.3184654 0.0367213 0.4461910 -0.6052048 0.5385249 -0.3803049
1782375572.339337 1.5194077 -0.4328523 0.0362478 0.4430772 -0.6074739 0.5402017 -0.3779421
1782375572.739701 1.5121083 -0.5732288 0.0375394 0.4390706 -0.6100439 0.5428752 -0.3746333
1782375573.206808 1.5142766 -0.7312481 0.0375959 0.4406677 -0.6079134 0.5432418 -0.3756884
1782375573.573811 1.5109197 -0.8737676 0.0368873 0.4338731 -0.6124172 0.5480692 -0.3692147
1782375573.974190 1.5007079 -1.0348979 0.0363646 0.4228656 -0.6204230 0.5538192 -0.3599229
1782375574.374571 1.4849334 -1.1551747 0.0370805 0.4128741 -0.6272969 0.5601682 -0.3496360
1782375574.841683 1.4430799 -1.3003727 0.0379410 0.3948123 -0.6395249 0.5697281 -0.3324773
1782375575.275447 1.3722329 -1.4362954 0.0385892 0.3663061 -0.6564340 0.5840546 -0.3062588
1782375575.675836 1.3001137 -1.5637834 0.0400808 0.3445425 -0.6675951 0.5945069 -0.2866512
1782375576.076211 1.2652589 -1.6992030 0.0397732 0.3430411 -0.6682689 0.5954806 -0.2848552
1782375576.543303 1.2245420 -1.8747854 0.0368820 0.3266117 -0.6759744 0.6026971 -0.2704434
1782375576.977037 1.1547132 -2.0311165 0.0367451 0.2707113 -0.7001958 0.6222523 -0.2219082
1782375577.177223 1.1203490 -2.0956647 0.0379686 0.2345645 -0.7132396 0.6322986 -0.1909642
1782375577.544222 1.0678165 -2.2250922 0.0414028 0.1428014 -0.7378967 0.6504167 -0.1098830
1782375577.844509 0.9942310 -2.3330314 0.0431945 0.0509150 -0.7501861 0.6585385 -0.0309127
1782375578.111442 0.9211053 -2.4056504 0.0435534 -0.0346074 -0.7524092 0.6562844 0.0444254
1782375578.211541 0.8893404 -2.4272881 0.0439357 -0.0675482 -0.7504287 0.6532661 0.0744132
1782375578.611934 0.7463980 -2.4514184 0.0431800 -0.2045095 -0.7257403 0.6276211 0.1938268
1782375579.045682 0.5988815 -2.3544927 0.0458623 -0.3578036 -0.6641267 0.5709882 0.3238591
1782375579.279235 0.5459087 -2.2704070 0.0496644 -0.4341832 -0.6170273 0.5294279 0.3879026
1782375579.446055 0.5249381 -2.2047510 0.0527879 -0.4829724 -0.5801098 0.4969784 0.4280453
1782375579.879801 0.5245217 -2.0456629 0.0616373 -0.5770631 -0.4877781 0.4144910 0.5072159
1782375580.280192 0.5841854 -1.9197979 0.0709116 -0.6343393 -0.4119194 0.3473892 0.5543075
1782375581.080976 0.7380195 -1.6748961 0.0802996 -0.6773916 -0.3378145 0.2779532 0.5914086
1782375581.448004 0.7833782 -1.5515114 0.0799407 -0.6664235 -0.3585498 0.2969305 0.5823694
1782375581.781656 0.8178929 -1.4385453 0.0790263 -0.6561356 -0.3775163 0.3138328 0.5731286
1782375581.981842 0.8350753 -1.3758421 0.0774715 -0.6501452 -0.3871332 0.3233105 0.5682513
1782375583.349788 0.8866805 -0.9095731 0.0621486 -0.5906882 -0.4714386 0.3962172 0.5213876
1782375583.750237 0.8620930 -0.7814556 0.0608512 -0.5520205 -0.5147629 0.4357323 0.4903365
1782375584.084342 0.8232824 -0.6811500 0.0560026 -0.5134119 -0.5521586 0.4704133 0.4585198
1782375584.351660 0.7917733 -0.5995062 0.0532528 -0.4912877 -0.5717396 0.4885216 0.4394279
1782375584.685853 0.7590970 -0.4949433 0.0517878 -0.4844226 -0.5780422 0.4938065 0.4328477
1782375585.154153 0.6773803 -0.3697829 0.0526780 -0.5175279 -0.5493665 0.4672988 0.4604272
1782375585.589128 0.5903709 -0.2781621 0.0529473 -0.5838058 -0.4806667 0.4044402 0.5143526
1782375586.023227 0.5241908 -0.2049463 0.0536625 -0.6493172 -0.3887669 0.3229494 0.5682880
1782375586.490321 0.4920916 -0.1234095 0.0542982 -0.7026276 -0.2810216 0.2287560 0.6123822
1782375586.924053 0.4743115 -0.0863433 0.0555500 -0.7390023 -0.1650332 0.1288321 0.6403453
1782375587.357787 0.4235826 -0.1164076 0.0572603 -0.7551604 -0.0544677 0.0319414 0.6524920
1782375587.758152 0.3510719 -0.1425950 0.0569556 -0.7568825 0.0083559 -0.0237296 0.6530666
1782375588.258643 0.2456274 -0.1482438 0.0545101 -0.7565162 -0.0282516 0.0064597 0.6533325
1782375588.759120 0.1917180 -0.1560712 0.0534237 -0.7562813 -0.0356816 0.0133410 0.6531367
1782375589.292959 0.1566537 -0.1558638 0.0531145 -0.7569318 -0.0150877 -0.0039476 0.6533078
1782375589.926878 0.1431850 -0.1566087 0.0531500 -0.7569166 -0.0109939 -0.0076412 0.6533744
1782375590.427336 0.1462771 -0.1570451 0.0530257 -0.7569293 -0.0115633 -0.0070211 0.6533568
1782375590.927814 0.1501731 -0.1576291 0.0525889 -0.7568238 -0.0117833 -0.0067302 0.6534781
1782375591.428328 0.1500492 -0.1577972 0.0520613 -0.7567729 -0.0112139 -0.0071295 0.6535428
1782375591.928827 0.1518814 -0.1601209 0.0518032 -0.7567874 -0.0083930 -0.0092727 0.6535413
1782375592.429302 0.1525541 -0.1619751 0.0517481 -0.7568088 -0.0075662 -0.0099516 0.6535168
1782375592.929775 0.1555251 -0.1644198 0.0515817 -0.7567693 -0.0056444 -0.0113592 0.6535589
1782375593.430251 0.1569724 -0.1650274 0.0517205 -0.7567170 -0.0055340 -0.0114094 0.6536196
