1781254294.783055 0.0000000 0.0000000 0.0000000 -0.0000000 -0.0000000 -0.0000000 1.0000000
1781254296.735789 0.1501028 -0.0021620 0.0098933 -0.0004885 -0.0026418 -0.0006784 0.9999962
1781254297.603950 0.3780493 -0.0041368 0.0589372 -0.0004008 -0.0323867 -0.0004773 0.9994752
1781254298.572477 0.8193233 0.0221740 0.1815812 0.0073904 -0.0747114 -0.0068200 0.9971545
1781254299.407051 1.1133580 0.0204144 0.2962238 0.0094963 -0.0996494 -0.0048627 0.9949654
1781254299.907728 1.3029773 0.0170958 0.3540838 0.0109064 -0.0823340 -0.0059346 0.9965274
1781254300.308330 1.4664197 0.0129335 0.3862564 0.0121548 -0.0515353 -0.0080671 0.9985647
1781254300.876007 1.7203947 0.0105516 0.4279982 0.0136596 -0.0159591 -0.0104284 0.9997250
1781254301.410177 1.9655550 -0.0022211 0.4645665 0.0120320 -0.0138241 -0.0114664 0.9997663
1781254302.244555 2.3449783 -0.0129389 0.5349272 0.0113539 -0.0208245 -0.0111627 0.9996564
1781254302.811971 2.5919783 -0.0217638 0.5676346 0.0127425 0.0023595 -0.0124724 0.9998383
1781254303.713109 2.9338944 -0.0342853 0.5821614 0.0128861 0.0770909 -0.0163010 0.9968075
1781254304.514139 3.1976120 -0.0477532 0.5018991 0.0168142 0.2272967 -0.0194397 0.9734864
1781254305.749143 3.5265765 -0.0990548 0.1616302 0.0139156 0.5232884 -0.0320066 0.8514407
1781254306.450039 3.6191130 -0.0779574 -0.1010294 0.0260483 0.6894279 -0.0535812 0.7219001
1781254307.251028 3.5531225 -0.0918455 -0.4023809 0.0308290 0.8512186 -0.0578855 0.5206974
1781254308.018771 3.3755665 -0.1012689 -0.6180503 0.0325294 0.9424960 -0.0578225 0.3275665
1781254308.352554 3.2859769 -0.1008438 -0.6815076 0.0337504 0.9688402 -0.0569851 0.2386678
1781254308.586193 3.2157364 -0.0987964 -0.7167161 0.0347835 0.9812477 -0.0562500 0.1810497
1781254308.886585 3.1159861 -0.0889870 -0.7418863 0.0344392 0.9946589 -0.0562818 0.0793715
1781254309.220354 2.9886756 -0.0811393 -0.7361405 -0.0357200 -0.9968286 0.0537306 0.0465816
1781254309.487369 2.8960176 -0.0762489 -0.7136004 -0.0350435 -0.9892827 0.0511050 0.1322118
1781254309.921270 2.7412109 -0.0670327 -0.6561681 -0.0337766 -0.9725577 0.0479107 0.2251561
1781254310.388562 2.5733287 -0.0559514 -0.6191626 -0.0334739 -0.9742367 0.0480264 0.2177977
1781254310.755736 2.4326293 -0.0458185 -0.6054620 -0.0341242 -0.9823296 0.0494848 0.1772437
1781254311.022773 2.3362832 -0.0405578 -0.6090221 -0.0347308 -0.9884707 0.0501558 0.1385783
1781254311.389921 2.2123816 -0.0336574 -0.6323320 -0.0341781 -0.9947423 0.0518774 0.0814142
1781254311.757052 2.0878978 -0.0283097 -0.6716423 -0.0340351 -0.9977375 0.0534321 0.0225062
1781254312.124182 1.9733888 -0.0264527 -0.7321975 0.0332401 0.9967108 -0.0543667 0.0500686
1781254312.391186 1.8939288 -0.0251869 -0.7881707 0.0327475 0.9917173 -0.0556842 0.1110119
1781254312.758316 1.7954676 -0.0251203 -0.8769448 0.0325769 0.9794294 -0.0572596 0.1907307
1781254313.092069 1.7069321 -0.0249554 -0.9648290 0.0324771 0.9672045 -0.0573222 0.2453059
1781254313.425836 1.6348422 -0.0271383 -1.0625281 0.0320272 0.9525197 -0.0572592 0.2973247
1781254313.692851 1.5849923 -0.0286326 -1.1507668 0.0315811 0.9375939 -0.0567424 0.3416149
1781254313.993243 1.5501150 -0.0317991 -1.2453341 0.0303306 0.9158341 -0.0562506 0.3964389
1781254314.660770 1.5223665 -0.0375203 -1.4449016 0.0289677 0.8607341 -0.0570322 0.5050198
1781254315.094660 1.5112059 -0.0455408 -1.5807720 0.0281748 0.8370001 -0.0563465 0.5435643
1781254316.629939 1.4861517 -0.0556817 -1.7635175 0.0277737 0.8439707 -0.0559424 0.5327406
1781254317.965000 1.4101048 -0.0516380 -1.8585823 0.0291580 0.8941662 -0.0577937 0.4430313
1781254318.565764 1.2834797 -0.0524274 -1.9543364 0.0284483 0.9645115 -0.0589048 0.2558097
1781254319.633732 0.9562078 -0.0216224 -1.9668888 -0.0281275 -0.9931408 0.0595349 0.0966219
1781254320.034209 0.8119231 -0.0130702 -1.9142253 -0.0286552 -0.9814970 0.0573198 0.1804351
1781254320.835158 0.5398045 -0.0007520 -1.7727894 -0.0288849 -0.9621540 0.0517598 0.2659818
1781254321.903136 0.1261621 0.0291767 -1.5434322 -0.0291461 -0.9282371 0.0476635 0.3677699
1781254323.037871 -0.0983657 0.0651859 -1.2629989 -0.0219291 -0.7834293 0.0361932 0.6200384
1781254323.371635 -0.1806529 0.0882472 -1.2535932 -0.0220719 -0.6587863 0.0329503 0.7512841
1781254323.905679 -0.0675087 0.0955905 -1.0828356 -0.0185029 -0.4745413 0.0209017 0.8797905
1781254324.606586 0.1592008 0.1071956 -0.9035444 -0.0125411 -0.3159286 0.0095792 0.9486517
1781254325.340860 0.3640813 0.1126572 -0.7896643 -0.0083000 -0.2315548 0.0034578 0.9727803
