1781254294.783055 0.000000000 0.000000000 0.000000000 -0.000000000 -0.000000000 -0.000000000 1.000000000
1781254294.943020 -0.000066821 -0.000367076 -0.000585779 -0.000090016 -0.000398529 0.000013351 0.999999940
1781254296.001513 0.018970018 -0.001283233 -0.002472869 -0.000353447 -0.014031038 0.000277332 0.999901474
1781254296.735789 0.150102779 -0.002162040 0.009893277 -0.000488546 -0.002641850 -0.000678356 0.999996185
1781254297.603950 0.378049314 -0.004136829 0.058937229 -0.000400808 -0.032386668 -0.000477297 0.999475241
1781254298.138498 0.567038000 -0.003208205 0.102510780 -0.001035153 -0.049278513 -0.000485546 0.998784423
1781254298.539093 0.711710691 0.005116338 0.146438912 0.001253660 -0.052409414 0.000793520 0.998624623
1781254298.572477 0.819323361 0.022173967 0.181581214 0.007390440 -0.074711442 -0.006819979 0.997154474
1781254298.605861 0.832893491 0.021081345 0.185845047 0.007356328 -0.073722862 -0.006519480 0.997230351
1781254298.639245 0.846420586 0.022060933 0.190636590 0.007738692 -0.074040882 -0.006841383 0.997201741
1781254298.706015 0.870055974 0.021419127 0.198946223 0.007475907 -0.073145889 -0.007019115 0.997268558
1781254298.739399 0.881350875 0.021847701 0.202942342 0.007696495 -0.072900191 -0.007092278 0.997284353
1781254298.806169 0.905695617 0.020084733 0.210675865 0.007233564 -0.072194271 -0.007442241 0.997336626
1781254298.872939 0.928662062 0.019754611 0.219329193 0.006992372 -0.073086098 -0.007599526 0.997272193
1781254298.906324 0.941999912 0.018330418 0.223316133 0.006689119 -0.073985979 -0.007315545 0.997210026
1781254298.973095 0.962676227 0.017397283 0.230568871 0.006399868 -0.074665755 -0.007562701 0.997159421
1781254299.039866 0.985880911 0.017730353 0.237723380 0.006988862 -0.075329006 -0.007298262 0.997107565
1781254299.073252 0.996133089 0.017117668 0.242561474 0.006824810 -0.077845111 -0.007445426 0.996914327
1781254299.140024 1.018659234 0.017040974 0.252853483 0.007079168 -0.081742287 -0.007357134 0.996601224
1781254299.206780 1.040083528 0.017967355 0.262333035 0.007538835 -0.086773820 -0.006715127 0.996176898
1781254299.240158 1.051948428 0.016424563 0.266897380 0.007255882 -0.089066952 -0.006356537 0.995978951
1781254299.306915 1.073032618 0.017280666 0.275098890 0.008166272 -0.091595963 -0.006301405 0.995742857
1781254299.340293 1.087124348 0.017019056 0.280517071 0.007810799 -0.096193507 -0.005561366 0.995316505
1781254299.373671 1.096506000 0.016585447 0.286504269 0.007329183 -0.097608127 -0.005429554 0.995183229
1781254299.407051 1.113357902 0.020414455 0.296223789 0.009496300 -0.099649355 -0.004862682 0.994965434
1781254299.440429 1.123584151 0.021436000 0.300784796 0.010062338 -0.101490229 -0.005374086 0.994771183
1781254299.507185 1.146740079 0.021201577 0.310624719 0.010284789 -0.103017010 -0.005330365 0.994612157
1781254299.540564 1.158450961 0.020276124 0.314438611 0.010086366 -0.102468394 -0.005357280 0.994670749
1781254299.573942 1.168686390 0.019259252 0.318141729 0.009856869 -0.101602882 -0.005495919 0.994761050
1781254299.607321 1.180180311 0.020071274 0.322183162 0.010243626 -0.101051457 -0.005963158 0.994810581
1781254299.640699 1.192297816 0.018887736 0.325514793 0.009920532 -0.099386528 -0.005911738 0.994981885
1781254299.674078 1.205565810 0.019879052 0.329954773 0.010417053 -0.098151036 -0.006052791 0.995098650
1781254299.707456 1.218357921 0.019272557 0.333087564 0.010601918 -0.095715672 -0.005979748 0.995334327
1781254299.740835 1.230985522 0.016644277 0.335040390 0.009605330 -0.092694536 -0.005290863 0.995634198
1781254299.774213 1.245409131 0.017127547 0.338849336 0.010057862 -0.090114348 -0.005451532 0.995865703
1781254299.807592 1.258526325 0.014377209 0.339721113 0.009235132 -0.088157028 -0.005760825 0.996047139
1781254299.840971 1.273284435 0.018037932 0.346823633 0.010536810 -0.087218724 -0.006204837 0.996114194
1781254299.874349 1.287183762 0.017137466 0.349898428 0.010527288 -0.083110690 -0.005719082 0.996468306
1781254299.907728 1.302977443 0.017095793 0.354083866 0.010906355 -0.082333975 -0.005934605 0.996527433
1781254299.941107 1.316980124 0.018772073 0.358897060 0.011647741 -0.081137694 -0.005912790 0.996617317
1781254299.974486 1.330987573 0.018991772 0.361928552 0.012099601 -0.078202032 -0.006284792 0.996844292
1781254300.007864 1.345433354 0.018649865 0.364790052 0.012475817 -0.074655905 -0.006394167 0.997110844
1781254300.074622 1.369621873 0.016432824 0.368112504 0.012122433 -0.070943691 -0.006619323 0.997384667
1781254300.108002 1.385125518 0.016553959 0.371286988 0.012369017 -0.068545409 -0.006632819 0.997549295
1781254300.141380 1.398648500 0.016720535 0.374834210 0.012557507 -0.066168606 -0.006605777 0.997707605
1781254300.174770 1.412798166 0.018371198 0.378805161 0.013713887 -0.062597632 -0.007004263 0.997920036
1781254300.241549 1.439341784 0.010488185 0.378569424 0.010540240 -0.059142459 -0.007338661 0.998166978
1781254300.308330 1.466419697 0.012933553 0.386256427 0.012154774 -0.051535282 -0.008067139 0.998564661
1781254300.408502 1.509352922 0.012206149 0.392821968 0.012147794 -0.044573188 -0.008252496 0.998898268
1781254300.475285 1.538001895 0.011791442 0.397983223 0.012200726 -0.039879330 -0.008751684 0.999091744
1781254300.542070 1.567746878 0.008601923 0.400775045 0.011029737 -0.035724778 -0.009351444 0.999257088
1781254300.575462 1.581110001 0.009823866 0.403566957 0.011834761 -0.033534065 -0.009410914 0.999323249
1781254300.675641 1.625903010 0.005847778 0.409044176 0.010452596 -0.025489170 -0.009974522 0.999570727
1781254300.709034 1.643368006 0.003542280 0.409004778 0.009759677 -0.025922794 -0.010180227 0.999564528
1781254300.742428 1.656387210 0.007151986 0.415546507 0.011564401 -0.022924962 -0.010835933 0.999611557
1781254300.809218 1.688808918 0.007137850 0.420810997 0.011959529 -0.018428644 -0.011495928 0.999692619
1781254300.876007 1.720394731 0.010551644 0.427998215 0.013659646 -0.015959054 -0.010428387 0.999724984
1781254300.909402 1.733671188 0.004981328 0.424891204 0.011312488 -0.014514670 -0.011074172 0.999769330
1781254300.942798 1.752191305 0.001587625 0.424834400 0.010483379 -0.013797263 -0.011459513 0.999784231
1781254301.009589 1.783679247 0.000548537 0.430374682 0.010608654 -0.009642258 -0.011843360 0.999827087
1781254301.042985 1.798203349 0.004762346 0.436130077 0.012700024 -0.009052970 -0.011145056 0.999816298
1781254301.109779 1.829588056 0.001704310 0.438885957 0.011675586 -0.011250178 -0.010928036 0.999808908
1781254301.143175 1.842869997 -0.003022432 0.439822823 0.009601624 -0.011218717 -0.012824046 0.999808729
1781254301.209926 1.873716831 -0.007874820 0.442749649 0.008543679 -0.008770863 -0.013440744 0.999834776
1781254301.243301 1.885483503 -0.000695314 0.450977176 0.011309680 -0.008665410 -0.012052089 0.999825835
1781254301.276676 1.902963281 -0.004846076 0.452002883 0.009729258 -0.010354086 -0.012646584 0.999819100
1781254301.310052 1.926015258 -0.004532684 0.455422342 0.010527376 -0.012817583 -0.011904430 0.999791563
1781254301.343427 1.935119152 0.000588206 0.461001694 0.012952233 -0.010605229 -0.011470270 0.999794126
1781254301.376802 1.948621988 -0.000136242 0.464198083 0.012684766 -0.012044473 -0.012413907 0.999769986
1781254301.410177 1.965554953 -0.002221072 0.464566469 0.012031985 -0.013824139 -0.011466375 0.999766290
1781254301.443552 1.980387568 -0.002686365 0.466449887 0.012048483 -0.013621676 -0.011657298 0.999766707
1781254301.476928 1.994936705 -0.002595077 0.468737006 0.012069305 -0.012709132 -0.010929449 0.999786735
1781254301.510303 2.009866238 -0.001839048 0.472358346 0.012687618 -0.012279127 -0.011471190 0.999778330
1781254301.543679 2.024040937 -0.000390556 0.476812899 0.013278418 -0.014075201 -0.011605686 0.999745429
1781254301.577054 2.039524794 -0.001562887 0.478495866 0.013017667 -0.013903290 -0.011577157 0.999751627
1781254301.610428 2.055011988 -0.002634972 0.482402951 0.012512647 -0.013185020 -0.011343201 0.999770463
1781254301.677178 2.083399534 -0.002685961 0.489242047 0.012804491 -0.015540924 -0.011103569 0.999735594
1781254301.710553 2.104457617 -0.004886223 0.489102662 0.012128161 -0.017239315 -0.011443494 0.999712408
1781254301.743927 2.120628357 -0.003607720 0.494221538 0.013218189 -0.016995195 -0.011417581 0.999703050
1781254301.777302 2.134025097 -0.005794881 0.495820612 0.012213972 -0.015577723 -0.011170282 0.999741673
1781254301.810677 2.149905443 -0.004013420 0.500047505 0.013107672 -0.016151156 -0.011225011 0.999720693
1781254301.844051 2.166545391 -0.007027418 0.502242804 0.011981814 -0.017575456 -0.011403221 0.999708772
1781254301.910800 2.197548866 -0.010035659 0.507186115 0.011084346 -0.019666370 -0.011852588 0.999674916
1781254301.977549 2.234145641 -0.012354884 0.511701167 0.010291230 -0.021538906 -0.011517544 0.999648750
1781254302.010924 2.241356850 -0.010958023 0.514474392 0.010740145 -0.021495340 -0.010790144 0.999653041
1781254302.077672 2.266025782 -0.009178860 0.521444559 0.012139076 -0.018209416 -0.010597004 0.999704361
1781254302.144421 2.304477692 -0.006778121 0.533323646 0.013830654 -0.023623781 -0.011375958 0.999560595
1781254302.211177 2.330209017 -0.003372658 0.542950749 0.015446246 -0.021432918 -0.011149067 0.999588788
1781254302.244555 2.344978333 -0.012938865 0.534927189 0.011353949 -0.020824529 -0.011162689 0.999656379
1781254302.277932 2.358787298 -0.012939565 0.537226677 0.011601033 -0.021305777 -0.011611636 0.999638259
1781254302.344687 2.387518883 -0.014924424 0.539229453 0.011310799 -0.017531255 -0.011490346 0.999716341
1781254302.444819 2.431441784 -0.017736448 0.543643773 0.011342785 -0.016032910 -0.011823919 0.999737203
1781254302.511574 2.458149195 -0.017432081 0.548273623 0.012012257 -0.012144522 -0.012400604 0.999777198
1781254302.611706 2.499754429 -0.021020379 0.551969945 0.011039110 -0.008108329 -0.012667920 0.999825954
1781254302.711839 2.544071913 -0.022398857 0.557049692 0.011276607 -0.003377151 -0.012637026 0.999850869
1781254302.811971 2.591978550 -0.021763833 0.567634642 0.012742547 0.002359527 -0.012472379 0.999838293
1781254302.912104 2.633378744 -0.021836439 0.572374582 0.013236930 0.009376622 -0.013397586 0.999778688
1781254303.012236 2.672071695 -0.022950992 0.577187121 0.013204288 0.016635457 -0.014048944 0.999675751
1781254303.078991 2.698885441 -0.024434868 0.579027653 0.013609663 0.020580124 -0.014333104 0.999592841
1781254303.179120 2.734610319 -0.023616310 0.584005237 0.015005726 0.025375722 -0.015239225 0.999449253
1781254303.245869 2.757172108 -0.026044426 0.584858656 0.013871297 0.028510885 -0.014493894 0.999392211
1781254303.345993 2.794754505 -0.025434660 0.589209378 0.014751545 0.034460701 -0.015029087 0.999184191
1781254303.446115 2.830975533 -0.023853708 0.594350934 0.015859086 0.041723318 -0.015655689 0.998880684
1781254303.512864 2.854681492 -0.023799602 0.594323575 0.016431665 0.049527761 -0.015638424 0.998515129
1781254303.612987 2.889694929 -0.026998015 0.590538085 0.015647976 0.063307472 -0.016049244 0.997742295
1781254303.713109 2.933894396 -0.034285333 0.582161427 0.012886069 0.077090897 -0.016300980 0.996807516
1781254303.813231 2.970337152 -0.034514796 0.579230070 0.013699155 0.095253386 -0.016118577 0.995228350
1781254303.946725 3.016683102 -0.038180023 0.570260882 0.013677130 0.117607094 -0.017235544 0.992816448
1781254304.013472 3.040012598 -0.039313827 0.563362777 0.013808175 0.127082914 -0.017143890 0.991647840
1781254304.080219 3.061068535 -0.040853899 0.559079647 0.013537473 0.139969453 -0.018202230 0.989895999
1781254304.180345 3.094184875 -0.042556949 0.547027707 0.013870370 0.158992544 -0.018900923 0.987001419
1781254304.213724 3.106565952 -0.041568588 0.544114590 0.014992617 0.165219784 -0.018522557 0.985968888
1781254304.280483 3.125103951 -0.041048747 0.536591113 0.016228795 0.180146828 -0.018027272 0.983340681
1781254304.347243 3.140719891 -0.043344319 0.529749274 0.016283834 0.195177391 -0.019401679 0.980440855
1781254304.414001 3.159713030 -0.040968977 0.522016525 0.018014219 0.207693547 -0.019053176 0.977842450
1781254304.480760 3.178589821 -0.042785823 0.511762857 0.018229749 0.223035067 -0.019122040 0.974452376
1781254304.514139 3.197612047 -0.047753140 0.501899064 0.016814232 0.227296680 -0.019439723 0.973486364
1781254304.547519 3.207324266 -0.050046433 0.495389581 0.016510423 0.234558076 -0.019615658 0.971764028
1781254304.580898 3.214918613 -0.049156349 0.491615355 0.017132143 0.241591752 -0.019950356 0.970021605
1781254304.647657 3.232310534 -0.050651643 0.480057687 0.017508311 0.257749081 -0.020487009 0.965835989
1781254304.681037 3.241164446 -0.053208832 0.472465962 0.016573556 0.264402151 -0.020957211 0.964042366
1781254304.714416 3.247569084 -0.051558383 0.470494777 0.017699255 0.273263603 -0.021460682 0.961536944
1781254304.747795 3.256913662 -0.053079646 0.462666005 0.017599564 0.280673355 -0.021814732 0.959393978
1781254304.814554 3.275453568 -0.054241400 0.449719399 0.017779628 0.295614988 -0.022474099 0.954877317
1781254304.847934 3.281496763 -0.055755503 0.441783696 0.017713055 0.304941356 -0.022662958 0.951936662
1781254304.881314 3.285908461 -0.055907696 0.437741548 0.017640328 0.315127730 -0.022977179 0.948607087
1781254304.914693 3.296266317 -0.056285888 0.430174679 0.017974757 0.323610604 -0.023626821 0.945724547
1781254304.948073 3.304807901 -0.056226827 0.422761023 0.018726801 0.333323628 -0.023002617 0.942345858
1781254304.981452 3.313503265 -0.058945213 0.415102363 0.017874708 0.342789501 -0.023900965 0.938938081
1781254305.048213 3.322459221 -0.056405045 0.405857503 0.019347234 0.362957209 -0.025153087 0.931265354
1781254305.081592 3.331269026 -0.060673356 0.394766629 0.018467871 0.371759325 -0.024958955 0.927809834
1781254305.114972 3.332728863 -0.060923032 0.389465332 0.018234638 0.382580370 -0.026080849 0.923374057
1781254305.148352 3.336322069 -0.058997758 0.387586832 0.019259432 0.393835545 -0.027071973 0.918580294
1781254305.181729 3.348897696 -0.062320821 0.370602548 0.018436963 0.399583280 -0.026352819 0.916132569
1781254305.281861 3.356339455 -0.054093026 0.363116741 0.021556135 0.432762891 -0.028674087 0.900793791
1781254305.315238 3.369292259 -0.057751175 0.342115641 0.020938329 0.440230638 -0.028615054 0.897184432
1781254305.381992 3.377178192 -0.065676421 0.326526284 0.019180443 0.459816247 -0.028478576 0.887350142
1781254305.448747 3.386748791 -0.070579290 0.309903383 0.018725630 0.476732075 -0.028705372 0.878380299
1781254305.515501 3.424665689 -0.059004903 0.279093027 0.022984009 0.485883892 -0.029850241 0.873211086
1781254305.582256 3.418698788 -0.059430595 0.269952297 0.022662528 0.505868971 -0.029683145 0.861801565
1781254305.649010 3.434096336 -0.059559625 0.247290730 0.022899203 0.520816445 -0.031244334 0.852789342
1781254305.682387 3.444372177 -0.052409850 0.242035866 0.025200699 0.528926730 -0.031536669 0.847706914
1781254305.715766 3.434116840 -0.057359904 0.240167379 0.023839395 0.541555226 -0.032139700 0.839712322
1781254305.749143 3.526576996 -0.099054880 0.161629200 0.013915551 0.523288429 -0.032006640 0.851440668
1781254305.782520 3.531183243 -0.100522205 0.152311325 0.013475598 0.531859756 -0.032133564 0.846115291
1781254305.815897 3.537479639 -0.100906104 0.140145302 0.013899363 0.540122628 -0.032740105 0.840834439
1781254305.849275 3.542403936 -0.100050069 0.129745603 0.014586924 0.548580289 -0.033797204 0.835287213
1781254305.882652 3.547065020 -0.098306380 0.119946480 0.015161606 0.557202160 -0.034703236 0.829512894
1781254305.916029 3.553957701 -0.101443037 0.105633736 0.014884048 0.565259874 -0.034853924 0.824041843
1781254305.949406 3.557867765 -0.101851970 0.093870640 0.014592991 0.572778344 -0.035483912 0.818811953
1781254306.016161 3.566935539 -0.104013368 0.068847418 0.014315814 0.589422524 -0.036917135 0.806854010
1781254306.049538 3.572501659 -0.104354918 0.057623625 0.014624942 0.598996043 -0.037882652 0.799721718
1781254306.116292 3.578128576 -0.107272878 0.031845093 0.014346805 0.613864541 -0.038519487 0.788340569
1781254306.149669 3.590100527 -0.091645248 0.019692421 0.019837033 0.620926619 -0.042596065 0.782459140
1781254306.183044 3.591924429 -0.091042541 0.008030891 0.020380747 0.629626691 -0.042972010 0.775440693
1781254306.216418 3.594658375 -0.093714267 -0.004384756 0.019947544 0.637632668 -0.043370411 0.768859982
1781254306.249793 3.595700026 -0.105465412 -0.023723125 0.016559038 0.643766522 -0.042429518 0.763865411
1781254306.283167 3.592559338 -0.108084746 -0.028458118 0.015851531 0.652586937 -0.041443121 0.756413639
1781254306.316541 3.604498148 -0.094970942 -0.046283484 0.020136535 0.659247696 -0.045281768 0.750291049
1781254306.349916 3.605182648 -0.097861610 -0.060844898 0.020018250 0.667758763 -0.045068387 0.742742538
1781254306.383290 3.609412670 -0.094200455 -0.071740866 0.021398146 0.676020026 -0.047162708 0.735061049
1781254306.450039 3.619112253 -0.077957377 -0.101029158 0.026048284 0.689427853 -0.053581152 0.721900105
1781254306.483413 3.618871689 -0.077701375 -0.114094496 0.026810193 0.698012650 -0.054168299 0.713530183
1781254306.683657 3.615437984 -0.079050779 -0.181824684 0.028313801 0.746691883 -0.057013519 0.662117064
1781254306.850526 3.602976799 -0.083157510 -0.247892380 0.028420009 0.783440173 -0.058349065 0.618068993
1781254306.984021 3.586437941 -0.089455247 -0.295106888 0.027430542 0.811603963 -0.058961313 0.580577433
1781254307.084141 3.575290203 -0.090050578 -0.334016800 0.027116109 0.826699913 -0.060051490 0.558771729
1781254307.150889 3.561127901 -0.099861711 -0.348201752 0.025857454 0.840413988 -0.058140092 0.538196564
1781254307.251028 3.553121805 -0.091845453 -0.402380466 0.030828960 0.851218641 -0.057885509 0.520697415
1781254307.317788 3.541206837 -0.093902618 -0.424093723 0.030895751 0.861843169 -0.057643685 0.502940476
1781254307.451307 3.515725613 -0.094920188 -0.465071201 0.031906605 0.880903423 -0.057648603 0.468687415
1781254307.584827 3.489489555 -0.095567554 -0.503997326 0.031910885 0.898745179 -0.058286536 0.433406979
1781254307.684967 3.465141296 -0.098197609 -0.533428669 0.031627011 0.910115004 -0.057915479 0.409067750
1781254307.785108 3.448253870 -0.096312463 -0.551938534 0.032019835 0.920788884 -0.059009649 0.384240091
1781254307.918630 3.411148548 -0.103202015 -0.582440853 0.031280216 0.934781253 -0.057556987 0.349131495
1781254308.018771 3.375566721 -0.101268858 -0.618050575 0.032529384 0.942496002 -0.057822455 0.327566475
1781254308.085531 3.361319304 -0.098758310 -0.638039589 0.033584602 0.948231220 -0.057875484 0.310451418
1781254308.152292 3.344165802 -0.099598795 -0.643762589 0.033278573 0.953674257 -0.058029190 0.293309897
1781254308.185669 3.340410948 -0.098758906 -0.647528172 0.033152904 0.957027435 -0.057897158 0.282218635
1781254308.252423 3.314176083 -0.099260718 -0.669234037 0.033801876 0.961926341 -0.057655580 0.265011549
1781254308.352554 3.285974741 -0.100843668 -0.681507111 0.033750419 0.968840182 -0.056985099 0.238667786
1781254308.385931 3.277342796 -0.100944906 -0.688121080 0.033972550 0.970798135 -0.056918882 0.230558500
1781254308.586193 3.215735912 -0.098796338 -0.716715813 0.034783505 0.981247723 -0.056249999 0.181049690
1781254308.719700 3.177650452 -0.097439587 -0.727885962 0.034717195 0.988088369 -0.055628035 0.139218286
1781254308.786454 3.151916027 -0.094886720 -0.729972839 0.034711570 0.991158605 -0.055623211 0.115351439
1781254308.886585 3.115986109 -0.088986963 -0.741885900 0.034439236 0.994658947 -0.056281816 0.079371527
1781254308.953338 3.086392403 -0.088979647 -0.735505104 0.034837883 0.996342123 -0.055425413 0.054925870
1781254309.053468 3.056801081 -0.086166978 -0.740461111 0.034162458 0.997801602 -0.055244572 0.013154504
1781254309.120222 3.032965899 -0.086626187 -0.735646009 -0.034753621 -0.997855783 0.054202408 0.011756775
1781254309.220354 2.988674879 -0.081139311 -0.736140370 -0.035719961 -0.996828616 0.053730596 0.046581648
1781254309.353861 2.940801620 -0.078312114 -0.726935267 -0.035697222 -0.993835568 0.052853681 0.090681143
1781254309.420615 2.917649508 -0.076029852 -0.721735179 -0.034989171 -0.991858661 0.052430008 0.110649705
1781254309.453992 2.907327652 -0.073598728 -0.719066203 -0.034873642 -0.990508914 0.052512817 0.122141145
1781254309.487369 2.896017551 -0.076248907 -0.713600338 -0.035043489 -0.989282727 0.051104978 0.132211775
1781254309.554123 2.866943598 -0.068767197 -0.712550581 -0.035644352 -0.986758471 0.052101593 0.149407998
1781254309.620877 2.849758863 -0.072491996 -0.699212074 -0.034180734 -0.984208703 0.050167598 0.166277528
1781254309.654254 2.838385105 -0.072079547 -0.695847929 -0.034225404 -0.982516050 0.049837250 0.176088423
1781254309.687631 2.826923609 -0.071841724 -0.690804541 -0.033863198 -0.980919421 0.049726587 0.184871942
1781254309.721008 2.813398838 -0.069285788 -0.688644528 -0.033550143 -0.979879379 0.049784333 0.190347895
1781254309.754385 2.799301147 -0.067285493 -0.684986532 -0.033392072 -0.978735566 0.050136384 0.196081683
1781254309.787761 2.791734219 -0.069222942 -0.676880479 -0.033157587 -0.977235317 0.049293272 0.203671291
1781254309.821138 2.779142380 -0.069105551 -0.673566103 -0.033513930 -0.975821853 0.048530489 0.210459709
1781254309.854515 2.768341303 -0.067392930 -0.669894934 -0.033310536 -0.974438906 0.048824176 0.216738209
1781254309.887892 2.757522345 -0.069077075 -0.659704685 -0.032468274 -0.973090231 0.048032332 0.223011583
1781254309.921270 2.741209745 -0.067032680 -0.656167984 -0.033776611 -0.972557724 0.047910694 0.225156054
1781254309.954647 2.729916811 -0.065966554 -0.653028846 -0.033850662 -0.972054243 0.047461808 0.227403089
1781254309.988024 2.718398094 -0.065662108 -0.650033712 -0.033744797 -0.971535981 0.047521945 0.229610205
1781254310.021401 2.706448078 -0.065748185 -0.645937681 -0.033505198 -0.971367180 0.047200274 0.230424330
1781254310.054777 2.694701195 -0.064605415 -0.643143177 -0.033673737 -0.971318662 0.047071684 0.230630517
1781254310.088154 2.682088375 -0.063267916 -0.641029716 -0.033224080 -0.971265972 0.047409195 0.230848551
1781254310.121531 2.669360638 -0.061669245 -0.640090942 -0.033716612 -0.971350431 0.047509119 0.230400503
1781254310.154908 2.656730652 -0.061641112 -0.634472847 -0.034088090 -0.971477807 0.047358468 0.229839429
1781254310.188287 2.645259857 -0.061039589 -0.634208441 -0.033097364 -0.972088695 0.047458719 0.227367207
1781254310.221667 2.633273363 -0.060121767 -0.630796790 -0.033074014 -0.972649395 0.047126111 0.225029990
1781254310.255046 2.620047808 -0.059682112 -0.627882481 -0.033001613 -0.972990930 0.046887923 0.223609477
1781254310.288425 2.607289553 -0.058562953 -0.626525402 -0.033075318 -0.973187864 0.047577400 0.222593561
1781254310.321804 2.596402168 -0.057205848 -0.625164390 -0.033037256 -0.973715961 0.047523305 0.220289141
1781254310.355183 2.583687305 -0.056638740 -0.621720552 -0.032927234 -0.974028945 0.047498532 0.218923420
1781254310.388562 2.573328018 -0.055951394 -0.619162560 -0.033473935 -0.974236667 0.048026416 0.217797726
1781254310.421942 2.559264660 -0.055030644 -0.615989327 -0.033008251 -0.975027919 0.047481142 0.214421630
1781254310.455321 2.547343016 -0.053862751 -0.613446712 -0.033535112 -0.975344121 0.048321657 0.212707132
1781254310.488700 2.535166740 -0.053294629 -0.611896515 -0.033671871 -0.976045310 0.048203658 0.209471405
1781254310.522080 2.522932291 -0.052567415 -0.613135457 -0.033795539 -0.976634324 0.048535913 0.206609935
1781254310.555459 2.508309364 -0.051821016 -0.610755324 -0.033632863 -0.977742672 0.048779257 0.201267928
1781254310.588838 2.496156693 -0.051952951 -0.608425200 -0.033731218 -0.978726208 0.048351973 0.196518034
1781254310.622219 2.484889746 -0.050913870 -0.608877361 -0.033767615 -0.979204476 0.048393779 0.194104090
1781254310.655598 2.471613169 -0.049338281 -0.608990848 -0.033803578 -0.979878545 0.048874144 0.190543413
1781254310.688977 2.458163738 -0.050547980 -0.605118155 -0.033732384 -0.980781615 0.048363525 0.185985386
1781254310.722357 2.445594549 -0.048530266 -0.606641591 -0.033744287 -0.981638610 0.048825245 0.181282058
1781254310.755736 2.432629108 -0.045818441 -0.605461717 -0.034124210 -0.982329607 0.049484786 0.177243695
1781254310.789116 2.419500589 -0.045194238 -0.604068160 -0.034460705 -0.983158708 0.049645163 0.172472626
1781254310.822495 2.407397270 -0.044641085 -0.604339302 -0.034594662 -0.984058976 0.049686763 0.167219937
1781254310.855875 2.396694422 -0.044423044 -0.607093871 -0.034030672 -0.984935760 0.049923848 0.162021786
1781254310.889254 2.383662939 -0.043581091 -0.606574416 -0.034103405 -0.985793233 0.049730700 0.156766102
1781254310.922634 2.371450901 -0.043576144 -0.606698751 -0.034151599 -0.986403406 0.049769118 0.152856290
1781254310.956013 2.358162880 -0.042306818 -0.605043173 -0.034496021 -0.987037480 0.050207987 0.148480132
1781254310.989393 2.346953869 -0.041863523 -0.608946145 -0.034307495 -0.987761021 0.050038602 0.143691570
1781254311.022773 2.336283445 -0.040557757 -0.609021723 -0.034730848 -0.988470674 0.050155785 0.138578311
1781254311.056152 2.324429750 -0.040536873 -0.609967291 -0.034665182 -0.989084482 0.049868613 0.134251088
1781254311.089531 2.313426256 -0.039253436 -0.612576127 -0.034687605 -0.989658237 0.050515302 0.129698679
1781254311.122911 2.301684618 -0.039124176 -0.613416553 -0.034456149 -0.990407646 0.050410200 0.123952895
1781254311.156291 2.289523840 -0.038544446 -0.615459025 -0.034550104 -0.991091847 0.050385222 0.118341357
1781254311.189666 2.278568745 -0.037726328 -0.617151141 -0.034239598 -0.991670310 0.050767563 0.113315307
1781254311.223042 2.266331673 -0.037824541 -0.617881298 -0.034400556 -0.992270947 0.050640158 0.107937954
1781254311.256418 2.256599188 -0.037209734 -0.621297598 -0.033670839 -0.992642939 0.050689224 0.104675084
1781254311.289793 2.245124340 -0.035945684 -0.623680055 -0.034016956 -0.993101120 0.051293857 0.099810019
1781254311.323170 2.233869553 -0.035938710 -0.625336170 -0.033816401 -0.993761003 0.051070575 0.093205795
1781254311.356546 2.221827030 -0.034245580 -0.629421055 -0.033956259 -0.994307578 0.051449351 0.086905286
1781254311.389921 2.212381601 -0.033657387 -0.632331789 -0.034178123 -0.994742334 0.051877368 0.081414230
1781254311.423297 2.195278645 -0.034239024 -0.631626070 -0.033934638 -0.995234311 0.051314123 0.075657278
1781254311.456672 2.188467979 -0.032335177 -0.638573170 -0.034624040 -0.995409191 0.052117199 0.072426163
1781254311.490048 2.176398516 -0.031785637 -0.641370177 -0.034503244 -0.995805800 0.052498322 0.066515706
1781254311.523423 2.165385246 -0.030771494 -0.645238459 -0.034254484 -0.996220231 0.052593797 0.060048670
1781254311.556799 2.153401375 -0.031633377 -0.646604538 -0.034447905 -0.996527910 0.052286245 0.054879192
1781254311.590174 2.142111301 -0.030448392 -0.651608706 -0.034442890 -0.996744275 0.053039230 0.050014023
1781254311.623550 2.129202127 -0.030882969 -0.654164255 -0.034825355 -0.997024357 0.052623551 0.044277482
1781254311.656925 2.117348194 -0.030637324 -0.657520771 -0.034464698 -0.997257590 0.053002466 0.038475305
1781254311.690301 2.107989311 -0.030102313 -0.662296534 -0.034035906 -0.997466862 0.053093057 0.032903314
1781254311.723676 2.095845222 -0.028698072 -0.666767001 -0.034129344 -0.997643530 0.052992776 0.027098430
1781254311.757052 2.087897778 -0.028309658 -0.671642184 -0.034035143 -0.997737527 0.053432081 0.022506187
1781254311.790427 2.076980591 -0.028241739 -0.675403118 -0.033956930 -0.997846186 0.053381447 0.017331060
1781254311.823802 2.066704512 -0.027246341 -0.681501865 -0.033928633 -0.997906327 0.053706396 0.012146740
1781254311.857178 2.056828260 -0.027067408 -0.687636495 -0.033445675 -0.997986317 0.053545564 0.006126587
1781254311.890553 2.045658112 -0.026657298 -0.692464471 0.033577129 0.997992337 -0.053700272 -0.000391410
1781254311.923929 2.034638405 -0.026987493 -0.697573185 0.033425737 0.997976482 -0.053693082 0.006539521
1781254311.957304 2.025985003 -0.025795564 -0.704819143 0.033538584 0.997874320 -0.054121792 0.013891443
1781254311.990680 2.013511658 -0.026582167 -0.708055198 0.033268802 0.997758389 -0.053745408 0.021975737
1781254312.024056 2.003871441 -0.026294425 -0.715793788 0.033097476 0.997555554 -0.054326896 0.028916296
1781254312.057431 1.996101856 -0.024990723 -0.724330366 0.032922946 0.997306585 -0.054728709 0.036063630
1781254312.090806 1.982603431 -0.026481882 -0.725971937 0.032787345 0.997023284 -0.054262254 0.043876782
1781254312.124182 1.973388314 -0.026452735 -0.732197165 0.033240095 0.996710837 -0.054366685 0.050068635
1781254312.157557 1.962846994 -0.026841208 -0.738090396 0.032710515 0.996311843 -0.054550584 0.057593767
1781254312.190932 1.954554558 -0.025837019 -0.745764732 0.032629225 0.995797634 -0.055219140 0.065370925
1781254312.224308 1.944167852 -0.025709480 -0.753553271 0.033219546 0.995217681 -0.054825462 0.073705167
1781254312.257684 1.933676720 -0.025774613 -0.760373950 0.033092413 0.994638741 -0.055070661 0.081030749
1781254312.291059 1.925153732 -0.025265574 -0.768073797 0.032854017 0.993993342 -0.055537365 0.088394731
1781254312.324435 1.914381385 -0.024992257 -0.775333285 0.032827739 0.993243933 -0.055638026 0.096402228
1781254312.357810 1.903956890 -0.025575593 -0.782280445 0.032869611 0.992547870 -0.055239741 0.103522666
1781254312.391186 1.893928528 -0.025186896 -0.788170695 0.032747455 0.991717339 -0.055684187 0.111011863
1781254312.424561 1.885924578 -0.024704441 -0.796323538 0.032733101 0.990885198 -0.055960480 0.118082739
1781254312.491312 1.867030382 -0.024493605 -0.811310172 0.032323074 0.988873243 -0.056686014 0.133685008
1781254312.524688 1.858619571 -0.023942605 -0.819688678 0.032448851 0.987787366 -0.056557640 0.141507983
1781254312.558063 1.851060867 -0.023962379 -0.828000546 0.032948211 0.986925960 -0.056587946 0.147273228
1781254312.624814 1.830650449 -0.024031639 -0.844088078 0.032357752 0.984269679 -0.057301365 0.163959891
1781254312.691565 1.813023329 -0.024629235 -0.860956073 0.032531388 0.981894672 -0.057220016 0.177624270
1781254312.724941 1.804258466 -0.023746163 -0.869103074 0.032461133 0.980633676 -0.057472572 0.184393182
1781254312.758316 1.795467377 -0.025120333 -0.876944184 0.032576874 0.979429364 -0.057259560 0.190730661
1781254312.825067 1.777980089 -0.023736656 -0.894460440 0.032385111 0.976826549 -0.057821803 0.203513518
1781254312.858442 1.769366026 -0.023535967 -0.904384375 0.032578386 0.975638390 -0.057959456 0.209067330
1781254312.891818 1.759277344 -0.023282453 -0.913770914 0.032967553 0.974305689 -0.057984903 0.215126574
1781254312.925193 1.748585820 -0.023317173 -0.921193123 0.032776520 0.972873390 -0.058219917 0.221480504
1781254312.958568 1.741984010 -0.023390666 -0.930987835 0.032511350 0.971816838 -0.058025807 0.226159558
1781254312.991943 1.733160734 -0.023070782 -0.940210581 0.032214992 0.970670760 -0.058303811 0.231000394
1781254313.025319 1.723517299 -0.023902446 -0.949663639 0.032391701 0.969411790 -0.058193006 0.236231357
1781254313.058694 1.717164159 -0.022271395 -0.957445145 0.031858832 0.968262196 -0.058288310 0.240947843
1781254313.092069 1.706931949 -0.024955392 -0.964828730 0.032477062 0.967204452 -0.057322200 0.245305911
1781254313.125444 1.699300170 -0.025780886 -0.974030972 0.032031398 0.966103494 -0.057638198 0.249591440
1781254313.158819 1.691528082 -0.025049582 -0.983390808 0.032351680 0.964702010 -0.057471186 0.254951805
1781254313.192196 1.681930304 -0.025335088 -0.993791819 0.032448750 0.963445663 -0.057179958 0.259711623
1781254313.225573 1.673256040 -0.026231840 -1.004070282 0.032321785 0.962252617 -0.057306506 0.264085740
1781254313.258950 1.670114756 -0.024972826 -1.013550997 0.032069612 0.960958123 -0.057763137 0.268690497
1781254313.292327 1.663665056 -0.024636388 -1.023792982 0.032221876 0.959330797 -0.057731118 0.274432927
1781254313.325704 1.654953003 -0.025839269 -1.034132242 0.032157328 0.957467139 -0.057602078 0.280899644
1781254313.359081 1.647619128 -0.026835740 -1.044840097 0.032238133 0.955802739 -0.057201710 0.286582917
1781254313.392458 1.641940594 -0.026634291 -1.054741383 0.032238122 0.954213500 -0.057452507 0.291781873
1781254313.425836 1.634842157 -0.027138293 -1.062528372 0.032027170 0.952519655 -0.057259232 0.297324717
1781254313.459213 1.626946807 -0.027249768 -1.073813915 0.032139756 0.950737715 -0.057221353 0.302969813
1781254313.492590 1.620043516 -0.027447343 -1.083756208 0.032320429 0.948943794 -0.057156742 0.308535576
1781254313.559344 1.608485818 -0.027421474 -1.106441975 0.031706963 0.945103705 -0.057052091 0.320185602
1781254313.592721 1.603110313 -0.027731374 -1.116415501 0.031816702 0.943465114 -0.057045799 0.324972630
1781254313.626097 1.596801758 -0.028275594 -1.128613710 0.031731095 0.941227794 -0.057024613 0.331408709
1781254313.659474 1.590574503 -0.028573900 -1.140032053 0.031577460 0.939273477 -0.056657955 0.336983889
1781254313.692851 1.584991932 -0.028632551 -1.150766611 0.031581141 0.937593877 -0.056742381 0.341614932
1781254313.726228 1.580623031 -0.028852880 -1.161061049 0.031180633 0.935554147 -0.057013571 0.347153872
1781254313.759605 1.574506402 -0.030058518 -1.172770023 0.030943349 0.933368862 -0.056619495 0.353071272
1781254313.792982 1.570865035 -0.029778153 -1.182901144 0.030958271 0.931524336 -0.056346919 0.357951283
1781254313.826359 1.566927791 -0.029955328 -1.194105864 0.030949429 0.929193437 -0.056845367 0.363882363
1781254313.893113 1.558854818 -0.031469926 -1.215991974 0.030452617 0.923630714 -0.056138102 0.377925396
1781254313.926489 1.556104660 -0.030779451 -1.226628542 0.030683922 0.921190619 -0.056666695 0.383738607
1781254313.959866 1.556937218 -0.031260893 -1.234640360 0.030181892 0.918995738 -0.056625612 0.389010906
1781254313.993243 1.550114870 -0.031799048 -1.245333910 0.030330593 0.915834129 -0.056250580 0.396438926
1781254314.026620 1.549825191 -0.032655105 -1.257176161 0.029689355 0.913222373 -0.056617863 0.402415097
1781254314.059997 1.543379903 -0.033686802 -1.266545296 0.030276090 0.910397530 -0.055950053 0.408814669
1781254314.093374 1.540704966 -0.033179760 -1.277338266 0.029892320 0.907677650 -0.056001585 0.414839268
1781254314.126751 1.539170265 -0.033919424 -1.286823750 0.030002000 0.905390680 -0.055972621 0.419803143
1781254314.160128 1.538918018 -0.033798233 -1.294326901 0.029900046 0.902823806 -0.056522202 0.425229907
1781254314.193504 1.535288692 -0.034139127 -1.305579901 0.029490629 0.899544239 -0.056307688 0.432180524
1781254314.226880 1.533120990 -0.036082923 -1.314365268 0.029388171 0.897239983 -0.055818178 0.437013924
1781254314.260257 1.530585766 -0.035646960 -1.323759556 0.029429277 0.894895911 -0.056278117 0.441732913
1781254314.293633 1.529950619 -0.035671219 -1.330992222 0.029285120 0.892506599 -0.056190539 0.446561277
1781254314.327009 1.528039575 -0.037138626 -1.341559649 0.028805014 0.889819026 -0.056467231 0.451889247
1781254314.360385 1.527868986 -0.035988659 -1.351988912 0.029003203 0.887212753 -0.056692086 0.456944734
1781254314.393761 1.523821473 -0.038378820 -1.358565331 0.028947480 0.884762287 -0.055946060 0.461766034
1781254314.427137 1.524329662 -0.039025635 -1.374168158 0.029384665 0.881954849 -0.055882156 0.467086047
1781254314.460514 1.522247076 -0.037443206 -1.378329515 0.029106501 0.879497349 -0.056373253 0.471655995
1781254314.493890 1.520904064 -0.040910795 -1.383833170 0.028852889 0.876516521 -0.055814657 0.477253735
1781254314.527266 1.516310930 -0.040304393 -1.405897379 0.029200774 0.871888816 -0.055627283 0.485657215
1781254314.560642 1.517575502 -0.040532187 -1.408542037 0.029413577 0.869898319 -0.055811286 0.489179909
1781254314.594018 1.519490838 -0.045283049 -1.414872169 0.028661100 0.867743194 -0.055119500 0.493114859
1781254314.627394 1.519958496 -0.041738331 -1.428658485 0.028320318 0.863990903 -0.056219470 0.499556929
1781254314.660770 1.522365689 -0.037520245 -1.444900990 0.028967718 0.860734105 -0.057032242 0.505019784
1781254314.694146 1.522202969 -0.037546486 -1.455237269 0.028757878 0.857873023 -0.057261974 0.509851038
1781254314.727522 1.523489714 -0.037999004 -1.465560317 0.028760491 0.855166018 -0.057234131 0.514381468
1781254314.760898 1.523086309 -0.038630858 -1.476061702 0.028899480 0.852420568 -0.057050221 0.518931031
1781254314.794275 1.523191810 -0.039759874 -1.484050035 0.028748060 0.849766791 -0.056758437 0.523305297
1781254314.827652 1.522586942 -0.039330170 -1.495593786 0.028561009 0.847197652 -0.057018846 0.527436614
1781254314.861028 1.521800518 -0.040404968 -1.506043792 0.028503817 0.845043957 -0.056886688 0.530897558
1781254314.894404 1.520672441 -0.040355958 -1.516244650 0.029043591 0.843682885 -0.056847122 0.533033013
1781254314.927780 1.520609617 -0.041363433 -1.526176572 0.028409714 0.842124760 -0.056953888 0.535513818
1781254314.961156 1.518687248 -0.041760258 -1.538374066 0.028462751 0.840656579 -0.056472830 0.537863672
1781254314.994532 1.519659996 -0.041775830 -1.549171805 0.028524309 0.839808941 -0.056936897 0.539134085
1781254315.027908 1.515891433 -0.043305136 -1.559462309 0.028679851 0.838641822 -0.056596238 0.540975273
1781254315.061284 1.514828563 -0.043851048 -1.571315408 0.028922128 0.837522984 -0.056142479 0.542740107
1781254315.094660 1.511205673 -0.045540839 -1.580772161 0.028174767 0.837000072 -0.056346532 0.543564320
1781254315.128036 1.507990956 -0.047077313 -1.590413332 0.028422210 0.836934805 -0.055883605 0.543699801
1781254315.161412 1.507713556 -0.045118667 -1.602264762 0.028276181 0.836680412 -0.056699626 0.544014215
1781254315.194788 1.506422520 -0.047093898 -1.614094377 0.028451292 0.836390257 -0.056152519 0.544507921
1781254315.228164 1.503838539 -0.048575252 -1.624225855 0.027733162 0.836130440 -0.056213848 0.544937372
1781254315.261540 1.503165960 -0.047404774 -1.637979150 0.028197166 0.836162984 -0.056313597 0.544853449
1781254315.294916 1.504736543 -0.046491176 -1.650912523 0.027940070 0.836453080 -0.056799266 0.544370711
1781254315.328292 1.501665354 -0.048854560 -1.662892103 0.028105507 0.837138772 -0.056370698 0.543351829
1781254315.395044 1.497849822 -0.049895532 -1.684846878 0.027727904 0.838047028 -0.056419786 0.541964233
1781254315.428420 1.495863318 -0.051548839 -1.697825789 0.028307615 0.839510024 -0.055969313 0.539711952
1781254315.528548 1.489908695 -0.052178584 -1.725626945 0.027769467 0.842558026 -0.056968484 0.534863949
1781254315.595300 1.489598751 -0.053427659 -1.737914681 0.028058901 0.843328536 -0.056576766 0.533674896
1781254315.662052 1.488958240 -0.053438753 -1.744025946 0.028206820 0.843650520 -0.056435436 0.533172846
1781254315.695428 1.493008494 -0.053980544 -1.753385901 0.028341984 0.842939913 -0.056442514 0.534287691
1781254315.762180 1.493153572 -0.053481504 -1.751397848 0.028393336 0.843344450 -0.056529611 0.533637047
1781254315.862307 1.491428018 -0.052087173 -1.749077320 0.028056040 0.843766451 -0.056962941 0.532941282
1781254315.929059 1.487557292 -0.055099748 -1.746672750 0.028057218 0.844251454 -0.056182913 0.532255471
1781254315.962435 1.489285707 -0.053049132 -1.747696638 0.028190657 0.844079912 -0.056592647 0.532477021
1781254316.095938 1.492314935 -0.053655691 -1.749374032 0.027931841 0.843758702 -0.056330524 0.533027232
1781254316.196065 1.492097378 -0.053638346 -1.751212001 0.027719151 0.843202472 -0.056605991 0.533888698
1781254316.296191 1.490742445 -0.055481985 -1.750043154 0.027291710 0.843083799 -0.056359816 0.534124076
1781254316.362940 1.486135244 -0.055469468 -1.749697328 0.027640056 0.842720509 -0.055940762 0.534723163
1781254316.396315 1.491008043 -0.055133045 -1.751937151 0.027672358 0.842569172 -0.056298871 0.534922302
1781254316.563189 1.488426328 -0.053856492 -1.755715489 0.027603412 0.843344510 -0.056227781 0.533710241
1781254316.596564 1.487308025 -0.054783985 -1.757434964 0.027468091 0.843721986 -0.056206591 0.533122480
1781254316.629939 1.486151338 -0.055681676 -1.763517618 0.027773732 0.843970716 -0.055942353 0.532740593
1781254316.663313 1.485314012 -0.056247666 -1.765112996 0.027824225 0.844156861 -0.055749018 0.532463312
1781254316.796813 1.483968377 -0.056912497 -1.767934918 0.027663399 0.845097125 -0.055543218 0.530999601
1781254316.863562 1.483583331 -0.056234956 -1.769889116 0.027572179 0.845552146 -0.055956796 0.530236006
1781254316.896936 1.483843803 -0.056369476 -1.771777272 0.027824199 0.845535696 -0.055773981 0.530268312
1781254316.963687 1.483672857 -0.056350037 -1.776329160 0.028017201 0.845407009 -0.055740502 0.530466795
1781254317.030436 1.482528210 -0.057002604 -1.778510451 0.027867662 0.845953584 -0.055792443 0.529597282
1781254317.097186 1.481724620 -0.057176724 -1.784869313 0.027859271 0.846299589 -0.055726323 0.529051423
1781254317.163935 1.481214166 -0.057329074 -1.790808439 0.027786713 0.846908569 -0.055883840 0.528063238
1781254317.230690 1.479109049 -0.056092799 -1.795613885 0.027661199 0.847988069 -0.056263268 0.526294291
1781254317.297445 1.476538777 -0.057152979 -1.801569819 0.027680710 0.849525273 -0.056033902 0.523832798
1781254317.330823 1.474853992 -0.057552144 -1.804334998 0.027588254 0.850261211 -0.056134157 0.522631645
1781254317.464334 1.468177438 -0.056789920 -1.815038323 0.027702320 0.853627086 -0.056481130 0.517071903
1781254317.497711 1.467714906 -0.057652391 -1.816508174 0.027788406 0.854791701 -0.055978417 0.515194476
1781254317.531089 1.465316057 -0.057742499 -1.818390965 0.027889371 0.855673492 -0.056030072 0.513717651
1781254317.564467 1.464658737 -0.056961887 -1.822858095 0.027849389 0.856338263 -0.056447100 0.512565076
1781254317.631223 1.462209105 -0.057951622 -1.823100567 0.027142812 0.856728911 -0.057447456 0.511838615
1781254317.664601 1.460246325 -0.057932869 -1.827405810 0.026971590 0.857513964 -0.057641167 0.510509431
1781254317.697979 1.457749009 -0.058687627 -1.829752564 0.026841201 0.859189034 -0.057565760 0.507700741
1781254317.831490 1.436960459 -0.061038516 -1.841607213 0.030019831 0.873101234 -0.053770106 0.483634055
1781254317.965000 1.410104752 -0.051637962 -1.858581424 0.029157968 0.894166172 -0.057793655 0.443031251
1781254318.065134 1.387833834 -0.051725596 -1.882586479 0.029552422 0.907890737 -0.057871725 0.414140135
1781254318.165267 1.377939463 -0.051159531 -1.900013208 0.029423395 0.921808481 -0.058735158 0.382038832
1781254318.232016 1.374898911 -0.049523622 -1.913002491 0.029247351 0.930200398 -0.060018025 0.360929072
1781254318.332141 1.345502734 -0.050809115 -1.930133820 0.029595017 0.940949738 -0.059671257 0.331929564
1781254318.432265 1.324043632 -0.049728885 -1.943848372 0.029072998 0.951634884 -0.059785090 0.299952716
1781254318.499014 1.297687054 -0.049469650 -1.953167677 0.029529270 0.957918465 -0.059612423 0.279225111
1781254318.565764 1.283479929 -0.052427322 -1.954336166 0.028448287 0.964511454 -0.058904752 0.255809665
1781254318.632513 1.263828635 -0.053949565 -1.957601786 0.028136995 0.970241249 -0.058335971 0.233317763
1781254318.766011 1.226909399 -0.052674204 -1.973961353 0.027651180 0.979310215 -0.058853742 0.191633180
1781254318.832760 1.204305649 -0.054005429 -1.973655462 0.026810372 0.982979536 -0.058251053 0.172160536
1781254318.932883 1.174631596 -0.051663190 -1.983548403 0.026584178 0.987930954 -0.058445215 0.140960619
1781254318.999632 1.147839308 -0.052429587 -1.981347084 0.027210172 0.990953326 -0.057836015 0.118009493
1781254319.033007 1.141659260 -0.050443113 -1.981593132 0.026664404 0.992363036 -0.058424424 0.105314746
1781254319.066382 1.133893251 -0.049779296 -1.981199265 0.026043015 0.993595123 -0.058539696 0.093078762
1781254319.133130 1.109732032 -0.041752994 -1.982095003 0.025973765 0.995169282 -0.060056608 0.073189437
1781254319.166505 1.096515417 -0.048498228 -1.982069731 0.026211066 0.996208787 -0.058128666 0.059178863
1781254319.233252 1.079784155 -0.036493838 -1.991801262 0.022709360 0.997186899 -0.061591636 0.036180802
1781254319.266625 1.084373474 -0.024706542 -1.997564793 0.023390431 0.997445524 -0.063990615 0.021461310
1781254319.299999 1.055282712 -0.036494404 -1.984144449 0.025722498 0.997769654 -0.060230162 0.012903028
1781254319.333372 1.045273304 -0.038901210 -1.981934786 0.025852323 0.997893333 -0.059500564 0.000483499
1781254319.366745 1.028561473 -0.034420192 -1.983404636 -0.025439639 -0.997805238 0.060342319 0.009812938
1781254319.433492 1.019379258 -0.021227688 -1.983749270 -0.025246834 -0.997104526 0.062968746 0.034353886
1781254319.466866 1.025501609 -0.021753162 -1.979252815 -0.026020085 -0.996512234 0.062350005 0.048978735
1781254319.533612 0.986681819 -0.026165098 -1.973583579 -0.025984993 -0.995621204 0.060587980 0.066274390
1781254319.566985 0.974972725 -0.032181770 -1.959388614 -0.026351919 -0.994974792 0.058782965 0.076650724
1781254319.600359 0.946418047 -0.032577842 -1.961815715 -0.025773641 -0.994501531 0.058086060 0.083238423
1781254319.633732 0.956207395 -0.021622330 -1.966887951 -0.028127477 -0.993140817 0.059534919 0.096621946
1781254319.667105 0.945510387 -0.021209419 -1.963883996 -0.028563540 -0.992202580 0.059171379 0.105910636
1781254319.733852 0.921955466 -0.019298553 -1.956851602 -0.028392468 -0.990242064 0.059120484 0.122960851
1781254319.767225 0.909510732 -0.019276112 -1.951848030 -0.028974237 -0.989256144 0.058441658 0.130833253
1781254319.833972 0.886254668 -0.017020851 -1.944276571 -0.027676858 -0.987294078 0.058767289 0.145019934
1781254319.900717 0.865376353 -0.016165629 -1.933818340 -0.026989760 -0.985311806 0.058065541 0.158305675
1781254320.000836 0.827973127 -0.013775826 -1.919655561 -0.027595373 -0.982258737 0.057818323 0.176248208
1781254320.034209 0.811922789 -0.013070121 -1.914225340 -0.028655181 -0.981497049 0.057319798 0.180435091
1781254320.100955 0.789922476 -0.010435730 -1.904066324 -0.028660689 -0.979146063 0.057428628 0.192752689
1781254320.267820 0.734194517 -0.005613938 -1.877400637 -0.028069571 -0.973492503 0.057167511 0.219673574
1781254320.367939 0.698585033 -0.000253171 -1.858750343 -0.029277237 -0.970574617 0.058317579 0.231790423
1781254320.401312 0.688645840 -0.000989377 -1.853458643 -0.028075501 -0.969673455 0.057153843 0.235963225
1781254320.568177 0.628306150 0.009351999 -1.830896616 -0.028814288 -0.966021180 0.058753457 0.250041902
1781254320.634922 0.609175920 0.007186383 -1.815975666 -0.027444365 -0.964625359 0.056566335 0.256017774
1781254320.668295 0.599111795 0.009575903 -1.815200329 -0.027306587 -0.963668287 0.056957603 0.259525806
1781254320.701668 0.581845284 0.007114023 -1.802971005 -0.028461965 -0.963974595 0.056256425 0.258414745
1781254320.768413 0.578246355 0.005098373 -1.793761611 -0.029352915 -0.961799800 0.054532290 0.266656727
1781254320.801785 0.559760094 0.003980309 -1.784997106 -0.029355103 -0.961758256 0.053668018 0.266981483
1781254320.835158 0.539803982 -0.000751957 -1.772788525 -0.028884867 -0.962154031 0.051759779 0.265981764
1781254320.868531 0.526259780 0.000215501 -1.765988111 -0.028735677 -0.961564541 0.051412739 0.268187612
1781254320.935276 0.501891732 0.002162337 -1.755699158 -0.028528947 -0.960676372 0.051271867 0.271400690
1781254320.968648 0.489208341 0.001856580 -1.747509480 -0.028308880 -0.959955931 0.050396852 0.274122864
1781254321.002021 0.473525882 0.004985049 -1.743686438 -0.028489806 -0.959159255 0.051428836 0.276689380
1781254321.102138 0.436514497 0.007242292 -1.722791195 -0.028713621 -0.958029091 0.050943028 0.280643433
1781254321.168884 0.409798026 0.009703934 -1.712000847 -0.028575845 -0.956479073 0.051263448 0.285837859
1781254321.235635 0.384580851 0.009241194 -1.696776867 -0.029561276 -0.955358267 0.050086536 0.289669156
1781254321.269010 0.368728876 0.011568412 -1.690667748 -0.029407261 -0.954292774 0.050878875 0.293039083
1781254321.302385 0.354534864 0.014621586 -1.687139392 -0.028000638 -0.953676522 0.051600486 0.295050055
1781254321.335760 0.343997002 0.012690663 -1.679706812 -0.029426323 -0.953140914 0.050596885 0.296810478
1781254321.402510 0.315049529 0.015610591 -1.666230440 -0.029188931 -0.951284587 0.050794072 0.302697182
1781254321.469260 0.289030313 0.016939014 -1.651679754 -0.029435899 -0.949216902 0.050823517 0.309092015
1781254321.536010 0.259707808 0.022894755 -1.643570781 -0.028943088 -0.946779668 0.051921573 0.316346020
1781254321.569385 0.248506665 0.021010876 -1.632101059 -0.030138230 -0.945600271 0.050865985 0.319913328
1781254321.636135 0.223306417 0.022647589 -1.618169427 -0.029175201 -0.942088008 0.050345849 0.330279171
1781254321.702885 0.199677706 0.024482802 -1.596331000 -0.029279137 -0.938804686 0.049840238 0.339565128
1781254321.736260 0.187475801 0.030496687 -1.597949982 -0.027991207 -0.936070085 0.051438093 0.346905708
1781254321.769635 0.172169685 0.032081529 -1.588064432 -0.030142985 -0.934630871 0.051647902 0.350555390
1781254321.803010 0.165481448 0.029343337 -1.581657171 -0.029217957 -0.932535410 0.050361536 0.356353521
1781254321.836386 0.154645681 0.028723478 -1.571878433 -0.028937632 -0.931174457 0.049242526 0.360072285
1781254321.869761 0.140500426 0.027414501 -1.553087831 -0.029492669 -0.929963768 0.047868617 0.363326579
1781254321.903136 0.126161814 0.029176712 -1.543431878 -0.029146055 -0.928237081 0.047663461 0.367769867
1781254321.936511 0.116170883 0.030023471 -1.535958767 -0.029018924 -0.925872624 0.047689762 0.373688996
1781254321.969886 0.106907606 0.030441746 -1.528060198 -0.028524447 -0.924266815 0.047212034 0.377741069
1781254322.036635 0.088341475 0.032089964 -1.513712049 -0.028385667 -0.920201361 0.046447154 0.387642205
1781254322.103385 0.069857955 0.033447564 -1.499487162 -0.027990848 -0.915552676 0.046103686 0.398565412
1781254322.136760 0.061294675 0.034047455 -1.491317749 -0.028147981 -0.913343251 0.045648687 0.403643399
1781254322.236884 0.034162760 0.033037722 -1.464355230 -0.027640877 -0.905858040 0.043425221 0.420442045
1781254322.303633 0.020264149 0.034738518 -1.450116038 -0.026998719 -0.898456991 0.042776417 0.436137974
1781254322.437131 -0.014108300 0.041839965 -1.419625521 -0.025762377 -0.884622455 0.042496223 0.463652402
1781254322.470506 -0.019320726 0.042744264 -1.415363550 -0.026109066 -0.880309820 0.042091899 0.471806467
1781254322.503880 -0.023284316 0.041949473 -1.408276916 -0.025563885 -0.876309574 0.040968303 0.479322076
1781254322.537256 -0.028066993 0.041129649 -1.401119828 -0.025406180 -0.872115374 0.040285978 0.486976802
1781254322.570630 -0.034723639 0.045730546 -1.396795273 -0.024904706 -0.867251217 0.041225139 0.495535672
1781254322.604005 -0.043555856 0.051340289 -1.389859915 -0.024379671 -0.863416314 0.041800808 0.502165973
1781254322.670753 -0.052050710 0.046638049 -1.368625402 -0.024166998 -0.853328228 0.038890295 0.519359767
1781254322.704128 -0.059021592 0.054439157 -1.371496201 -0.023010423 -0.847853005 0.040310334 0.528195918
1781254322.737502 -0.061149836 0.056716040 -1.365389705 -0.023804076 -0.841745436 0.040470414 0.537829220
1781254322.770877 -0.065916657 0.056750461 -1.357132196 -0.022588069 -0.835571527 0.039669305 0.547481894
1781254322.804251 -0.068354845 0.056383513 -1.347929478 -0.022613479 -0.829912186 0.038819924 0.556082189
1781254322.837626 -0.067771673 0.057056054 -1.341390491 -0.021525443 -0.822929204 0.038208965 0.566448927
1781254322.871000 -0.070798397 0.056536943 -1.329788923 -0.022182360 -0.816412091 0.037725214 0.575809121
1781254322.904374 -0.071793318 0.056007475 -1.321987510 -0.021714114 -0.808863878 0.036544155 0.586457431
1781254322.937748 -0.074293375 0.057375550 -1.311128139 -0.020725682 -0.801952541 0.035687778 0.595960617
1781254322.971123 -0.073137522 0.053287379 -1.297321558 -0.021356197 -0.794508100 0.033599645 0.605947137
1781254323.004497 -0.072748303 0.053804882 -1.286807656 -0.021881374 -0.785904586 0.033690345 0.617041409
1781254323.037871 -0.098365545 0.065185986 -1.262998700 -0.021929068 -0.783429325 0.036193240 0.620038450
1781254323.071246 -0.097710252 0.066215344 -1.255530000 -0.021796480 -0.774837971 0.035512011 0.630785286
1781254323.104620 -0.096664667 0.065922171 -1.245434880 -0.021448983 -0.765714049 0.034802467 0.641880691
1781254323.137994 -0.095384121 0.065931156 -1.235065222 -0.021036822 -0.757555187 0.033955574 0.651547909
1781254323.171368 -0.095433831 0.067376643 -1.226197243 -0.020803096 -0.749825537 0.033418559 0.660463572
1781254323.204746 -0.093890548 0.067959286 -1.217364311 -0.020094793 -0.739993572 0.032525089 0.671526551
1781254323.338258 -0.085110903 0.068632230 -1.178916931 -0.019570323 -0.699790418 0.028943883 0.713493228
1781254323.371635 -0.180652857 0.088247254 -1.253593326 -0.022071877 -0.658786297 0.032950297 0.751284063
1781254323.405013 -0.175275922 0.088866636 -1.242105246 -0.021636376 -0.646234155 0.032177318 0.762153447
1781254323.438390 -0.170632720 0.088918827 -1.233578682 -0.021426219 -0.633619368 0.031265296 0.772715926
1781254323.471768 -0.163901746 0.086941607 -1.222886682 -0.021719355 -0.622714937 0.029869189 0.781576812
1781254323.505146 -0.160026014 0.088654622 -1.214042664 -0.021414388 -0.611257792 0.029117743 0.790605843
1781254323.538523 -0.153042614 0.088383824 -1.203542590 -0.021346977 -0.599134326 0.028731616 0.799848080
1781254323.571901 -0.148219764 0.092314102 -1.194783568 -0.020071393 -0.586777806 0.028163591 0.809009194
1781254323.638656 -0.132717907 0.089436233 -1.170817137 -0.020417726 -0.563148320 0.025999524 0.825694382
1781254323.672035 -0.125465155 0.091654062 -1.165509582 -0.019371944 -0.550459802 0.025263986 0.834254444
1781254323.705412 -0.118392706 0.089627773 -1.155903101 -0.019860359 -0.539480984 0.024240814 0.841414452
1781254323.738790 -0.110675871 0.091970652 -1.144804597 -0.019398874 -0.528262794 0.023435030 0.848535717
1781254323.772168 -0.105628192 0.092138290 -1.136065722 -0.018863518 -0.516663790 0.022687731 0.855679870
1781254323.805545 -0.095240295 0.089069866 -1.127999902 -0.019182542 -0.504096508 0.021413155 0.863168776
1781254323.838923 -0.090970397 0.088950127 -1.124094605 -0.019004704 -0.490964264 0.020674134 0.870727062
1781254323.872301 -0.082524836 0.088622019 -1.111576438 -0.019300444 -0.480818748 0.020604124 0.876365364
1781254323.905679 -0.067508608 0.095590524 -1.082835674 -0.018502872 -0.474541336 0.020901734 0.879790545
1781254323.939058 -0.059735447 0.094748102 -1.076618075 -0.018352533 -0.462386817 0.019979389 0.886263251
1781254323.972435 -0.049620271 0.095474415 -1.067323923 -0.018203529 -0.452873766 0.019354869 0.891178668
1781254324.005813 -0.040772289 0.097353809 -1.060241580 -0.017023548 -0.442903847 0.018503560 0.896216571
1781254324.039191 -0.031831145 0.096772924 -1.051974893 -0.017083831 -0.432713985 0.017932491 0.901190996
1781254324.072569 -0.023169905 0.096601948 -1.046764731 -0.016705539 -0.421870619 0.017072812 0.906341374
1781254324.105947 -0.011439294 0.098963819 -1.033939600 -0.016002119 -0.413880318 0.016641967 0.910038531
1781254324.139325 -0.003476232 0.099655919 -1.028233051 -0.015905935 -0.405803293 0.016310286 0.913676441
1781254324.172703 0.007968724 0.097411305 -1.022007227 -0.016389068 -0.398327172 0.015741572 0.916961849
1781254324.206078 0.021752924 0.097748064 -1.009865403 -0.016387306 -0.391464382 0.015714116 0.919913113
1781254324.239454 0.030584425 0.099762090 -0.999812603 -0.015750658 -0.383996129 0.015076480 0.923077285
1781254324.272830 0.041349187 0.094480045 -0.997128844 -0.016918618 -0.373968244 0.014368062 0.927175939
1781254324.306205 0.054579295 0.097657405 -0.988984227 -0.016234530 -0.366667539 0.014168755 0.930102468
1781254324.339581 0.066475317 0.099026322 -0.978369117 -0.014945567 -0.361562610 0.012580397 0.932143152
1781254324.372956 0.066985242 0.108668745 -0.962339759 -0.013243118 -0.355643839 0.013628270 0.934428394
1781254324.406332 0.078584924 0.113675825 -0.953085184 -0.011815007 -0.347026110 0.012496511 0.937697768
1781254324.439708 0.096912764 0.099858113 -0.957681835 -0.014551502 -0.338393003 0.011594306 0.940820932
1781254324.473083 0.115225509 0.091959119 -0.948923409 -0.016435212 -0.333419174 0.010974715 0.942571521
1781254324.539834 0.135532200 0.093814395 -0.934147716 -0.015657047 -0.322370917 0.010016344 0.946430981
1781254324.606586 0.159200802 0.107195653 -0.903544307 -0.012541115 -0.315928578 0.009579237 0.948651731
1781254324.639962 0.170601353 0.106819153 -0.898866713 -0.012255518 -0.309164941 0.009240363 0.950884581
1781254324.673338 0.182344615 0.105932713 -0.892656863 -0.012528136 -0.303544313 0.008411864 0.952697873
1781254324.740089 0.202254266 0.107778691 -0.877652526 -0.011774327 -0.296555936 0.007834547 0.954910815
1781254324.773464 0.212140277 0.106545970 -0.875305712 -0.011923407 -0.290608287 0.007423353 0.956739008
1781254324.806840 0.222532243 0.106388420 -0.869301558 -0.012146749 -0.285553634 0.007119115 0.958259284
1781254324.873591 0.244363427 0.106386028 -0.857458174 -0.011656644 -0.278206766 0.006689953 0.960427165
1781254324.940342 0.264248729 0.108391851 -0.844239354 -0.011155870 -0.270700634 0.005949304 0.962580562
1781254324.973718 0.274160147 0.107518956 -0.840717375 -0.010972657 -0.266425103 0.005714840 0.963776231
1781254325.040469 0.293090701 0.108614542 -0.832301795 -0.010558834 -0.258901268 0.005076681 0.965832770
1781254325.073844 0.305095404 0.111596413 -0.822785139 -0.009331387 -0.256646544 0.004909310 0.966447830
1781254325.107220 0.312669516 0.108596697 -0.821606278 -0.010612703 -0.254002303 0.004428865 0.967135310
1781254325.173971 0.329713494 0.108457007 -0.813342512 -0.010335232 -0.246005192 0.004238446 0.969204187
1781254325.207349 0.337156296 0.108197205 -0.808762431 -0.010121801 -0.242402852 0.003953896 0.970114887
1781254325.274104 0.355377018 0.105027497 -0.806758702 -0.011485120 -0.236403704 0.003842494 0.971579492
1781254325.340860 0.364081264 0.112657249 -0.789664209 -0.008300018 -0.231554821 0.003457836 0.972780347
1781254325.374238 0.369715184 0.112419039 -0.787979543 -0.008313983 -0.229052067 0.003319260 0.973373055
1781254325.440993 0.378659695 0.111362733 -0.785075784 -0.008458652 -0.225226223 0.002873005 0.974265575
1781254325.474371 0.382840663 0.110546768 -0.783913970 -0.008675599 -0.223605558 0.002568413 0.974637747
1781254325.541127 0.388649046 0.110483512 -0.781394303 -0.008365560 -0.220867619 0.002414476 0.975264907
1781254325.574505 0.391183227 0.111330219 -0.779537439 -0.008178294 -0.220445424 0.002197666 0.975362599
1781254325.641260 0.394352734 0.111850664 -0.776999772 -0.007940321 -0.218302786 0.002289037 0.975846112
1781254325.674638 0.395501316 0.110930197 -0.777694941 -0.008141537 -0.217224658 0.002251757 0.976085126
1781254325.741394 0.395026922 0.111278772 -0.777402163 -0.008065227 -0.216015652 0.001976201 0.976354659
1781254325.774771 0.395248502 0.111384399 -0.777621031 -0.008120691 -0.216419160 0.002074537 0.976264596
1781254325.808149 0.394589633 0.110378057 -0.778375268 -0.008332136 -0.216605619 0.001914609 0.976221800
1781254325.841527 0.393693149 0.111149073 -0.778372169 -0.008038154 -0.216809258 0.002073704 0.976178765
1781254325.874905 0.392768681 0.110518225 -0.779244542 -0.008217015 -0.216977537 0.001943827 0.976140141
1781254325.908283 0.391862780 0.111533582 -0.778682292 -0.008012716 -0.217511594 0.002025746 0.976022780
1781254325.941661 0.391675144 0.111151338 -0.779045224 -0.008143463 -0.218119070 0.002007042 0.975886166
1781254326.008417 0.390599906 0.112078555 -0.778834939 -0.007768814 -0.218328208 0.002183127 0.975842118
1781254326.041796 0.390294015 0.111949146 -0.779335380 -0.007837622 -0.218404830 0.001918187 0.975824952
1781254326.075174 0.390250415 0.111092865 -0.779803634 -0.008122664 -0.218742266 0.001756146 0.975747287
1781254326.108552 0.389632612 0.110545866 -0.780732751 -0.008264467 -0.218389556 0.001945303 0.975824773
1781254326.141929 0.389611602 0.110899359 -0.780937612 -0.008161107 -0.218405992 0.001904229 0.975822091
1781254326.175307 0.389147490 0.111101404 -0.780357122 -0.008122982 -0.218466371 0.001879718 0.975808918
1781254326.208686 0.389128923 0.110920832 -0.780688882 -0.008144747 -0.218442217 0.001882095 0.975814104
1781254326.242064 0.389605463 0.111923963 -0.780118465 -0.007853655 -0.218616396 0.001930847 0.975777388
1781254326.275443 0.390220135 0.111143149 -0.779974639 -0.008124753 -0.218511015 0.002027129 0.975798607
1781254326.342200 0.390324175 0.111468397 -0.779894114 -0.008108204 -0.218442500 0.002100179 0.975813985
1781254326.408957 0.390460432 0.111246794 -0.779803097 -0.008111226 -0.218281031 0.001921203 0.975850403
1781254326.475715 0.390596777 0.111560889 -0.779374480 -0.007994412 -0.218068793 0.001921556 0.975898802
1781254326.509094 0.390989751 0.110007308 -0.780291796 -0.008503055 -0.218058228 0.001854541 0.975896955
1781254326.542472 0.390581548 0.110837117 -0.780395269 -0.008219370 -0.217829496 0.001800839 0.975950599
1781254326.575851 0.390749514 0.110941641 -0.780302942 -0.008200793 -0.217807263 0.001837530 0.975955725
1781254326.609230 0.390723050 0.110436618 -0.779843688 -0.008369199 -0.217800334 0.001900293 0.975955665
1781254326.642609 0.390849978 0.110650145 -0.780184746 -0.008307429 -0.217693433 0.001872172 0.975980103
1781254326.675987 0.391406268 0.110857598 -0.780324757 -0.008187482 -0.217752889 0.001753173 0.975968063
1781254326.809504 0.391165614 0.110667713 -0.779775560 -0.008207910 -0.217494115 0.001822625 0.976025462
1781254326.842883 0.391350567 0.110993221 -0.779425979 -0.008116928 -0.217504993 0.001956944 0.976023495
1781254326.876262 0.391280890 0.111688294 -0.779078841 -0.007972495 -0.217463762 0.001911297 0.976033986
1781254326.909641 0.391319364 0.110544518 -0.779313922 -0.008245299 -0.217380211 0.001880359 0.976050436
1781254326.976399 0.391499758 0.111229599 -0.778745711 -0.008102148 -0.217423469 0.001957285 0.976041853
1781254327.009778 0.391617537 0.111360796 -0.778873622 -0.008044523 -0.217442781 0.002066871 0.976037800
1781254327.043157 0.391912818 0.111138783 -0.779067099 -0.008019826 -0.217464492 0.001880368 0.976033509
1781254327.076536 0.391727239 0.111055128 -0.779587686 -0.008055977 -0.217248321 0.001633601 0.976081789
1781254327.109915 0.391855031 0.110067993 -0.780260265 -0.008386577 -0.217142388 0.001688981 0.976102471
1781254327.143294 0.391929090 0.111501262 -0.778857768 -0.008004379 -0.217386693 0.001866366 0.976051033
1781254327.210048 0.391851783 0.110310078 -0.779917538 -0.008387661 -0.217140689 0.001693053 0.976102889
1781254327.243423 0.392065138 0.110793844 -0.779322505 -0.008239179 -0.217336118 0.001886306 0.976060271
1781254327.276797 0.391993791 0.111052491 -0.779362679 -0.008141696 -0.217279404 0.001759871 0.976073921
1781254327.310172 0.391699076 0.110501021 -0.779437840 -0.008383468 -0.217201650 0.001715397 0.976089239
1781254327.343546 0.391760141 0.110009782 -0.780100644 -0.008479133 -0.217093438 0.001582178 0.976112783
1781254327.376921 0.391591251 0.110788330 -0.778973818 -0.008221575 -0.217237756 0.001750453 0.976082563
1781254327.410295 0.391591281 0.110510312 -0.779607534 -0.008340182 -0.217178315 0.001678078 0.976094961
1781254327.443671 0.391611457 0.110740148 -0.779164791 -0.008271788 -0.217244104 0.001840466 0.976080596
1781254327.477045 0.391622782 0.110780627 -0.778789818 -0.008284427 -0.217228264 0.001807467 0.976084054
1781254327.510420 0.391662896 0.110732399 -0.779551506 -0.008289297 -0.217148408 0.001754077 0.976101875
1781254327.543794 0.391820878 0.110446349 -0.779211640 -0.008368718 -0.217237741 0.001806169 0.976081252
1781254327.577169 0.391899139 0.110632107 -0.778916180 -0.008321440 -0.217300683 0.001820589 0.976067603
1781254327.610543 0.391848683 0.110717475 -0.778970063 -0.008309413 -0.217278033 0.001731517 0.976072907
1781254327.643918 0.391789228 0.110985979 -0.779061794 -0.008208839 -0.217199355 0.001853581 0.976090968
1781254327.677292 0.392141759 0.110512711 -0.779013872 -0.008392828 -0.217354521 0.001941438 0.976054728
1781254327.710666 0.391856462 0.110446103 -0.779052794 -0.008429551 -0.217269570 0.001850564 0.976073503
1781254327.744041 0.391829908 0.110590667 -0.779219806 -0.008281922 -0.217103586 0.001751109 0.976111889
1781254327.777415 0.391966164 0.110967018 -0.778675556 -0.008199203 -0.217324257 0.001877896 0.976063251
1781254327.810790 0.392137378 0.110622294 -0.779195547 -0.008281986 -0.217251360 0.001746086 0.976078987
1781254327.844164 0.392307490 0.110021859 -0.779736996 -0.008498510 -0.217237279 0.001838946 0.976080179
1781254327.877539 0.391986817 0.110362031 -0.779110789 -0.008391670 -0.217215449 0.001828082 0.976085901
1781254327.910913 0.391794324 0.110802323 -0.778825879 -0.008262044 -0.217217401 0.001907978 0.976086438
1781254327.944287 0.391706973 0.111415952 -0.778378606 -0.008040226 -0.217152432 0.001900620 0.976102769
1781254327.977662 0.391756535 0.110879555 -0.779171824 -0.008171219 -0.217125461 0.001740459 0.976107955
1781254328.011036 0.392142922 0.110691272 -0.778931737 -0.008241876 -0.217253536 0.001648387 0.976079047
1781254328.044410 0.391940683 0.111151710 -0.778759539 -0.008131455 -0.217226610 0.001758155 0.976085782
1781254328.077785 0.391968936 0.110885754 -0.778701544 -0.008117126 -0.217274144 0.001792592 0.976075292
1781254328.111159 0.391755521 0.110656865 -0.778734922 -0.008237720 -0.217166886 0.001660941 0.976098359
1781254328.144534 0.391944915 0.110690989 -0.778939188 -0.008245969 -0.217182472 0.001680008 0.976094782
1781254328.211286 0.392183572 0.110691212 -0.778693914 -0.008233873 -0.217264771 0.001799108 0.976076424
1781254328.244663 0.392249078 0.111265041 -0.779047489 -0.008082627 -0.217239693 0.001820622 0.976083159
1781254328.278041 0.392437845 0.110245422 -0.779271960 -0.008420810 -0.217231646 0.001631336 0.976082444
1781254328.311419 0.391832530 0.110812239 -0.778962076 -0.008191017 -0.217123568 0.001732879 0.976108253
1781254328.344796 0.392186403 0.110277623 -0.779343128 -0.008325100 -0.217226833 0.001687380 0.976084232
1781254328.378174 0.392129928 0.110850699 -0.778997779 -0.008215114 -0.217199013 0.001851840 0.976091027
1781254328.411551 0.391820759 0.110517919 -0.779500484 -0.008295668 -0.217055038 0.001810097 0.976122499
1781254328.444929 0.392081112 0.111100189 -0.778607845 -0.008097637 -0.217224747 0.001793458 0.976086438
1781254328.478307 0.392016470 0.110733986 -0.778867245 -0.008268841 -0.217150494 0.001771375 0.976101577
1781254328.511685 0.392213821 0.110443369 -0.779173374 -0.008334017 -0.217179283 0.001732289 0.976094604
1781254328.545062 0.392373413 0.110745914 -0.778941333 -0.008262967 -0.217229813 0.001657161 0.976084173
1781254328.578440 0.392312109 0.110884488 -0.778867602 -0.008225342 -0.217216879 0.001735798 0.976087153
1781254328.611817 0.392327368 0.110552035 -0.779012084 -0.008288225 -0.217184290 0.001682468 0.976094067
1781254328.645195 0.391866177 0.110670514 -0.779161394 -0.008231446 -0.217014179 0.001656819 0.976132393
1781254328.678573 0.392053306 0.110569119 -0.779356778 -0.008288284 -0.217092499 0.001674832 0.976114452
1781254328.745328 0.392087251 0.110365257 -0.779276967 -0.008345901 -0.217095688 0.001698012 0.976113200
1781254328.778706 0.392482251 0.110389993 -0.779178381 -0.008378321 -0.217137918 0.001695705 0.976103544
1781254328.812084 0.392319769 0.110613175 -0.779088020 -0.008263392 -0.217127472 0.001794597 0.976106644
1781254328.845462 0.392302305 0.110520378 -0.779179990 -0.008296423 -0.217054933 0.001651955 0.976122797
1781254328.878840 0.391846001 0.110768355 -0.778602779 -0.008256041 -0.217142373 0.001753464 0.976103544
1781254328.912218 0.391982853 0.110078819 -0.779346704 -0.008453429 -0.217027605 0.001560301 0.976127625
1781254328.945596 0.392064035 0.110483028 -0.779358745 -0.008308934 -0.217077881 0.001627261 0.976117671
1781254328.978973 0.392008185 0.110482149 -0.779233217 -0.008334345 -0.217049286 0.001620423 0.976123810
1781254329.012351 0.392277211 0.110485554 -0.779064417 -0.008277931 -0.217162758 0.001649495 0.976098955
1781254329.045729 0.392239869 0.110245064 -0.779160738 -0.008322781 -0.217117459 0.001636883 0.976108670
1781254329.079107 0.392452717 0.110269748 -0.779551685 -0.008346778 -0.217124507 0.001679705 0.976106822
1781254329.112485 0.392128140 0.110717855 -0.779521048 -0.008262222 -0.217051134 0.001626170 0.976123989
1781254329.145862 0.391915441 0.111096203 -0.779060066 -0.008078379 -0.217089549 0.001658592 0.976116896
1781254329.179240 0.391883105 0.110868372 -0.779398203 -0.008200789 -0.216998473 0.001631801 0.976136208
1781254329.212617 0.392292649 0.110396922 -0.779110074 -0.008349505 -0.217115045 0.001697821 0.976108849
1781254329.245995 0.392051935 0.110348381 -0.779322386 -0.008336656 -0.217033729 0.001681644 0.976127088
1781254329.279372 0.391644478 0.111004740 -0.778897464 -0.008111517 -0.216980517 0.001643432 0.976140857
1781254329.312750 0.392240703 0.110352784 -0.779604375 -0.008332739 -0.217038110 0.001561607 0.976126313
1781254329.346127 0.391756386 0.110982805 -0.778869808 -0.008143846 -0.217028230 0.001671185 0.976129949
1781254329.379505 0.392182529 0.110884018 -0.779438913 -0.008198822 -0.217050403 0.001650135 0.976124585
1781254329.412882 0.392088503 0.110271804 -0.779488027 -0.008326530 -0.217056215 0.001629150 0.976122320
1781254329.446260 0.391702682 0.110881157 -0.779044569 -0.008147478 -0.216936022 0.001532235 0.976150632
1781254329.479637 0.391996652 0.111049682 -0.778627396 -0.008156330 -0.217163190 0.001767743 0.976099670
1781254329.513015 0.392063648 0.110625021 -0.779371619 -0.008216130 -0.217031062 0.001636592 0.976128817
1781254329.546393 0.392174810 0.110388391 -0.779205143 -0.008337189 -0.217076495 0.001649249 0.976117671
1781254329.579771 0.392190546 0.111258991 -0.778840423 -0.008002192 -0.217111319 0.001712116 0.976112604
1781254329.613148 0.392519087 0.110496081 -0.779599845 -0.008294790 -0.217081189 0.001610999 0.976117015
1781254329.646526 0.392255634 0.110289827 -0.778824747 -0.008365303 -0.217147753 0.001726178 0.976101398
1781254329.679904 0.392370582 0.110119112 -0.779024005 -0.008367147 -0.217193201 0.001680841 0.976091385
1781254329.713281 0.391993374 0.110106871 -0.779855192 -0.008431015 -0.216959029 0.001555818 0.976143122
1781254329.746659 0.391869545 0.110501304 -0.779345632 -0.008259240 -0.217030123 0.001697587 0.976128578
1781254329.780036 0.392026931 0.110626452 -0.779424608 -0.008190627 -0.216955960 0.001648286 0.976145685
1781254329.813414 0.392341405 0.110418424 -0.779251993 -0.008316067 -0.217118025 0.001613848 0.976108670
1781254329.846792 0.392347962 0.110525198 -0.778890729 -0.008262336 -0.217123523 0.001689012 0.976107776
1781254329.880169 0.392305434 0.110569187 -0.779186964 -0.008311628 -0.217109844 0.001785639 0.976110220
1781254329.913547 0.392472535 0.110428356 -0.779170215 -0.008308212 -0.217133269 0.001645951 0.976105273
1781254329.946925 0.392322510 0.110486880 -0.779589653 -0.008245699 -0.217066810 0.001640324 0.976120591
1781254329.980303 0.391953707 0.110660195 -0.779510021 -0.008242930 -0.216944620 0.001618171 0.976147771
1781254330.013680 0.392483026 0.110011473 -0.778852582 -0.008446014 -0.217179820 0.001721165 0.976093590
1781254330.047058 0.392293274 0.109881967 -0.779925227 -0.008513272 -0.216986656 0.001678714 0.976136088
1781254330.080436 0.392370075 0.109737359 -0.780354679 -0.008493042 -0.216938898 0.001531655 0.976147056
1781254330.113813 0.392451406 0.110317752 -0.779331863 -0.008299357 -0.217132181 0.001652405 0.976105571
1781254330.147191 0.392245382 0.110444903 -0.779115558 -0.008277372 -0.217120975 0.001731008 0.976108134
1781254330.180569 0.392154813 0.110156029 -0.779670537 -0.008358375 -0.217003345 0.001537519 0.976133943
1781254330.213948 0.392196268 0.110078976 -0.779842198 -0.008413040 -0.217002615 0.001648648 0.976133406
1781254330.247329 0.392312646 0.110385053 -0.779225826 -0.008321612 -0.217067778 0.001637237 0.976119757
1781254330.280709 0.392048597 0.110169627 -0.780058146 -0.008336783 -0.216897964 0.001581672 0.976157427
1781254330.314088 0.391961455 0.109851480 -0.779816568 -0.008468444 -0.216917291 0.001663074 0.976151824
1781254330.347468 0.392499536 0.110225573 -0.779656529 -0.008404796 -0.217047259 0.001671417 0.976123452
1781254330.380848 0.392315447 0.110071272 -0.779893279 -0.008438056 -0.216957182 0.001704115 0.976143181
1781254330.414227 0.392092228 0.109797008 -0.780407488 -0.008459042 -0.216895074 0.001542157 0.976157069
1781254330.447608 0.392519534 0.110149376 -0.779811561 -0.008475208 -0.217138574 0.001649608 0.976102650
1781254330.480987 0.392310530 0.110715762 -0.779336810 -0.008217569 -0.217112318 0.001765476 0.976110518
1781254330.514367 0.392291069 0.110133097 -0.779958725 -0.008425359 -0.217017055 0.001637283 0.976130128
1781254330.547747 0.391869187 0.110375971 -0.779677629 -0.008276114 -0.216971979 0.001615633 0.976141512
1781254330.614506 0.391919732 0.110536411 -0.779507160 -0.008275297 -0.216934919 0.001526523 0.976149797
1781254330.647887 0.392045617 0.110005632 -0.779937208 -0.008426516 -0.216929704 0.001641248 0.976149499
1781254330.681266 0.391928703 0.110395692 -0.779283404 -0.008354194 -0.217025906 0.001664208 0.976128697
1781254330.714646 0.391882688 0.110655129 -0.779472709 -0.008193359 -0.216945007 0.001510226 0.976148248
1781254330.748026 0.392204016 0.110722624 -0.779000401 -0.008204777 -0.217072785 0.001660676 0.976119578
1781254330.781406 0.392053783 0.110959306 -0.779114962 -0.008163879 -0.217063919 0.001746960 0.976121724
1781254330.814786 0.392109573 0.110344060 -0.779126644 -0.008367966 -0.217056885 0.001654460 0.976121664
1781254330.848166 0.391996801 0.111111969 -0.778849721 -0.008075178 -0.217038944 0.001763410 0.976127982
1781254330.881546 0.392045051 0.110387877 -0.779257119 -0.008368029 -0.217056155 0.001720252 0.976121783
1781254330.914927 0.392146677 0.110141180 -0.779387712 -0.008397069 -0.217009470 0.001577806 0.976132154
1781254330.948308 0.392011225 0.110334143 -0.779579043 -0.008342792 -0.216928631 0.001630077 0.976150513
1781254330.981688 0.392337114 0.110593669 -0.779109240 -0.008246880 -0.217093050 0.001748382 0.976114571
1781254331.015068 0.391894966 0.110722192 -0.779129267 -0.008196152 -0.216962442 0.001740204 0.976144075
1781254331.048448 0.392374545 0.110217921 -0.779454231 -0.008343868 -0.217088044 0.001691043 0.976114988
1781254331.081828 0.392337382 0.110674582 -0.779133499 -0.008230569 -0.217097312 0.001669740 0.976113915
1781254331.115208 0.392365515 0.110351957 -0.779944777 -0.008335073 -0.216967896 0.001674235 0.976141691
1781254331.148589 0.392016321 0.110812135 -0.779635012 -0.008125637 -0.216752902 0.001752906 0.976191163
1781254331.181969 0.392159671 0.110682845 -0.779374897 -0.008206625 -0.216856986 0.001660654 0.976167500
1781254331.215347 0.391978979 0.110674731 -0.779591084 -0.008242068 -0.216821343 0.001717902 0.976175010
1781254331.248725 0.392005950 0.110638924 -0.779798508 -0.008178121 -0.216767311 0.001488496 0.976187944
1781254331.282104 0.392014414 0.110235699 -0.779725492 -0.008331568 -0.216797784 0.001582397 0.976179779
1781254331.315482 0.392280370 0.110277973 -0.779606402 -0.008342849 -0.216740087 0.001633266 0.976192355
1781254331.348860 0.392155617 0.110274091 -0.779865444 -0.008334915 -0.216717690 0.001651018 0.976197362
