1781254169.041763 0.0000000 0.0000000 0.0000000 -0.0000000 -0.0000000 -0.0000000 1.0000000
1781254173.316015 0.0087181 -0.0117320 -0.2183219 0.0025150 0.0463943 -0.0010066 0.9989195
1781254173.349385 0.0091903 -0.0131599 -0.2233985 0.0019612 0.0473348 -0.0008337 0.9988768
1781254173.582968 0.0149828 -0.0152592 -0.2592645 0.0022862 0.0513571 -0.0007233 0.9986775
1781254173.983386 0.0276257 -0.0201703 -0.3372273 0.0019572 0.0599728 -0.0006134 0.9981979
1781254174.685928 0.0516356 -0.0276996 -0.4765370 0.0018851 0.0661061 -0.0009692 0.9978104
1781254175.488577 0.1458178 -0.0320077 -0.5601305 0.0017090 0.0877095 -0.0029171 0.9961404
1781254176.089277 0.2439823 -0.0368230 -0.5955116 0.0011318 0.1224857 -0.0047164 0.9924585
1781254177.323583 0.3789080 -0.0281484 -0.4733685 -0.0000813 0.0557273 0.0004589 0.9984459
1781254178.090919 0.4478410 -0.0217964 -0.3494182 0.0013267 0.0572322 0.0004705 0.9983599
1781254178.624800 0.5041515 -0.0183330 -0.2701463 0.0025179 0.0752734 -0.0007401 0.9971595
1781254179.091945 0.5759110 -0.0167927 -0.2360212 0.0033624 0.0484460 0.0001103 0.9988202
1781254179.425607 0.6427183 -0.0176361 -0.2317714 0.0041959 0.0435000 -0.0000475 0.9990447
1781254179.625798 0.6778802 -0.0191015 -0.2407106 0.0040795 0.0741497 -0.0019725 0.9972368
1781254179.859348 0.7078519 -0.0202279 -0.2613269 0.0037517 0.1188199 -0.0044592 0.9928987
1781254180.393198 0.7443972 -0.0265824 -0.3526169 0.0030422 0.1449666 -0.0050861 0.9894189
1781254180.893710 0.7650548 -0.0350925 -0.4769983 0.0022321 0.1823585 -0.0070441 0.9832044
1781254181.494446 0.7797021 -0.0466785 -0.6276236 0.0012247 0.2047125 -0.0077541 0.9787907
1781254182.495843 0.7801372 -0.0627889 -0.8740208 -0.0000751 0.1922764 -0.0082386 0.9813062
1781254183.897732 0.8672634 -0.0815644 -1.1260693 0.0000193 0.1146624 -0.0056708 0.9933884
1781254184.999129 1.0549691 -0.0809152 -1.0270337 -0.0015062 0.1195000 -0.0050137 0.9928204
1781254185.566430 1.1431202 -0.0705989 -0.8761688 -0.0012601 0.1289573 -0.0072925 0.9916226
1781254186.133688 1.2316908 -0.0592042 -0.7195165 -0.0009757 0.1258200 -0.0074752 0.9920245
1781254186.567601 1.2907921 -0.0533770 -0.6030324 -0.0005121 0.1098890 -0.0068539 0.9939201
1781254187.001523 1.3541697 -0.0476311 -0.4886596 -0.0003152 0.0753254 -0.0048924 0.9971470
1781254187.368649 1.4059682 -0.0431542 -0.4246935 -0.0000480 0.0400116 -0.0038380 0.9991919
1781254187.702364 1.4614180 -0.0413896 -0.3865470 0.0003618 0.0242303 -0.0031308 0.9997014
1781254188.069446 1.5437258 -0.0378537 -0.3421408 0.0010600 0.0123168 -0.0027683 0.9999198
1781254188.403164 1.6254212 -0.0393913 -0.3356058 0.0016043 0.0457989 -0.0039267 0.9989417
1781254188.736883 1.6782908 -0.0448234 -0.3770444 0.0010895 0.1184121 -0.0072900 0.9929372
1781254189.304174 1.7363201 -0.0542560 -0.5065829 0.0013384 0.1470262 -0.0072615 0.9891050
1781254189.871381 1.7596974 -0.0656110 -0.6584363 0.0013123 0.1698861 -0.0073595 0.9854354
1781254190.672762 1.7288339 -0.0811364 -0.9020469 0.0013743 0.1572260 -0.0067159 0.9875389
1781254191.541071 1.8075688 -0.0962051 -1.0832504 0.0015332 0.1761389 -0.0103910 0.9843093
1781254192.308663 1.9819064 -0.0937849 -1.0156968 0.0009181 0.1963588 -0.0113057 0.9804665
1781254192.976108 2.1132207 -0.0798575 -0.8457751 0.0018574 0.2308376 -0.0138631 0.9728918
1781254193.576827 2.2185652 -0.0720886 -0.6847941 0.0028704 0.2393282 -0.0141722 0.9708310
1781254193.977311 2.2763710 -0.0651531 -0.5874818 0.0038712 0.2417112 -0.0144403 0.9702331
1781254194.411169 2.3410525 -0.0595881 -0.4736586 0.0045491 0.2436474 -0.0140658 0.9697512
1781254194.845026 2.3990629 -0.0529385 -0.3717662 0.0047137 0.2176287 -0.0125518 0.9759396
1781254195.312259 2.4533770 -0.0472733 -0.2754599 0.0038383 0.1819488 -0.0108385 0.9832408
1781254195.846252 2.5325687 -0.0455461 -0.2307715 0.0028819 0.1284759 -0.0090386 0.9916673
1781254196.346864 2.6242528 -0.0505071 -0.2697180 0.0027268 0.1501537 -0.0103874 0.9886044
1781254196.747347 2.7063243 -0.0565522 -0.3305210 0.0027096 0.1711557 -0.0116331 0.9851716
1781254197.081080 2.7464175 -0.0625420 -0.3928342 0.0022270 0.1725605 -0.0114698 0.9849296
1781254197.648508 2.7779369 -0.0704207 -0.5012048 0.0018220 0.1167668 -0.0078303 0.9931268
1781254198.182583 2.8048153 -0.0765353 -0.6235616 0.0009909 0.0701978 -0.0047315 0.9975214
1781254198.716735 2.8196440 -0.0875626 -0.7882608 -0.0001039 0.0680409 -0.0044809 0.9976725
1781254199.451157 2.8563979 -0.0994042 -0.9675776 0.0003147 0.0415833 -0.0040681 0.9991267
1781254199.918468 2.9573817 -0.1071523 -1.0236505 -0.0001839 0.0665269 -0.0068216 0.9977613
1781254200.252262 3.0411520 -0.1077989 -1.0242432 0.0007700 0.1116237 -0.0095025 0.9937048
1781254201.220276 3.1604185 -0.0992150 -0.8572516 -0.0002613 0.0936954 -0.0073111 0.9955741
1781254201.754293 3.2207429 -0.0927825 -0.7225685 -0.0003650 0.0976080 -0.0075654 0.9951962
1781254202.088053 3.2604942 -0.0854858 -0.6388475 0.0010788 0.0930691 -0.0076949 0.9956294
1781254202.321709 3.2937028 -0.0824512 -0.5880991 0.0012374 0.0685399 -0.0070298 0.9976228
1781254202.555389 3.3346455 -0.0808374 -0.5542274 0.0009613 0.0432730 -0.0056568 0.9990469
1781254202.789071 3.3749032 -0.0787636 -0.5341223 0.0015157 0.0415608 -0.0057736 0.9991181
1781254203.022756 3.4140615 -0.0793128 -0.5227321 0.0014768 0.0526562 -0.0064999 0.9985905
1781254203.189674 3.4507070 -0.0789360 -0.5180281 0.0021158 0.0654244 -0.0078928 0.9978241
1781254203.389962 3.4977212 -0.0799523 -0.5147158 0.0027309 0.0883312 -0.0090026 0.9960467
1781254203.623631 3.5485430 -0.0816102 -0.5245253 0.0030535 0.1278135 -0.0115438 0.9917264
1781254203.857301 3.5818923 -0.0846340 -0.5553737 0.0030517 0.1674103 -0.0132874 0.9857931
1781254204.157737 3.6126263 -0.0888640 -0.6051372 0.0029553 0.1765026 -0.0126029 0.9842151
1781254204.558300 3.6333046 -0.0952692 -0.7114051 0.0030459 0.1941561 -0.0129171 0.9808809
1781254204.958864 3.6428146 -0.1056675 -0.8334616 0.0026962 0.2109979 -0.0129161 0.9773974
1781254205.559675 3.6543956 -0.1178355 -0.9962191 0.0020450 0.2259915 -0.0127137 0.9740441
1781254206.427479 3.6600971 -0.1369169 -1.2725319 0.0010420 0.2310752 -0.0133834 0.9728433
1781254208.163112 3.9996700 -0.1298819 -1.1281270 0.0017007 0.2422261 -0.0133848 0.9701260
1781254208.797257 4.1096420 -0.1208531 -0.9259732 0.0030541 0.2640902 -0.0141647 0.9643891
1781254209.398025 4.2037916 -0.1117431 -0.7512633 0.0022607 0.2770408 -0.0159861 0.9607225
1781254210.899966 4.2421737 -0.1077337 -0.7040014 0.0051549 0.5056094 -0.0310398 0.8621886
1781254211.734380 4.1942282 -0.1223280 -0.9382451 0.0098676 0.6555862 -0.0401016 0.7539902
1781254212.201649 4.1446948 -0.1257471 -1.0807137 0.0112634 0.7287061 -0.0431697 0.6833717
1781254212.535411 4.1170034 -0.1310615 -1.1859560 0.0127596 0.7847798 -0.0467152 0.6178799
1781254213.036049 4.0772672 -0.1419841 -1.3332877 0.0140747 0.8558741 -0.0493001 0.5146366
1781254213.636828 4.0317364 -0.1468174 -1.4622164 0.0128253 0.9216027 -0.0543955 0.3840901
1781254214.137481 3.9624033 -0.1504790 -1.5136018 0.0123063 0.9741004 -0.0550448 0.2189680
1781254214.471286 3.9100852 -0.1511807 -1.5001340 0.0128440 0.9965069 -0.0558287 0.0607625
1781254214.871871 3.8769684 -0.1435199 -1.4229537 -0.0148026 -0.9953701 0.0567777 0.0761276
1781254215.405959 3.8710189 -0.1302245 -1.2697237 -0.0157057 -0.9889174 0.0584857 0.1355547
1781254216.507402 3.8664858 -0.1103955 -0.9257874 -0.0153559 -0.9806734 0.0576248 0.1863414
1781254217.208313 3.7654419 -0.1026922 -0.8300958 -0.0142612 -0.9674093 0.0569538 0.2463173
1781254218.009347 3.5758891 -0.1059228 -0.9481450 -0.0169141 -0.9805840 0.0568326 0.1869197
1781254218.643519 3.4767122 -0.1130811 -1.0876793 -0.0174200 -0.9803123 0.0572745 0.1881595
1781254219.177570 3.3840647 -0.1196952 -1.2383687 -0.0179673 -0.9737300 0.0572702 0.2196525
1781254219.678234 3.2824042 -0.1256195 -1.3841007 -0.0176411 -0.9747478 0.0574442 0.2150716
1781254220.312408 3.1658435 -0.1250826 -1.4512906 -0.0172664 -0.9839713 0.0587353 0.1674889
1781254221.013325 3.0213153 -0.1210178 -1.3897333 -0.0186681 -0.9818166 0.0581095 0.1797522
1781254221.781020 2.9941316 -0.1117085 -1.2012968 -0.0192529 -0.9852092 0.0577053 0.1601944
1781254222.415696 2.9906650 -0.0996810 -1.0140061 -0.0185560 -0.9873215 0.0586196 0.1463412
1781254223.252282 2.9640055 -0.0862175 -0.7883395 -0.0187223 -0.9899623 0.0585900 0.1272452
1781254223.886321 2.8752985 -0.0788455 -0.6771102 -0.0167562 -0.9855355 0.0576921 0.1584634
1781254224.220016 2.7837648 -0.0749412 -0.6673835 -0.0167325 -0.9820515 0.0573269 0.1789093
1781254224.787297 2.6486030 -0.0738645 -0.6957097 -0.0166130 -0.9872725 0.0582788 0.1470396
1781254225.621528 2.5316303 -0.0823847 -0.8583159 -0.0179248 -0.9883384 0.0577450 0.1397547
1781254226.255543 2.4569645 -0.0866668 -0.9663402 -0.0166938 -0.9915605 0.0580114 0.1147335
1781254226.756097 2.3685338 -0.0854247 -0.9746613 -0.0155189 -0.9959711 0.0585727 0.0661063
1781254227.089792 2.2952454 -0.0830614 -0.9417398 -0.0153960 -0.9923282 0.0570260 0.1086088
1781254227.490263 2.2263329 -0.0759742 -0.8605653 -0.0155915 -0.9890736 0.0573720 0.1349030
1781254227.790627 2.1751568 -0.0705271 -0.7889396 -0.0157716 -0.9874060 0.0576734 0.1464733
1781254228.090988 2.1262364 -0.0642659 -0.7162160 -0.0160784 -0.9856934 0.0579537 0.1574529
1781254228.491426 2.0609953 -0.0572003 -0.6141770 -0.0158583 -0.9837278 0.0576225 0.1694336
1781254228.991936 2.0191672 -0.0515649 -0.4949847 -0.0153036 -0.9842650 0.0571131 0.1665122
1781254229.826140 1.8682256 -0.0467208 -0.4790156 -0.0136844 -0.9885399 0.0571502 0.1390522
1781254230.560252 1.7573631 -0.0546262 -0.6657225 -0.0147043 -0.9885506 0.0570986 0.1388930
1781254230.927314 1.7107910 -0.0624552 -0.8005502 -0.0157907 -0.9817658 0.0575363 0.1804886
1781254231.361105 1.6472178 -0.0722108 -0.9954147 -0.0155879 -0.9785007 0.0573291 0.1975016
1781254231.794889 1.5853074 -0.0797772 -1.1652492 -0.0155802 -0.9808035 0.0573349 0.1857268
1781254232.161927 1.5402455 -0.0855539 -1.2922399 -0.0153608 -0.9836894 0.0582729 0.1694802
1781254232.829263 1.4677689 -0.0974701 -1.5034858 -0.0146298 -0.9886957 0.0594143 0.1368821
1781254233.162919 1.4183090 -0.1023010 -1.5934367 -0.0135867 -0.9924212 0.0603105 0.1061990
1781254233.496735 1.3511546 -0.1058373 -1.6623244 -0.0130817 -0.9939752 0.0602112 0.0906471
1781254233.763821 1.2977234 -0.1083873 -1.7094293 -0.0125307 -0.9951943 0.0595670 0.0767014
1781254234.097681 1.2227509 -0.1101458 -1.7479495 -0.0118823 -0.9965729 0.0597830 0.0559218
1781254234.364711 1.1510271 -0.1119835 -1.7662084 -0.0118328 -0.9961902 0.0591414 0.0629864
1781254234.631676 1.0747384 -0.1112866 -1.7709233 -0.0118104 -0.9956815 0.0591436 0.0705756
1781254235.032118 1.0116768 -0.1107837 -1.7450830 -0.0120164 -0.9915760 0.0584907 0.1149419
1781254235.632760 0.9866388 -0.1030511 -1.6320621 -0.0131273 -0.9891009 0.0587220 0.1343833
1781254236.266743 0.9737618 -0.0948267 -1.4800431 -0.0139678 -0.9891544 0.0584330 0.1340301
1781254236.767280 1.0049580 -0.0882570 -1.3302186 -0.0141861 -0.9868963 0.0574385 0.1501173
1781254237.167697 1.0431610 -0.0773712 -1.1913382 -0.0139803 -0.9837012 0.0579215 0.1696515
1781254237.968692 1.0912217 -0.0632687 -0.9671235 -0.0136057 -0.9852363 0.0586773 0.1602542
1781254238.703578 1.1355233 -0.0498710 -0.7314147 -0.0141530 -0.9824861 0.0585453 0.1763330
1781254239.505443 1.1031594 -0.0408315 -0.5238336 -0.0152161 -0.9827829 0.0576366 0.1748838
1781254239.939332 1.0156996 -0.0357767 -0.4708882 -0.0142941 -0.9736493 0.0571045 0.2203223
1781254240.807080 0.7791008 -0.0356692 -0.4970983 -0.0126133 -0.9832077 0.0573827 0.1727738
1781254241.407810 0.6970738 -0.0436150 -0.6549909 -0.0133904 -0.9837663 0.0587971 0.1690196
1781254241.841666 0.6474433 -0.0517754 -0.8186734 -0.0132250 -0.9867579 0.0598384 0.1501781
1781254242.175398 0.6128794 -0.0583401 -0.9481139 -0.0134224 -0.9885530 0.0599513 0.1377991
1781254242.442402 0.5879012 -0.0630316 -1.0338206 -0.0128639 -0.9904745 0.0593767 0.1235692
1781254243.076550 0.5400799 -0.0634531 -1.0605476 -0.0113130 -0.9946503 0.0603826 0.0830464
1781254243.510441 0.4742036 -0.0614213 -1.0237622 -0.0117273 -0.9920968 0.0595421 0.1098228
1781254243.810827 0.4066790 -0.0581247 -0.9730073 -0.0130507 -0.9897977 0.0590641 0.1290024
1781254244.077838 0.3417629 -0.0535301 -0.9261318 -0.0132072 -0.9885283 0.0594256 0.1382241
1781254244.344843 0.2711853 -0.0513300 -0.8907201 -0.0142397 -0.9888508 0.0590120 0.1359739
1781254244.611839 0.2038053 -0.0485692 -0.8545737 -0.0154481 -0.9888125 0.0587824 0.1362198
1781254245.079078 0.1408058 -0.0435526 -0.7627270 -0.0168773 -0.9893901 0.0581094 0.1320821
1781254245.546293 0.1345404 -0.0353980 -0.6191071 -0.0170353 -0.9902862 0.0571719 0.1255966
1781254246.146971 0.1163984 -0.0260699 -0.4526411 -0.0161920 -0.9913350 0.0561678 0.1176344
1781254246.847789 0.0589285 -0.0155395 -0.2669053 -0.0148121 -0.9894329 0.0550918 0.1332971
1781254247.548612 -0.0532262 -0.0106325 -0.2210076 -0.0130949 -0.9792010 0.0557191 0.1946515
1781254248.649912 -0.1798420 -0.0189575 -0.4555226 -0.0140871 -0.9645974 0.0536220 0.2578334
1781254249.450918 -0.2032390 -0.0205519 -0.5346844 -0.0124857 -0.8925816 0.0508077 0.4478401
1781254250.385656 -0.1325716 -0.0169412 -0.3920525 -0.0080429 -0.7633122 0.0423191 0.6445920
1781254250.986467 -0.0782580 -0.0011025 -0.2539406 -0.0048382 -0.6396073 0.0385280 0.7677205
1781254251.420387 -0.0055143 -0.0009033 -0.1648186 -0.0036406 -0.5025029 0.0302349 0.8640391
1781254251.820930 0.0517444 -0.0008072 -0.1109086 -0.0018111 -0.3611138 0.0212759 0.9322773
1781254252.121338 0.0881464 -0.0025393 -0.1157080 -0.0019925 -0.2721818 0.0155785 0.9621177
1781254252.622022 0.1638597 -0.0088998 -0.1918991 -0.0002522 -0.1338721 0.0084377 0.9909627
1781254252.922434 0.2560334 -0.0149125 -0.2224025 0.0003434 -0.0699665 0.0064425 0.9975285
1781254253.523262 0.4725257 -0.0179095 -0.2677958 0.0029560 0.0294668 0.0009227 0.9995610
