1781254294.783055 0.0000000 0.0000000 0.0000000 -0.0000000 -0.0000000 -0.0000000 1.0000000
1781254296.602275 0.1252877 -0.0038246 0.0052440 -0.0010368 -0.0017892 -0.0006941 0.9999976
1781254296.635653 0.1316296 -0.0037499 0.0060642 -0.0010244 -0.0017290 -0.0007967 0.9999977
1781254296.835926 0.1713940 -0.0042733 0.0152466 -0.0009777 -0.0062416 -0.0009383 0.9999796
1781254297.069585 0.2244522 -0.0055408 0.0248788 -0.0012183 -0.0106459 -0.0007912 0.9999423
1781254297.470336 0.3371557 -0.0056360 0.0475337 -0.0009387 -0.0268255 -0.0005134 0.9996396
1781254297.770979 0.4367441 -0.0070006 0.0688804 -0.0018945 -0.0404253 -0.0006188 0.9991806
1781254298.138498 0.5668676 -0.0089868 0.0958331 -0.0031171 -0.0491791 -0.0008301 0.9987848
1781254298.438943 0.6862478 -0.0107175 0.1234769 -0.0040875 -0.0533350 -0.0005425 0.9985682
1781254298.672630 0.7802430 -0.0111740 0.1503643 -0.0048519 -0.0547858 -0.0004896 0.9984863
1781254298.906324 0.8694632 -0.0121690 0.1752099 -0.0051278 -0.0556954 -0.0002804 0.9984347
1781254299.140024 0.9500788 -0.0119653 0.2031318 -0.0047580 -0.0643100 0.0000462 0.9979186
1781254299.407051 1.0409228 -0.0105125 0.2381684 -0.0034912 -0.0802650 0.0017894 0.9967659
1781254299.640699 1.1241366 -0.0104203 0.2651113 -0.0031550 -0.0812561 0.0011677 0.9966876
1781254299.840971 1.2050945 -0.0111530 0.2816385 -0.0029444 -0.0683665 0.0003953 0.9976559
1781254300.041243 1.2875429 -0.0117713 0.2947910 -0.0018830 -0.0536856 -0.0001618 0.9985561
1781254300.341720 1.4163982 -0.0158263 0.3129612 -0.0027496 -0.0315048 -0.0022501 0.9994973
1781254300.608855 1.5341249 -0.0175873 0.3259001 -0.0030510 -0.0125363 -0.0040412 0.9999086
1781254300.842612 1.6454672 -0.0198223 0.3380418 -0.0035727 0.0021598 -0.0054509 0.9999765
1781254301.042985 1.7402767 -0.0202513 0.3504232 -0.0028037 0.0094187 -0.0060414 0.9999335
1781254301.176550 1.8033412 -0.0219192 0.3570658 -0.0033937 0.0070390 -0.0061434 0.9999506
1781254301.343427 1.8778044 -0.0219893 0.3686810 -0.0025801 0.0068031 -0.0066041 0.9999518
1781254301.510303 1.9515017 -0.0229000 0.3783790 -0.0025022 0.0057233 -0.0063489 0.9999604
1781254301.610428 1.9985960 -0.0221360 0.3869348 -0.0022348 0.0043053 -0.0066820 0.9999659
1781254301.743927 2.0603414 -0.0234138 0.3960122 -0.0023643 0.0022410 -0.0069092 0.9999709
1781254301.844051 2.1077931 -0.0229191 0.4049977 -0.0021176 0.0010833 -0.0066674 0.9999750
1781254301.977549 2.1676462 -0.0247766 0.4132107 -0.0029725 -0.0000303 -0.0065685 0.9999740
1781254302.077672 2.2105517 -0.0231556 0.4213585 -0.0016002 0.0002504 -0.0068101 0.9999755
1781254302.211177 2.2693634 -0.0239056 0.4307941 -0.0017019 -0.0015479 -0.0069151 0.9999735
1781254302.344687 2.3282349 -0.0254993 0.4354258 -0.0016020 0.0016878 -0.0070102 0.9999727
1781254302.511574 2.4016397 -0.0275769 0.4417250 -0.0011858 0.0060942 -0.0074073 0.9999533
1781254302.678461 2.4739664 -0.0294146 0.4501663 -0.0013035 0.0140609 -0.0073790 0.9998731
1781254302.912104 2.5738139 -0.0331964 0.4574370 -0.0018798 0.0288153 -0.0087030 0.9995452
1781254303.145746 2.6649714 -0.0352684 0.4627141 -0.0011754 0.0428484 -0.0102532 0.9990283
1781254303.379367 2.7501624 -0.0377112 0.4654666 -0.0017393 0.0548145 -0.0104820 0.9984400
1781254303.546238 2.8120649 -0.0394404 0.4634211 -0.0018768 0.0714279 -0.0113873 0.9973790
1781254303.679735 2.8616159 -0.0406603 0.4576127 -0.0018628 0.0920476 -0.0121542 0.9956787
1781254303.879978 2.9364364 -0.0445718 0.4428062 -0.0020408 0.1234367 -0.0128937 0.9922666
1781254304.146966 3.0261500 -0.0476848 0.4177164 -0.0007524 0.1712473 -0.0152942 0.9851091
1781254304.514139 3.1331630 -0.0554885 0.3638345 0.0010720 0.2457651 -0.0183392 0.9691553
1781254304.981452 3.2535491 -0.0664067 0.2695987 0.0026192 0.3577991 -0.0248360 0.9334646
1781254305.315238 3.3214405 -0.0765753 0.1797943 0.0029775 0.4492933 -0.0301166 0.8928716
1781254305.649010 3.3862689 -0.0824722 0.0830455 0.0049953 0.5287183 -0.0357816 0.8480282
1781254305.849275 3.4173579 -0.0876172 0.0126586 0.0059378 0.5766517 -0.0392364 0.8160258
1781254306.082915 3.4455845 -0.0908835 -0.0713575 0.0078512 0.6340324 -0.0440184 0.7720127
1781254306.483413 3.4553065 -0.0996273 -0.2307034 0.0097361 0.7242184 -0.0517306 0.6875587
1781254306.917274 3.4224513 -0.1063023 -0.3901491 0.0118397 0.8178532 -0.0594265 0.5722276
1781254307.417927 3.3368480 -0.1180483 -0.5520258 0.0136854 0.8956028 -0.0628577 0.4401787
1781254307.718347 3.2518251 -0.1321240 -0.6333361 0.0141696 0.9286003 -0.0622001 0.3655570
1781254307.918630 3.1972313 -0.1334891 -0.6835580 0.0151577 0.9465395 -0.0636426 0.3158843
1781254308.018771 3.1689892 -0.1324599 -0.7023675 0.0160421 0.9549813 -0.0645213 0.2891203
1781254308.185669 3.1219940 -0.1342124 -0.7349620 0.0171469 0.9669789 -0.0645256 0.2459558
1781254308.285800 3.0904880 -0.1356204 -0.7501907 0.0176419 0.9735906 -0.0645392 0.2182772
1781254308.419308 3.0505409 -0.1355022 -0.7679372 0.0182668 0.9807015 -0.0648404 0.1835393
1781254308.552816 3.0099664 -0.1364900 -0.7834461 0.0194289 0.9864529 -0.0647094 0.1494854
1781254308.719700 2.9616122 -0.1354414 -0.7945269 0.0192729 0.9927813 -0.0649422 0.0989762
1781254308.886585 2.9031279 -0.1314064 -0.7996064 0.0202024 0.9969431 -0.0653025 0.0378408
1781254308.986715 2.8573797 -0.1332062 -0.7927696 0.0211647 0.9976981 -0.0644234 0.0003566
1781254309.053468 2.8376296 -0.1283662 -0.7964731 -0.0208756 -0.9972539 0.0654348 0.0276983
1781254309.186975 2.7891448 -0.1286380 -0.7839143 -0.0218456 -0.9947329 0.0643348 0.0767486
1781254309.287107 2.7481163 -0.1264679 -0.7754443 -0.0221150 -0.9915058 0.0641099 0.1109826
1781254309.353861 2.7275333 -0.1274483 -0.7638035 -0.0220551 -0.9888317 0.0632713 0.1331248
1781254309.420615 2.6982300 -0.1240973 -0.7604157 -0.0220679 -0.9863933 0.0635090 0.1500265
1781254309.554123 2.6569173 -0.1217369 -0.7415508 -0.0217036 -0.9793349 0.0624579 0.1911312
1781254309.620877 2.6299264 -0.1206987 -0.7338925 -0.0214516 -0.9765418 0.0620573 0.2050730
1781254309.721008 2.6027570 -0.1203135 -0.7184350 -0.0214880 -0.9707137 0.0614079 0.2312621
1781254309.821138 2.5608048 -0.1184729 -0.7027543 -0.0217933 -0.9664153 0.0607142 0.2487575
1781254309.921270 2.5247152 -0.1162501 -0.6861027 -0.0211560 -0.9624263 0.0606064 0.2638464
1781254310.088154 2.4654045 -0.1140886 -0.6654050 -0.0210177 -0.9609597 0.0602993 0.2692186
1781254310.388562 2.3579051 -0.1091266 -0.6345760 -0.0208213 -0.9644533 0.0604696 0.2563976
1781254310.655598 2.2562821 -0.1039522 -0.6146104 -0.0212532 -0.9711224 0.0614420 0.2295528
1781254310.822495 2.1939816 -0.1020743 -0.6072066 -0.0210596 -0.9762505 0.0615933 0.2066343
1781254311.022773 2.1207116 -0.0998437 -0.6057850 -0.0209607 -0.9818362 0.0619085 0.1781172
1781254311.223042 2.0524549 -0.0975702 -0.6104459 -0.0201551 -0.9867687 0.0623138 0.1483186
1781254311.456672 1.9686227 -0.0953843 -0.6213285 -0.0202183 -0.9915140 0.0631317 0.1118290
1781254311.623550 1.9097111 -0.0949373 -0.6331975 -0.0200899 -0.9942167 0.0635296 0.0842231
1781254311.790427 1.8548349 -0.0940170 -0.6492954 -0.0191157 -0.9961455 0.0638685 0.0570043
1781254311.957304 1.8002918 -0.0938018 -0.6724331 -0.0184642 -0.9974409 0.0642175 0.0254313
1781254312.090806 1.7563137 -0.0953807 -0.6916033 0.0179403 0.9977776 -0.0640317 0.0042320
1781254312.291059 1.6931491 -0.0976390 -0.7266680 0.0170186 0.9965643 -0.0641740 0.0495146
1781254312.457937 1.6442549 -0.0970227 -0.7609804 0.0168150 0.9940034 -0.0648353 0.0864341
1781254312.624814 1.5954982 -0.1002383 -0.7958226 0.0161495 0.9899474 -0.0649047 0.1246224
1781254312.791692 1.5474863 -0.1020857 -0.8342310 0.0159868 0.9850551 -0.0649554 0.1587188
1781254312.958568 1.4985266 -0.1033433 -0.8751004 0.0159053 0.9799585 -0.0647874 0.1876988
1781254313.192196 1.4351063 -0.1071843 -0.9351569 0.0155712 0.9729912 -0.0637063 0.2213304
1781254313.392458 1.3882346 -0.1102246 -0.9923313 0.0152448 0.9649776 -0.0636769 0.2540297
1781254313.592721 1.3433738 -0.1137398 -1.0549072 0.0150177 0.9553919 -0.0625406 0.2882524
1781254313.792982 1.3048505 -0.1185745 -1.1173946 0.0143085 0.9447072 -0.0609375 0.3218854
1781254313.993243 1.2797524 -0.1224410 -1.1804910 0.0132797 0.9305673 -0.0603479 0.3608688
1781254314.193504 1.2599738 -0.1268809 -1.2380111 0.0120437 0.9157158 -0.0596593 0.3971906
1781254314.427137 1.2442217 -0.1307718 -1.3040318 0.0118837 0.8997052 -0.0594860 0.4322623
1781254314.627394 1.2361176 -0.1330054 -1.3637544 0.0115127 0.8826800 -0.0593599 0.4660686
1781254314.861028 1.2278223 -0.1383278 -1.4340112 0.0108074 0.8652129 -0.0580956 0.4979104
1781254315.194788 1.2070007 -0.1467645 -1.5404428 0.0109822 0.8572828 -0.0573391 0.5115249
1781254315.395044 1.1919852 -0.1523900 -1.6100339 0.0102705 0.8587702 -0.0574477 0.5090265
1781254315.628676 1.1797788 -0.1569605 -1.6692498 0.0106160 0.8639926 -0.0579391 0.5000471
1781254317.197313 1.1676114 -0.1599473 -1.7153065 0.0101738 0.8676627 -0.0577609 0.4936816
1781254317.531089 1.1507804 -0.1619840 -1.7394094 0.0099039 0.8753551 -0.0583622 0.4798431
1781254317.798112 1.1299405 -0.1628588 -1.7589831 0.0103872 0.8872872 -0.0590963 0.4572977
1781254317.965000 1.1017499 -0.1635855 -1.7803419 0.0115753 0.9120063 -0.0603422 0.4055483
1781254318.198641 1.0564992 -0.1645865 -1.8153423 0.0115464 0.9401984 -0.0622613 0.3346896
1781254318.499014 0.9792481 -0.1648406 -1.8528914 0.0124147 0.9686518 -0.0642842 0.2396394
1781254318.832760 0.8785244 -0.1680727 -1.8756771 0.0121847 0.9888497 -0.0649181 0.1334671
1781254319.099756 0.7889003 -0.1670856 -1.8773785 0.0130377 0.9966763 -0.0654525 0.0467151
1781254319.366745 0.6921990 -0.1639376 -1.8629626 -0.0147266 -0.9966610 0.0655105 0.0464586
1781254319.533612 0.6342324 -0.1616070 -1.8463680 -0.0151768 -0.9928049 0.0650886 0.0993557
1781254319.667105 0.5903647 -0.1586033 -1.8297056 -0.0157852 -0.9880483 0.0649958 0.1388774
1781254319.867345 0.5226579 -0.1559161 -1.8011053 -0.0157199 -0.9806163 0.0641746 0.1844621
1781254320.034209 0.4643786 -0.1532294 -1.7711149 -0.0164833 -0.9745467 0.0640900 0.2141951
1781254320.267820 0.3890107 -0.1484511 -1.7264292 -0.0156945 -0.9651980 0.0636536 0.2531693
1781254320.534804 0.3020149 -0.1432300 -1.6785570 -0.0159949 -0.9571728 0.0630740 0.2821101
1781254320.835158 0.1985053 -0.1381986 -1.6202738 -0.0167216 -0.9517829 0.0623597 0.2999017
1781254321.235635 0.0432779 -0.1273883 -1.5348703 -0.0170331 -0.9445207 0.0621045 0.3220770
1781254321.569385 -0.0892979 -0.1180460 -1.4582036 -0.0175316 -0.9336579 0.0628352 0.3521752
1781254321.903136 -0.2042636 -0.1101921 -1.3710999 -0.0176123 -0.9140167 0.0615438 0.4005943
1781254322.437131 -0.3348224 -0.0963391 -1.2374210 -0.0155989 -0.8667686 0.0576101 0.4951262
1781254322.871000 -0.3911660 -0.0889051 -1.1080973 -0.0151193 -0.8000088 0.0515596 0.5975776
1781254325.641260 0.1301975 -0.0080130 -0.0536865 -0.0028944 -0.0816934 0.0039047 0.9966457
