1781254169.141511 0.0000000 0.0000000 0.0000000 -0.0000000 -0.0000000 -0.0000000 1.0000000
1781254173.349385 0.0097752 -0.0147160 -0.2242739 0.0014395 0.0474498 -0.0008664 0.9988722
1781254173.449492 0.0122635 -0.0148632 -0.2388699 0.0017081 0.0490041 -0.0008182 0.9987968
1781254173.816546 0.0216151 -0.0194368 -0.3029528 0.0017279 0.0565641 -0.0005762 0.9983973
1781254174.351088 0.0376443 -0.0259723 -0.4169259 0.0013089 0.0675214 -0.0007144 0.9977167
1781254175.254975 0.1101340 -0.0328408 -0.5392099 0.0009722 0.0740360 -0.0024189 0.9972522
1781254175.889041 0.2117896 -0.0387865 -0.5894164 0.0003870 0.1129069 -0.0042424 0.9935965
1781254176.889915 0.3321734 -0.0339967 -0.5392721 -0.0001508 0.0758660 -0.0010684 0.9971175
1781254177.790666 0.4191770 -0.0288215 -0.4053842 -0.0005164 0.0447344 0.0011977 0.9989980
1781254178.457959 0.4842897 -0.0216532 -0.2913854 0.0013549 0.0744468 -0.0007550 0.9972238
1781254178.958477 0.5525723 -0.0189158 -0.2435657 0.0026172 0.0556611 -0.0005924 0.9984461
1781254179.292144 0.6155223 -0.0203754 -0.2331326 0.0030904 0.0400642 0.0000619 0.9991924
1781254179.792620 0.7008598 -0.0235882 -0.2590268 0.0028285 0.1087111 -0.0036427 0.9940627
1781254180.860342 0.7646819 -0.0390653 -0.4725565 0.0010496 0.1794347 -0.0069438 0.9837449
1781254181.995159 0.7833536 -0.0580804 -0.7551374 -0.0008362 0.2014803 -0.0083504 0.9794566
1781254184.732134 1.0149616 -0.0848562 -1.0860287 -0.0013073 0.1225783 -0.0055717 0.9924424
1781254185.966850 1.2028961 -0.0659145 -0.7642578 -0.0020984 0.1275544 -0.0080661 0.9917966
1781254187.001523 1.3520137 -0.0514107 -0.4901584 -0.0014829 0.0750489 -0.0049612 0.9971664
1781254187.902592 1.5013684 -0.0415968 -0.3618172 -0.0001774 0.0141557 -0.0029106 0.9998956
1781254188.703512 1.6714003 -0.0433850 -0.3702731 0.0014164 0.1123395 -0.0070814 0.9936436
1781254189.671193 1.7544870 -0.0627504 -0.6019500 0.0012586 0.1685868 -0.0075057 0.9856575
1781254191.173955 1.7287291 -0.0914302 -1.0272200 0.0013022 0.1472052 -0.0073560 0.9890778
1781254193.209712 2.1526449 -0.0746927 -0.7800384 0.0032420 0.2376267 -0.0152790 0.9712310
1781254195.779503 2.5147681 -0.0487747 -0.2321826 0.0018703 0.1328095 -0.0095631 0.9910937
1781254198.616581 2.8135338 -0.0829593 -0.7525389 0.0004725 0.0651206 -0.0055260 0.9978620
1781254199.985226 2.9760029 -0.1079663 -1.0228473 -0.0000286 0.0737237 -0.0083172 0.9972441
1781254201.053377 3.1400354 -0.1009090 -0.8978328 0.0000216 0.0899759 -0.0086718 0.9959062
1781254201.854420 3.2296169 -0.0892841 -0.6919736 0.0010888 0.0965104 -0.0092342 0.9952886
1781254202.522006 3.3243928 -0.0802558 -0.5539425 0.0016637 0.0445328 -0.0074745 0.9989786
1781254203.256437 3.4619660 -0.0835798 -0.5126916 0.0016071 0.0720338 -0.0085055 0.9973646
1781254204.791962 3.6387806 -0.1062915 -0.7809042 0.0020496 0.2020264 -0.0131378 0.9792898
1781254206.560991 3.6673501 -0.1461468 -1.3027735 0.0001016 0.2322857 -0.0138355 0.9725492
1781254208.830633 4.1165681 -0.1259938 -0.9111125 0.0014043 0.2616241 -0.0150751 0.9650511
1781254211.267107 4.3874197 -0.1100701 -1.0018647 0.0086280 0.5069653 -0.0502925 0.8604547
1781254212.134897 4.3886108 -0.1274277 -1.3083043 0.0156575 0.6430984 -0.0591967 0.7633316
1781254212.769043 4.3696179 -0.1543739 -1.5579534 0.0157233 0.7468205 -0.0636665 0.6617844
1781254213.703582 4.3375030 -0.1588227 -1.8564277 0.0213509 0.8645189 -0.0786917 0.4959424
1781254214.371141 4.2507854 -0.1628922 -1.9237347 0.0291729 0.9650605 -0.0782940 0.2483489
1781254215.138930 4.1537228 -0.1444032 -1.7826521 0.0376108 0.9958693 -0.0769849 0.0300514
1781254216.741040 3.9828792 -0.0951352 -1.3179611 -0.0390264 -0.9950499 0.0740159 0.0536135
1781254217.675584 3.7912927 -0.0894346 -1.3875734 -0.0405409 -0.9934036 0.0717957 0.0796943
1781254218.543385 3.6972260 -0.1061753 -1.6104040 -0.0412962 -0.9957479 0.0735847 0.0369593
1781254219.144192 3.6466851 -0.1191389 -1.7957076 -0.0425322 -0.9937015 0.0730253 0.0735919
1781254219.611479 3.5979385 -0.1292536 -1.9562833 -0.0424530 -0.9936324 0.0730543 0.0745351
1781254220.245654 3.5079823 -0.1340400 -2.0651691 -0.0411717 -0.9960740 0.0743625 0.0247316
1781254220.879818 3.3672736 -0.1252719 -2.0658588 -0.0418634 -0.9961195 0.0744795 0.0211239
1781254222.048046 3.2361257 -0.0934089 -1.7979567 -0.0423951 -0.9962499 0.0742728 0.0131282
1781254223.319024 3.1063342 -0.0566199 -1.4797175 0.0409866 0.9961486 -0.0749141 0.0198974
1781254224.353497 2.8672326 -0.0359296 -1.4469166 -0.0399863 -0.9960616 0.0743825 0.0270116
1781254225.788376 2.7041876 -0.0470591 -1.7311096 0.0403212 0.9963167 -0.0753746 0.0067779
1781254227.356767 2.4551001 -0.0392660 -1.8070222 0.0377855 0.9963574 -0.0749918 0.0148458
1781254228.491426 2.1920540 -0.0029973 -1.6003602 -0.0388314 -0.9962050 0.0747565 0.0218926
1781254230.660362 1.9178548 -0.0043490 -1.7711365 -0.0370249 -0.9965613 0.0740908 0.0023038
1781254231.728154 1.9040246 -0.0432132 -2.2343526 -0.0386735 -0.9955140 0.0741024 0.0443305
1781254232.662431 1.8911355 -0.0722015 -2.5565915 -0.0370838 -0.9964008 0.0761929 0.0021944
1781254233.229650 1.8607591 -0.0872038 -2.7299507 0.0349294 0.9952372 -0.0782285 0.0465093
1781254234.531565 1.6130390 -0.0989571 -2.9756331 0.0319913 0.9927685 -0.0778043 0.0856383
1781254236.733912 1.3955859 -0.0553847 -2.5972748 -0.0353881 -0.9965984 0.0744262 0.0002418
1781254237.768441 1.3782444 -0.0221461 -2.2761941 -0.0351202 -0.9964188 0.0748752 0.0176068
1781254238.737003 1.3406818 0.0077029 -1.9685065 -0.0363992 -0.9961518 0.0740217 0.0296226
1781254239.872581 1.1703806 0.0334044 -1.7681286 -0.0369560 -0.9943652 0.0726391 0.0677922
1781254241.808293 0.8974070 0.0108508 -2.1914155 -0.0350447 -0.9964563 0.0764318 0.0021933
1781254242.709413 0.8979249 -0.0151531 -2.4661283 0.0325375 0.9954445 -0.0770558 0.0457595
1781254244.845460 0.4327599 0.0182020 -2.3404701 0.0370123 0.9964631 -0.0744723 0.0120522
1781254246.614182 0.2113202 0.0685658 -1.9059433 0.0354419 0.9963656 -0.0718154 0.0290178
1781254248.683285 -0.0070415 0.0661823 -2.1089935 -0.0376023 -0.9899564 0.0678516 0.1181891
1781254250.285521 -0.0023086 0.0664501 -2.0414498 -0.0387592 -0.8693907 0.0506688 0.4899899
1781254251.119980 0.0019548 0.0966271 -1.7791045 -0.0367189 -0.7332646 0.0392507 0.6778157
1781254251.787551 0.0619786 0.1108560 -1.6020733 -0.0332907 -0.5382332 0.0238241 0.8418012
1781254252.922434 0.2987451 0.0986191 -1.6044066 -0.0257470 -0.2590829 0.0010709 0.9655113
1781254254.023959 0.6797064 0.0889644 -1.5143535 -0.0209048 -0.1362217 -0.0088701 0.9904181
