1781254002.971368 0.0000000 0.0000000 0.0000000 -0.0000000 -0.0000000 -0.0000000 1.0000000
1781254007.849235 0.0966625 -0.0009491 0.0000888 0.0021345 0.0225345 -0.0023821 0.9997410
1781254007.882638 0.1001348 -0.0017116 -0.0000257 0.0019737 0.0238257 -0.0023188 0.9997115
1781254008.049663 0.1186442 -0.0023577 -0.0008173 0.0019784 0.0319022 -0.0024754 0.9994860
1781254008.450435 0.1614863 -0.0032775 -0.0029839 0.0020444 0.0478544 -0.0036081 0.9988457
1781254009.986119 0.3216340 -0.0045186 -0.0062346 0.0027939 0.0928491 -0.0054432 0.9956614
1781254010.887731 0.4119798 -0.0044911 -0.0014539 0.0034021 0.1311915 -0.0083592 0.9913160
1781254011.790520 0.4983986 -0.0061394 -0.0140481 0.0037153 0.1967065 -0.0141252 0.9803537
1781254012.526649 0.5790253 -0.0084698 -0.0421577 0.0041999 0.2628977 -0.0184619 0.9646380
1781254013.393797 0.6451854 -0.0121173 -0.0801621 0.0048357 0.3381516 -0.0232648 0.9407917
1781254014.094465 0.6797774 -0.0154457 -0.1340924 0.0058868 0.4459452 -0.0304899 0.8945214
1781254015.028651 0.7146847 -0.0230137 -0.2153904 0.0074280 0.5510825 -0.0364750 0.8336201
1781254015.662617 0.7263830 -0.0273647 -0.2782462 0.0083194 0.6292687 -0.0418214 0.7760172
1781254016.430151 0.7175008 -0.0330915 -0.3364176 0.0084218 0.7175221 -0.0458182 0.6949761
1781254017.397889 0.6801668 -0.0373417 -0.4255589 0.0095616 0.8138936 -0.0505469 0.5787323
1781254018.799432 0.5759237 -0.0435747 -0.5857485 0.0123782 0.8785479 -0.0580178 0.4739560
1781254019.667099 0.4841421 -0.0484893 -0.6856112 0.0132991 0.9114993 -0.0607107 0.4065788
1781254020.701849 0.3838256 -0.0549156 -0.8013023 0.0127899 0.9255872 -0.0618845 0.3732226
1781254021.536130 0.2923359 -0.0604047 -0.9028592 0.0129926 0.9334995 -0.0617063 0.3529907
1781254022.470557 0.1464112 -0.0703193 -1.0488396 0.0125291 0.9417506 -0.0619736 0.3303153
1781254023.538451 0.0197793 -0.0765763 -1.1841247 0.0118035 0.9427711 -0.0627130 0.3272773
1781254024.773261 -0.1287010 -0.0870007 -1.3495872 0.0109897 0.9389536 -0.0611491 0.3383875
1781254025.841162 -0.2178859 -0.0973218 -1.4960926 0.0097441 0.9181901 -0.0588024 0.3916303
1781254026.641981 -0.2715164 -0.1033592 -1.5851185 0.0097146 0.9160287 -0.0594035 0.3965708
1781254027.109134 -0.3121457 -0.1077806 -1.6617389 0.0102160 0.9135679 -0.0597964 0.4021364
1781254027.843928 -0.3835669 -0.1134560 -1.7816377 0.0109724 0.9188800 -0.0604694 0.3897212
1781254028.211599 -0.4319007 -0.1177551 -1.8279692 0.0110516 0.9290749 -0.0607424 0.3647029
1781254028.812654 -0.5022037 -0.1226832 -1.9024744 0.0112158 0.9336429 -0.0611581 0.3527675
1781254029.313318 -0.5685561 -0.1265421 -1.9673752 0.0109619 0.9387360 -0.0609510 0.3390274
1781254029.847358 -0.6454916 -0.1298022 -2.0329084 0.0099630 0.9458016 -0.0612879 0.3187536
1781254030.514913 -0.7432985 -0.1361773 -2.1162431 0.0085898 0.9497581 -0.0604579 0.3069703
1781254031.115756 -0.8232775 -0.1389919 -2.1871481 0.0083654 0.9476404 -0.0606541 0.3134148
1781254031.516317 -0.8745072 -0.1415223 -2.2333505 0.0081543 0.9454381 -0.0611256 0.3199125
1781254031.950266 -0.9192431 -0.1423691 -2.2754815 0.0085866 0.9432670 -0.0618462 0.3261116
1781254032.384214 -0.9668987 -0.1446584 -2.3187146 0.0082199 0.9420202 -0.0617107 0.3297303
1781254032.751408 -1.0163541 -0.1460558 -2.3604078 0.0086060 0.9425231 -0.0620008 0.3282256
1781254032.951696 -1.0457339 -0.1467727 -2.3837118 0.0083842 0.9435513 -0.0621306 0.3252390
1781254033.185366 -1.0875487 -0.1488654 -2.4136152 0.0084431 0.9455279 -0.0618092 0.3195080
1781254033.452417 -1.1385427 -0.1508813 -2.4488115 0.0087618 0.9471607 -0.0620878 0.3145712
1781254033.852990 -1.2041554 -0.1545381 -2.5054111 0.0083671 0.9445576 -0.0620377 0.3223232
1781254034.220181 -1.2606344 -0.1581296 -2.5674167 0.0082713 0.9386171 -0.0620248 0.3392383
1781254034.620738 -1.3197656 -0.1621055 -2.6210616 0.0083204 0.9400244 -0.0616100 0.3353938
1781254035.021279 -1.3768859 -0.1654648 -2.6737599 0.0088258 0.9423589 -0.0615843 0.3287694
1781254035.355062 -1.4299009 -0.1698770 -2.7204456 0.0084590 0.9442814 -0.0608844 0.3233484
1781254035.722277 -1.4886019 -0.1736827 -2.7712052 0.0079600 0.9458371 -0.0612523 0.3187115
1781254036.289813 -1.5682237 -0.1775846 -2.8460970 0.0079147 0.9472722 -0.0605623 0.3145551
1781254036.590229 -1.6171699 -0.1813699 -2.8911076 0.0083304 0.9480371 -0.0592136 0.3124900
1781254036.990751 -1.6811600 -0.1840755 -2.9503121 0.0088573 0.9500709 -0.0589470 0.3062876
1781254037.257762 -1.7192264 -0.1871358 -2.9905100 0.0089524 0.9486043 -0.0583425 0.3109113
1781254037.558158 -1.7635627 -0.1894992 -3.0362425 0.0089094 0.9484893 -0.0581441 0.3113003
1781254037.858557 -1.8139076 -0.1927082 -3.0683334 0.0088666 0.9545605 -0.0581303 0.2921583
1781254038.125578 -1.8570399 -0.1924661 -3.0865815 0.0096669 0.9635751 -0.0592144 0.2606207
1781254038.526116 -1.9270616 -0.1929098 -3.1041985 0.0105254 0.9791845 -0.0608474 0.1933508
1781254038.993433 -2.0172515 -0.1935249 -3.1093550 0.0109995 0.9926106 -0.0612592 0.1041664
1781254040.161712 -2.2128284 -0.1863182 -3.0502262 -0.0096837 -0.9905530 0.0622599 0.1217976
1781254040.796914 -2.3006463 -0.1763405 -2.9802756 -0.0105754 -0.9671098 0.0621103 0.2464328
1781254041.265483 -2.3614323 -0.1705812 -2.9135313 -0.0109672 -0.9420153 0.0604382 0.3299002
1781254041.866524 -2.4489350 -0.1541569 -2.8245580 -0.0095650 -0.9093856 0.0622899 0.4111526
1781254042.867589 -2.5150218 -0.1484538 -2.6927259 -0.0110784 -0.8432601 0.0577065 0.5342843
1781254043.701874 -2.5167406 -0.1367867 -2.5507276 -0.0094508 -0.7524205 0.0510019 0.6566375
1781254044.769702 -2.4549904 -0.1302355 -2.3873515 -0.0098846 -0.6547517 0.0433158 0.7545371
1781254045.637247 -2.3965647 -0.1228153 -2.1968734 -0.0103504 -0.6311743 0.0413512 0.7744688
1781254046.271302 -2.3854752 -0.1147109 -2.0562530 -0.0100339 -0.6495859 0.0425113 0.7590324
1781254046.638386 -2.3717480 -0.1114318 -1.9966648 -0.0101711 -0.6272149 0.0416306 0.7776664
1781254047.105578 -2.3319325 -0.1078231 -1.9442048 -0.0105593 -0.5514715 0.0373571 0.8332900
1781254047.572775 -2.2722909 -0.1071613 -1.9131277 -0.0108000 -0.4799857 0.0322918 0.8766153
1781254048.073357 -2.1905510 -0.1040939 -1.8885562 -0.0099936 -0.4058350 0.0275700 0.9134758
1781254048.607310 -2.0726933 -0.1016589 -1.8645654 -0.0086323 -0.3178051 0.0227307 0.9478443
1781254049.041151 -1.9733793 -0.1039816 -1.8432813 -0.0084564 -0.2738026 0.0207089 0.9615257
1781254049.408241 -1.8845966 -0.1045246 -1.8237889 -0.0085495 -0.2423117 0.0186922 0.9699807
1781254049.741985 -1.8129081 -0.1036818 -1.8108491 -0.0083725 -0.2121925 0.0165472 0.9770519
1781254050.142475 -1.7461932 -0.1041894 -1.8038590 -0.0077481 -0.1773358 0.0142002 0.9840174
1781254050.643079 -1.6525013 -0.1041133 -1.8003526 -0.0071758 -0.1327857 0.0105204 0.9910629
1781254051.110299 -1.5493096 -0.1060805 -1.8072516 -0.0068722 -0.1011755 0.0080522 0.9948123
1781254051.577517 -1.4410375 -0.1065720 -1.7962348 -0.0065744 -0.1055257 0.0085682 0.9943579
1781254051.977993 -1.3508500 -0.1039936 -1.7591108 -0.0069864 -0.1422420 0.0101861 0.9897549
1781254052.211601 -1.3021008 -0.1012830 -1.7277846 -0.0065178 -0.1742986 0.0123710 0.9845936
1781254052.511952 -1.2404410 -0.0997144 -1.6830065 -0.0072835 -0.2092768 0.0143732 0.9777237
1781254052.912416 -1.1761075 -0.0972186 -1.6262591 -0.0076137 -0.2478777 0.0162271 0.9686255
1781254053.412982 -1.1183592 -0.0933449 -1.5589519 -0.0080938 -0.2790474 0.0174347 0.9600849
1781254053.780083 -1.0781680 -0.0893686 -1.4986296 -0.0086888 -0.3085957 0.0187048 0.9509697
1781254054.113805 -1.0506090 -0.0850554 -1.4442512 -0.0083102 -0.3427533 0.0213393 0.9391463
1781254054.480897 -1.0262103 -0.0816233 -1.3897083 -0.0080093 -0.3743254 0.0228697 0.9269808
1781254054.881381 -1.0034516 -0.0779978 -1.3254772 -0.0085625 -0.4104152 0.0256796 0.9114969
1781254055.381973 -0.9855019 -0.0737163 -1.2594385 -0.0086958 -0.4471739 0.0281056 0.8939631
1781254055.849120 -0.9716792 -0.0701613 -1.2009838 -0.0096054 -0.4793769 0.0302565 0.8770348
1781254056.316245 -0.9621067 -0.0659703 -1.1362391 -0.0101631 -0.5171004 0.0325245 0.8552462
1781254056.817346 -0.9588880 -0.0600632 -1.0481445 -0.0115450 -0.5659525 0.0360203 0.8235697
1781254057.118147 -0.9623641 -0.0570099 -0.9988385 -0.0120374 -0.5954789 0.0375534 0.8024026
1781254057.418987 -0.9708058 -0.0536521 -0.9489082 -0.0123689 -0.6237711 0.0389658 0.7805372
1781254057.752794 -0.9903053 -0.0479897 -0.8862488 -0.0120840 -0.6620145 0.0412631 0.7482569
1781254058.019838 -1.0079854 -0.0443140 -0.8389732 -0.0115228 -0.6931952 0.0431479 0.7193650
1781254058.286883 -1.0301762 -0.0409503 -0.7924509 -0.0120057 -0.7201780 0.0450188 0.6922231
1781254058.620695 -1.0628576 -0.0371588 -0.7400367 -0.0118063 -0.7538790 0.0470309 0.6552216
1781254059.021272 -1.1062261 -0.0314436 -0.6811836 -0.0119137 -0.7881044 0.0493971 0.6134408
1781254059.321707 -1.1384664 -0.0282107 -0.6430607 -0.0123503 -0.8110780 0.0509744 0.5825819
1781254059.622577 -1.1729130 -0.0268742 -0.6066418 -0.0125681 -0.8313649 0.0519163 0.5531539
1781254060.024081 -1.2154585 -0.0216238 -0.5468097 -0.0124982 -0.8341757 0.0516159 0.5489358
1781254060.258323 -1.2331564 -0.0183693 -0.4994919 -0.0124657 -0.8139933 0.0505560 0.5785357
1781254060.425651 -1.2408307 -0.0164183 -0.4640876 -0.0126021 -0.7950222 0.0493461 0.6044385
1781254060.559129 -1.2453084 -0.0149519 -0.4350626 -0.0124683 -0.7766033 0.0481401 0.6280242
1781254060.725973 -1.2447832 -0.0124082 -0.3974591 -0.0120245 -0.7521140 0.0466786 0.6572680
1781254060.892816 -1.2482644 -0.0099088 -0.3587577 -0.0120581 -0.7271518 0.0451803 0.6848822
1781254061.093023 -1.2422113 -0.0070781 -0.3152201 -0.0115314 -0.6960548 0.0431694 0.7165969
1781254061.259861 -1.2345530 -0.0051863 -0.2818441 -0.0106358 -0.6712382 0.0413512 0.7400109
1781254061.426697 -1.2244270 -0.0030552 -0.2524607 -0.0104405 -0.6458044 0.0397897 0.7623939
1781254061.660301 -1.2065552 -0.0005811 -0.2140984 -0.0096817 -0.6166637 0.0373014 0.7862829
1781254061.927274 -1.1819468 0.0018066 -0.1715639 -0.0092039 -0.5871938 0.0349975 0.8086371
1781254062.327726 -1.1478076 0.0053389 -0.1038728 -0.0090551 -0.5790170 0.0343774 0.8145400
1781254062.828268 -1.1179688 0.0125812 -0.0013272 -0.0086034 -0.5795704 0.0338342 0.8141741
1781254063.095214 -1.0976986 0.0154562 0.0484626 -0.0080351 -0.5421145 0.0309532 0.8396959
1781254063.462261 -1.0645937 0.0170862 0.0950453 -0.0071378 -0.4724525 0.0267689 0.8809206
1781254063.896080 -1.0219615 0.0159944 0.1094972 -0.0059159 -0.3702916 0.0197453 0.9286869
1781254064.696976 -0.8845637 0.0179327 0.1068053 -0.0031193 -0.2104411 0.0106323 0.9775438
1781254065.230924 -0.7565762 0.0161080 0.0913619 -0.0003661 -0.0907462 0.0035012 0.9958678
1781254065.464526 -0.6920092 0.0154665 0.0829334 0.0003527 -0.0357518 0.0002472 0.9993606
1781254065.598022 -0.6575013 0.0146403 0.0759465 0.0011919 -0.0086171 -0.0016412 0.9999608
1781254065.798265 -0.6051211 0.0131088 0.0644240 0.0020746 0.0292313 -0.0032773 0.9995652
1781254066.131998 -0.5248225 0.0102347 0.0432189 0.0029847 0.0776950 -0.0062510 0.9969531
1781254066.866182 -0.3633482 0.0063650 0.0195223 0.0028850 0.0848277 -0.0081309 0.9963583
1781254067.900693 -0.1296006 0.0050437 0.0368133 0.0019177 0.0341078 -0.0044202 0.9994066
1781254068.067553 -0.0954227 0.0046082 0.0394980 0.0018387 0.0279567 -0.0037232 0.9996005
1781254068.634886 0.0151939 0.0032412 0.0495075 0.0020497 0.0021764 -0.0012965 0.9999947
1781254069.369100 0.1721723 0.0009426 0.0464652 0.0016619 -0.0277279 0.0017899 0.9996125
1781254069.802961 0.2920995 -0.0012542 0.0395439 0.0011258 -0.0301145 0.0024943 0.9995427
1781254070.437055 0.4419442 -0.0034433 0.0342993 0.0014583 0.0160769 -0.0007192 0.9998695
1781254070.937647 0.5489824 -0.0032844 0.0320905 0.0022715 0.0709825 -0.0053219 0.9974608
1781254072.072281 0.7697443 -0.0112140 -0.0419925 0.0042965 0.2794740 -0.0205373 0.9599240
1781254072.572829 0.8287492 -0.0152148 -0.1160605 0.0064834 0.3959996 -0.0273721 0.9178197
1781254072.839776 0.8568358 -0.0194930 -0.1673553 0.0071251 0.4512890 -0.0307972 0.8918178
1781254073.140086 0.8808688 -0.0238670 -0.2257758 0.0083360 0.5125748 -0.0341898 0.8579211
1781254073.407021 0.8896000 -0.0270171 -0.2744448 0.0091723 0.5653956 -0.0377684 0.8239037
1781254073.840883 0.8815222 -0.0310223 -0.3232810 0.0095372 0.6279562 -0.0418237 0.7770655
1781254074.675230 0.8435246 -0.0379144 -0.3827681 0.0091637 0.6938224 -0.0455461 0.7186460
1781254076.144526 0.7331784 -0.0334002 -0.3524281 0.0111240 0.7782029 -0.0470910 0.6261461
1781254077.179544 0.5617832 -0.0370002 -0.4963454 0.0117156 0.8277149 -0.0539398 0.5584275
1781254077.580062 0.5037656 -0.0404865 -0.5809456 0.0129966 0.8540692 -0.0565570 0.5169121
1781254077.947217 0.4469356 -0.0458174 -0.6670523 0.0126742 0.8685153 -0.0580708 0.4920858
1781254078.214239 0.4026436 -0.0490055 -0.7300366 0.0122154 0.8772982 -0.0591643 0.4761284
1781254078.447883 0.3591108 -0.0526973 -0.7848498 0.0121223 0.8857718 -0.0595304 0.4601277
1781254078.648605 0.3238276 -0.0551145 -0.8284988 0.0118389 0.8897657 -0.0596809 0.4523438
1781254078.882802 0.2822167 -0.0578546 -0.8765218 0.0115442 0.8948253 -0.0596638 0.4422607
1781254079.016639 0.2570975 -0.0590379 -0.9031371 0.0121597 0.8974380 -0.0596432 0.4369210
1781254079.384727 0.1929067 -0.0633039 -0.9685407 0.0116139 0.9002392 -0.0594496 0.4311615
1781254079.751972 0.1272056 -0.0675980 -1.0335263 0.0111413 0.9018276 -0.0598747 0.4277824
1781254080.052281 0.0721184 -0.0720489 -1.0926282 0.0110753 0.9034468 -0.0595357 0.4244017
1781254080.385949 0.0185269 -0.0758322 -1.1552541 0.0106069 0.9012731 -0.0589572 0.4290902
1781254080.719668 -0.0245430 -0.0793582 -1.2194841 0.0099633 0.8943368 -0.0587270 0.4434112
1781254081.053396 -0.0651605 -0.0827049 -1.2854106 0.0097034 0.8864313 -0.0582938 0.4590724
1781254081.553979 -0.1150250 -0.0877215 -1.3762109 0.0089152 0.8748670 -0.0573592 0.4808724
1781254082.087924 -0.1626619 -0.0938768 -1.4686470 0.0084857 0.8640244 -0.0563044 0.5002197
1781254082.521745 -0.2045609 -0.0980801 -1.5508819 0.0089727 0.8558573 -0.0568651 0.5139983
1781254082.855446 -0.2522035 -0.1025203 -1.6222241 0.0091429 0.8586205 -0.0569397 0.5093575
1781254083.155771 -0.3087146 -0.1070714 -1.6814789 0.0102483 0.8748490 -0.0570250 0.4809183
1781254083.456090 -0.3639321 -0.1116826 -1.7358598 0.0105442 0.8907876 -0.0575725 0.4506347
1781254083.856545 -0.4433289 -0.1197599 -1.8140287 0.0112535 0.9045325 -0.0572835 0.4223897
1781254089.162693 -1.4404352 -0.1704232 -2.7157059 0.0081371 0.9259866 -0.0590793 0.3728168
1781254089.496411 -1.5026047 -0.1748925 -2.7868166 0.0079467 0.9262283 -0.0589917 0.3722336
1781254089.796783 -1.5685713 -0.1783536 -2.8546343 0.0081371 0.9352133 -0.0593093 0.3489876
1781254090.097153 -1.6345444 -0.1825466 -2.9146562 0.0087001 0.9460874 -0.0587847 0.3184137
1781254090.330771 -1.6838102 -0.1834865 -2.9509552 0.0095857 0.9557751 -0.0591394 0.2879315
1781254090.497640 -1.7197497 -0.1862427 -2.9707363 0.0096859 0.9626294 -0.0585903 0.2642311
1781254090.831366 -1.7944953 -0.1882240 -2.9977746 0.0093805 0.9772158 -0.0589020 0.2036957
1781254091.799150 -2.0289273 -0.1910293 -2.9969730 -0.0113509 -0.9981452 0.0595032 0.0060634
1781254093.367522 -2.3273759 -0.1530506 -2.7606857 -0.0109442 -0.9234496 0.0615396 0.3785946
1781254094.101651 -2.3900394 -0.1441197 -2.6026940 -0.0118957 -0.8439491 0.0564797 0.5333089
1781254094.602367 -2.4232624 -0.1343873 -2.4802041 -0.0103359 -0.8012297 0.0535190 0.5958689
1781254095.170510 -2.4371777 -0.1279694 -2.3313446 -0.0108056 -0.7607304 0.0502466 0.6470300
1781254095.471346 -2.4308758 -0.1212258 -2.2473595 -0.0111150 -0.7209603 0.0480619 0.6912183
1781254095.705571 -2.4156406 -0.1184044 -2.1863782 -0.0108331 -0.6814994 0.0454389 0.7303264
1781254095.906355 -2.3978927 -0.1181922 -2.1427519 -0.0106430 -0.6531438 0.0432884 0.7559206
1781254096.207564 -2.3715875 -0.1159435 -2.0864184 -0.0104832 -0.6168036 0.0408761 0.7859851
1781254096.475338 -2.3456373 -0.1135532 -2.0428984 -0.0105595 -0.5859460 0.0393716 0.8093243
1781254096.742316 -2.3080328 -0.1127209 -2.0018613 -0.0108913 -0.5477675 0.0370322 0.8357397
1781254097.042663 -2.2587066 -0.1098129 -1.9625586 -0.0109604 -0.4957470 0.0341076 0.8677278
1781254097.409746 -2.1851568 -0.1070627 -1.9176199 -0.0104512 -0.4272860 0.0293410 0.9035799
1781254097.710084 -2.1134300 -0.1020398 -1.8817081 -0.0094087 -0.3679553 0.0265243 0.9294175
1781254098.043786 -2.0122387 -0.1019927 -1.8477845 -0.0089907 -0.2976309 0.0224721 0.9543742
1781254106.119112 -1.1244383 -0.0230291 -0.5550480 -0.0125821 -0.7741086 0.0484288 0.6310722
1781254106.619669 -1.1341945 -0.0173459 -0.4418310 -0.0120410 -0.7084959 0.0438560 0.7042481
1781254107.020121 -1.1182547 -0.0124585 -0.3558235 -0.0111740 -0.6512741 0.0402080 0.7576942
1781254107.353822 -1.1096182 -0.0060747 -0.2773582 -0.0103777 -0.6282003 0.0384822 0.7770301
1781254107.821018 -1.0842226 -0.0006652 -0.1653385 -0.0096795 -0.5731713 0.0341012 0.8186685
1781254108.154729 -1.0533243 0.0032606 -0.0996339 -0.0084619 -0.5034994 0.0294666 0.8634515
1781254108.521806 -1.0059016 0.0068397 -0.0373215 -0.0073806 -0.4112128 0.0233066 0.9112116
1781254109.990125 -0.6603003 0.0144496 0.0662665 -0.0001643 -0.0592325 0.0020222 0.9982421
1781254110.223702 -0.5945822 0.0121579 0.0587826 0.0005481 -0.0219909 0.0001930 0.9997580
1781254110.457275 -0.5322933 0.0102769 0.0498311 0.0009460 0.0035576 -0.0012500 0.9999925
1781254110.690869 -0.4693392 0.0088250 0.0423348 0.0012165 0.0072218 -0.0018067 0.9999716
1781254110.991204 -0.3951949 0.0075123 0.0366919 0.0010337 0.0065273 -0.0024908 0.9999751
1781254111.324903 -0.3081850 0.0059091 0.0361260 0.0006778 -0.0039125 -0.0016854 0.9999907
1781254112.996405 0.2085942 0.0016027 0.0611512 0.0012696 -0.0063850 0.0012621 0.9999780
1781254113.364561 0.3373246 -0.0022426 0.0444414 0.0021807 0.0748475 -0.0037692 0.9971855
1781254115.066863 0.6207010 -0.0201540 -0.1885577 0.0075841 0.5658171 -0.0372472 0.8236542
1781254120.940468 -0.2933559 -0.1146900 -1.6688154 0.0094097 0.8729121 -0.0544909 0.4847336
1781254123.976987 -0.9488657 -0.1431160 -2.2981286 0.0097089 0.9472675 -0.0618241 0.3142735
1781254126.946792 -1.6143644 -0.1771101 -2.8250675 0.0086072 0.9635979 -0.0604249 0.2602957
1781254127.280496 -1.7138586 -0.1815639 -2.8596327 0.0090326 0.9796673 -0.0591848 0.1914878
1781254128.749135 -2.1640985 -0.1704077 -2.8534441 -0.0111070 -0.9874620 0.0626208 0.1444786
1781254129.417634 -2.3474853 -0.1445685 -2.7275617 -0.0096200 -0.9194705 0.0630054 0.3879583
1781254131.453855 -2.3862603 -0.1191668 -2.1574421 -0.0107520 -0.6176789 0.0413128 0.7852709
1781254131.854392 -2.3270235 -0.1155412 -2.0651028 -0.0102903 -0.5393466 0.0360373 0.8412495
1781254132.288305 -2.2441394 -0.1091076 -1.9815923 -0.0100369 -0.4456972 0.0316004 0.8945695
1781254139.999178 -1.1686839 -0.0161244 -0.4248322 -0.0159597 -0.7188878 0.0496397 0.6931677
1781254143.503852 -0.5218324 0.0063078 -0.0074014 0.0009141 0.0111586 -0.0012151 0.9999366
1781254143.804258 -0.4157819 0.0033048 -0.0246356 0.0011205 0.0202005 -0.0022383 0.9997928
1781254144.204800 -0.2880680 0.0010263 -0.0337015 0.0007676 0.0108702 -0.0022113 0.9999382
1781254144.538584 -0.1833653 0.0000084 -0.0300929 0.0005471 -0.0121381 -0.0007592 0.9999259
1781254146.374401 0.4650924 -0.0032623 0.0311648 -0.0011660 -0.1108093 0.0081264 0.9938078
1781254146.708186 0.5669311 -0.0025604 0.0694902 -0.0025783 -0.1507521 0.0094652 0.9885229
1781254147.108736 0.6527014 -0.0015039 0.1015145 -0.0030018 -0.1742241 0.0101871 0.9846488
