1782375442.182575 0.0000000 0.0000000 0.0000000 -0.0000000 -0.0000000 -0.0000000 1.0000000
1782375449.491164 0.0265620 -0.0031246 0.0450656 0.0051108 -0.0703053 -0.0117880 0.9974428
1782375449.524537 0.0258584 -0.0035910 0.0489911 0.0051038 -0.0743543 -0.0123589 0.9971423
1782375449.691406 0.0217829 -0.0046699 0.0670218 0.0062883 -0.0999646 -0.0160151 0.9948423
1782375450.225386 -0.0034845 -0.0120715 0.1182332 0.0084189 -0.1821526 -0.0278970 0.9828384
1782375451.126473 -0.0603629 -0.0211678 0.1814233 0.0112464 -0.2874226 -0.0427090 0.9567851
1782375454.799779 -0.1028335 -0.0625826 0.4681201 0.0137565 -0.3223490 -0.0448623 0.9454572
1782375456.134378 0.0431518 -0.0762872 0.5752982 0.0138737 -0.3086260 -0.0430495 0.9501075
1782375456.901766 0.1470439 -0.0863440 0.6469831 0.0126468 -0.2928052 -0.0411044 0.9552045
1782375457.468971 0.2387763 -0.0922413 0.6949360 0.0122112 -0.2667011 -0.0374793 0.9629728
1782375458.336457 0.3571116 -0.1044283 0.8007195 0.0133938 -0.2944079 -0.0416510 0.9546779
1782375459.170545 0.4604316 -0.1097270 0.8687308 0.0134011 -0.2751706 -0.0385310 0.9605295
1782375459.704362 0.5500506 -0.1141454 0.9128900 0.0118562 -0.2401954 -0.0336083 0.9700702
1782375460.505119 0.6622245 -0.1210018 1.0000669 0.0130516 -0.2524745 -0.0350467 0.9668806
1782375461.506052 0.7801926 -0.1331730 1.1132420 0.0148134 -0.2823557 -0.0379502 0.9584444
1782375462.308675 0.8911664 -0.1402939 1.1746283 0.0143154 -0.2485154 -0.0324654 0.9679779
1782375463.043285 0.9922068 -0.1512413 1.2841120 0.0146314 -0.2376239 -0.0300382 0.9707825
1782375463.610339 1.0673896 -0.1613614 1.3830110 0.0134956 -0.2090365 -0.0261566 0.9774648
1782375464.210782 1.1399897 -0.1709452 1.4621445 0.0106624 -0.1479024 -0.0188318 0.9887652
1782375464.811212 1.2158103 -0.1744878 1.4921756 0.0079406 -0.0654949 -0.0076669 0.9977919
1782375465.278215 1.2930509 -0.1732513 1.4909557 0.0051396 0.0225412 0.0039478 0.9997249
1782375465.678496 1.3670590 -0.1709448 1.4951084 0.0027192 0.1119753 0.0162832 0.9935739
1782375466.112145 1.4367448 -0.1651078 1.4862021 0.0020011 0.1924378 0.0272356 0.9809291
1782375466.579131 1.5070866 -0.1582348 1.4379718 0.0000039 0.2776594 0.0405839 0.9598220
1782375467.012789 1.5593973 -0.1500065 1.3798578 -0.0027477 0.3714765 0.0525867 0.9269478
1782375467.513135 1.5834796 -0.1408982 1.3038144 -0.0054108 0.4587066 0.0647456 0.8862093
1782375468.080217 1.5951163 -0.1258493 1.2055477 -0.0065590 0.5456246 0.0793081 0.8342428
1782375468.747597 1.5917785 -0.1061407 1.0735987 -0.0080807 0.6417251 0.0913263 0.7614349
1782375469.449180 1.5664561 -0.0821571 0.9460315 -0.0081432 0.7023368 0.0971943 0.7051312
1782375471.217594 1.4666333 -0.0366461 0.6141300 -0.0110637 0.7569315 0.1041381 0.6450484
1782375472.051698 1.4332457 -0.0169923 0.4699121 -0.0119302 0.7538902 0.1038098 0.6486376
1782375472.785698 1.4048905 0.0028438 0.3274540 -0.0129843 0.7575207 0.1038723 0.6443636
1782375473.986785 1.4224466 0.0355549 0.0904224 -0.0139900 0.7680463 0.1048934 0.6315905
1782375475.755010 1.4025403 0.0775940 -0.1956635 -0.0132099 0.7527688 0.1044006 0.6498193
1782375476.589148 1.4628630 0.1051613 -0.3867573 -0.0123545 0.7434815 0.1024859 0.6607414
1782375477.022895 1.4717683 0.1189789 -0.4932010 -0.0123227 0.7523392 0.1038323 0.6504251
1782375477.389901 1.4668256 0.1316101 -0.5762788 -0.0121839 0.7693955 0.1050699 0.6299543
1782375477.790576 1.4502072 0.1421767 -0.6695251 -0.0131164 0.7902976 0.1088790 0.6028293
1782375478.258391 1.4346309 0.1583973 -0.7892001 -0.0144714 0.8084892 0.1109460 0.5777774
1782375478.792806 1.4321195 0.1795842 -0.9297545 -0.0153572 0.8166859 0.1127975 0.5657430
1782375479.260032 1.4173506 0.1954664 -1.0367526 -0.0161854 0.8234981 0.1131015 0.5556950
1782375479.693883 1.3864217 0.2106941 -1.1258397 -0.0158839 0.8341082 0.1140126 0.5394556
1782375480.027611 1.3521954 0.2173799 -1.1883723 -0.0170564 0.8576588 0.1181364 0.5001743
1782375480.361341 1.3095920 0.2236616 -1.2547752 -0.0184684 0.8866943 0.1234327 0.4451927
1782375480.761823 1.2741091 0.2360253 -1.3175241 -0.0197927 0.9193794 0.1264635 0.3719636
1782375481.496059 1.2100899 0.2470712 -1.4134042 -0.0209611 0.9572297 0.1325624 0.2563183
1782375482.297033 1.1065569 0.2638971 -1.5524147 -0.0227306 0.9865242 0.1355964 0.0886954
1782375482.997906 1.0031229 0.2800358 -1.6493398 0.0237292 -0.9891936 -0.1343735 0.0536359
1782375483.899028 0.8892860 0.2770212 -1.6876166 0.0218044 -0.9721953 -0.1324374 0.1918885
1782375484.767169 0.7719471 0.2646293 -1.6367760 0.0214094 -0.9267923 -0.1272911 0.3526965
1782375485.034822 0.7325587 0.2599025 -1.6030040 0.0212088 -0.9009331 -0.1232264 0.4155539
1782375485.570230 0.6636307 0.2426658 -1.5084854 0.0191220 -0.8364927 -0.1137198 0.5357072
1782375485.837197 0.6476684 0.2329964 -1.4634979 0.0181326 -0.8044066 -0.1096586 0.5835891
1782375486.070745 0.6437446 0.2255490 -1.4196587 0.0177788 -0.7753458 -0.1055440 0.6224012
1782375486.371014 0.6418141 0.2176259 -1.3611274 0.0174295 -0.7391388 -0.1001590 0.6658365
1782375486.704651 0.6460778 0.2085605 -1.2987944 0.0163631 -0.6997823 -0.0942561 0.7079216
1782375487.138388 0.6617065 0.1982005 -1.2369385 0.0159832 -0.6600892 -0.0888831 0.7457390
1782375487.605480 0.6814247 0.1871041 -1.1462197 0.0165102 -0.6309111 -0.0848461 0.7710251
1782375488.105965 0.6964408 0.1734703 -1.0477281 0.0170167 -0.6267497 -0.0848296 0.7744025
1782375488.606443 0.6978669 0.1622379 -0.9621103 0.0180049 -0.6622400 -0.0906501 0.7435701
1782375489.006814 0.6952875 0.1525244 -0.8941224 0.0181609 -0.6889859 -0.0948516 0.7183118
1782375489.407174 0.6859846 0.1429355 -0.8272243 0.0193793 -0.7254104 -0.1006628 0.6806403
1782375489.807548 0.6629527 0.1345582 -0.7732866 0.0207036 -0.7780539 -0.1080473 0.6184894
1782375490.141202 0.6394660 0.1283449 -0.7353173 0.0218664 -0.8183195 -0.1135711 0.5630068
1782375490.374756 0.6215715 0.1242637 -0.7063727 0.0215657 -0.8423527 -0.1166327 0.5257125
1782375490.608305 0.6061930 0.1193965 -0.6757666 0.0215982 -0.8606644 -0.1190016 0.4945998
1782375490.841842 0.5934107 0.1149363 -0.6477487 0.0217637 -0.8743605 -0.1214209 0.4693368
1782375491.142097 0.5744441 0.1084080 -0.6039817 0.0218988 -0.8921619 -0.1243124 0.4337212
1782375491.475703 0.5476632 0.1016732 -0.5548732 0.0224333 -0.9114156 -0.1268866 0.3907916
1782375491.709244 0.5249345 0.0962989 -0.5251198 0.0226095 -0.9238952 -0.1289525 0.3595523
1782375491.976151 0.4925770 0.0908822 -0.4913042 0.0230241 -0.9381639 -0.1311323 0.3195667
1782375492.243054 0.4557404 0.0865379 -0.4614597 0.0232305 -0.9511135 -0.1331158 0.2777113
1782375492.376504 0.4341280 0.0829318 -0.4427503 0.0235879 -0.9560500 -0.1335452 0.2599573
1782375492.610039 0.3926127 0.0773038 -0.4107133 0.0233383 -0.9594672 -0.1337333 0.2469685
1782375492.810231 0.3605102 0.0727019 -0.3825943 0.0228383 -0.9553713 -0.1331962 0.2626840
1782375493.010421 0.3307330 0.0677607 -0.3522034 0.0222700 -0.9440480 -0.1311911 0.3017720
1782375493.177244 0.3059147 0.0633573 -0.3296793 0.0222503 -0.9316046 -0.1294896 0.3388956
1782375493.310700 0.2865686 0.0600075 -0.3109374 0.0217648 -0.9196495 -0.1276413 0.3707812
1782375493.477520 0.2603220 0.0557024 -0.2880878 0.0212253 -0.9028922 -0.1261803 0.4103826
1782375493.610977 0.2378394 0.0529192 -0.2739586 0.0210420 -0.8898039 -0.1250361 0.4383746
1782375493.744437 0.2129292 0.0504077 -0.2642312 0.0210944 -0.8770724 -0.1238403 0.4636406
1782375493.911259 0.1792950 0.0478985 -0.2520100 0.0212547 -0.8602054 -0.1219310 0.4946997
1782375494.111445 0.1396706 0.0447608 -0.2330671 0.0209336 -0.8385278 -0.1187053 0.5313587
1782375494.378356 0.0915017 0.0393524 -0.2071403 0.0201905 -0.8123233 -0.1147382 0.5714529
1782375494.678631 0.0475458 0.0348435 -0.1837260 0.0193123 -0.7877669 -0.1108090 0.6056169
1782375495.045646 0.0181459 0.0312687 -0.1665588 0.0192029 -0.7710058 -0.1082716 0.6272627
1782375495.979841 -0.0367711 0.0279694 -0.1499884 0.0214874 -0.7899994 -0.1102378 0.6027329
1782375496.813944 -0.0598396 0.0272565 -0.1495282 0.0215117 -0.8173225 -0.1136378 0.5644535
1782375498.749178 0.0284401 0.0252822 -0.1247959 0.0191524 -0.7685438 -0.1089218 0.6301664
1782375499.116215 0.0725702 0.0196578 -0.0823301 0.0172205 -0.7307920 -0.1027130 0.6746085
1782375499.483248 0.1077281 0.0141262 -0.0294091 0.0163813 -0.6753938 -0.0941641 0.7312373
1782375499.983723 0.1745746 0.0098086 0.0231709 0.0152165 -0.5889635 -0.0818706 0.8038580
1782375500.183907 0.1959148 0.0086219 0.0418113 0.0144076 -0.5485961 -0.0761272 0.8324898
1782375500.584268 0.2108003 0.0054829 0.0658632 0.0119224 -0.4496076 -0.0627394 0.8909403
1782375500.651091 0.2136570 0.0053004 0.0685701 0.0115452 -0.4279541 -0.0597408 0.9017500
1782375500.818154 0.2203294 -0.0013722 0.0732065 0.0089528 -0.3754567 -0.0518439 0.9253455
1782375501.386266 0.1728638 0.0028809 0.0494131 0.0057353 -0.2056357 -0.0281314 0.9782074
1782375501.988230 0.1213030 0.0035504 0.0099468 0.0022446 -0.0821927 -0.0103677 0.9965600
1782375502.557085 0.0742312 0.0050343 -0.0010484 0.0005217 -0.0094096 0.0004002 0.9999555
1782375510.132779 -0.1749184 -0.0320436 0.2525604 0.0152159 -0.4360307 -0.0628501 0.8976055
1782375510.933301 -0.2761036 -0.0445349 0.3074728 0.0166744 -0.5248471 -0.0761038 0.8476236
1782375511.567014 -0.3017274 -0.0592552 0.4165105 0.0159091 -0.4920394 -0.0693976 0.8676566
1782375512.034003 -0.2610083 -0.0694052 0.5110320 0.0149532 -0.4128044 -0.0568274 0.9089222
1782375512.567683 -0.1774893 -0.0778004 0.5765712 0.0139836 -0.3289487 -0.0452581 0.9431590
1782375513.001323 -0.0930982 -0.0821573 0.6092338 0.0128811 -0.2845359 -0.0391213 0.9577802
1782375513.401594 -0.0166362 -0.0848916 0.6293696 0.0117784 -0.2458778 -0.0337943 0.9686400
1782375513.768513 0.0537897 -0.0872223 0.6515096 0.0112795 -0.2288243 -0.0318293 0.9728819
1782375514.569070 0.1754826 -0.0953026 0.7116933 0.0115974 -0.2456561 -0.0342166 0.9686835
1782375515.102782 0.2815740 -0.0996256 0.7539212 0.0114217 -0.2394104 -0.0329789 0.9702910
1782375515.636467 0.3931038 -0.1038892 0.7931034 0.0104937 -0.2215130 -0.0310958 0.9746050
1782375516.203507 0.5043914 -0.1044973 0.8272854 0.0102924 -0.2071902 -0.0285289 0.9778305
1782375517.104101 0.6647741 -0.1103228 0.9159088 0.0121098 -0.2477594 -0.0343874 0.9681354
1782375517.604432 0.7622925 -0.1181032 0.9934244 0.0121392 -0.2507596 -0.0338535 0.9673811
1782375517.905025 0.8384814 -0.1230857 1.0518304 0.0123010 -0.2186839 -0.0283835 0.9753053
1782375519.040386 1.0645623 -0.1460507 1.2699867 0.0095019 -0.0637695 -0.0067601 0.9978966
1782375520.274886 1.3000656 -0.1494472 1.3210773 0.0000766 0.2032506 0.0298625 0.9786713
1782375520.741978 1.4061556 -0.1422894 1.2903078 -0.0028699 0.3228352 0.0473918 0.9452636
1782375521.876738 1.5350523 -0.1140366 1.1182499 -0.0068171 0.5531293 0.0815410 0.8290673
1782375526.049383 1.3692796 0.0092184 0.2693772 -0.0121406 0.6993324 0.0959005 0.7082302
1782375527.184078 1.3993331 0.0410903 0.0675150 -0.0111788 0.6298336 0.0855988 0.7719182
1782375528.819344 1.4801229 0.0975970 -0.3201797 -0.0109261 0.6716090 0.0921535 0.7350712
1782375530.421215 1.4928308 0.1562694 -0.7509683 -0.0132511 0.7887200 0.1087904 0.6049049
1782375532.990873 1.2598554 0.2399999 -1.3573487 -0.0186523 0.8864162 0.1217650 0.4461969
1782375533.524803 1.2203964 0.2550063 -1.4599137 -0.0187053 0.8812937 0.1201274 0.4566629
1782375534.459217 1.1840370 0.2609318 -1.5288726 -0.0184321 0.8313132 0.1144650 0.5435773
1782375535.026563 1.1260951 0.2716057 -1.6243796 -0.0179251 0.7947404 0.1105292 0.5965315
1782375535.360303 1.0832006 0.2813433 -1.7085180 -0.0169038 0.7894228 0.1095182 0.6037647
1782375535.627296 1.0622317 0.2894265 -1.7692964 -0.0174536 0.8049954 0.1111242 0.5825197
1782375535.961023 1.0555408 0.2997367 -1.8436074 -0.0179682 0.8246481 0.1145343 0.5536375
1782375536.394867 1.0573938 0.3130641 -1.9334160 -0.0181000 0.8251259 0.1138676 0.5530586
1782375536.561730 1.0415347 0.3176655 -1.9763474 -0.0193664 0.8396542 0.1163081 0.5301681
1782375536.695221 1.0190434 0.3231495 -2.0171113 -0.0184925 0.8583590 0.1193022 0.4986430
1782375536.895460 0.9779444 0.3320341 -2.0855007 -0.0191831 0.8873355 0.1237672 0.4437899
1782375537.028952 0.9477947 0.3355905 -2.1270330 -0.0197304 0.9058070 0.1273177 0.4036268
1782375537.229191 0.8959492 0.3425179 -2.1843572 -0.0200549 0.9296314 0.1306875 0.3439538
1782375537.496176 0.8260534 0.3510758 -2.2412848 -0.0192583 0.9542792 0.1335640 0.2667225
1782375537.796539 0.7369629 0.3571942 -2.2775738 -0.0197848 0.9748391 0.1338330 0.1771612
1782375538.030158 0.6651447 0.3591178 -2.2915988 -0.0212897 0.9857853 0.1352907 0.0973168
1782375538.263776 0.5857720 0.3596571 -2.2990239 -0.0219629 0.9902281 0.1361616 0.0206382
1782375538.464023 0.5179127 0.3579251 -2.2986493 0.0231302 -0.9896938 -0.1360597 0.0381968
1782375538.697640 0.4542136 0.3551388 -2.2948208 0.0234028 -0.9854972 -0.1355732 0.0993358
1782375539.031370 0.3626304 0.3499546 -2.2719440 0.0234015 -0.9737046 -0.1333067 0.1832513
1782375539.331728 0.2646418 0.3401880 -2.2345729 0.0230709 -0.9540073 -0.1311346 0.2685919
1782375539.698832 0.1364722 0.3277354 -2.1838644 0.0215166 -0.9236070 -0.1276690 0.3608154
1782375540.032569 0.0752935 0.3197997 -2.1341217 0.0204733 -0.8922977 -0.1228810 0.4339193
1782375540.466426 0.0952659 0.3143926 -2.0983417 0.0175926 -0.8475127 -0.1178113 0.5172361
1782375540.700162 0.1280336 0.3143775 -2.0769753 0.0162979 -0.7970055 -0.1099781 0.5936510
1782375541.034710 0.1938732 0.3048962 -2.0487089 0.0142581 -0.7253619 -0.1006658 0.6808181
1782375541.369310 0.2457244 0.2982991 -2.0003242 0.0151875 -0.6876903 -0.0943141 0.7196918
1782375541.770535 0.2918055 0.2907447 -1.9295936 0.0153948 -0.6539980 -0.0883175 0.7511656
1782375542.104197 0.3393437 0.2820471 -1.8713269 0.0155550 -0.6206897 -0.0838200 0.7794078
1782375542.404487 0.3721915 0.2761697 -1.8151448 0.0154039 -0.6023038 -0.0806860 0.7940294
1782375542.704778 0.4061442 0.2666926 -1.7624506 0.0150221 -0.5884011 -0.0788863 0.8045716
1782375543.005084 0.4283635 0.2611179 -1.7168229 0.0152886 -0.5833297 -0.0781982 0.8083179
1782375543.472221 0.4577316 0.2496256 -1.6296690 0.0157205 -0.5895228 -0.0799103 0.8036355
1782375543.872599 0.4775766 0.2391029 -1.5521331 0.0159396 -0.5960357 -0.0808108 0.7987221
1782375544.272957 0.5016651 0.2278454 -1.4751458 0.0150341 -0.5947716 -0.0801113 0.7997518
1782375544.606579 0.5304038 0.2206201 -1.4152582 0.0147013 -0.5827305 -0.0780306 0.8087770
1782375544.973594 0.5723056 0.2119672 -1.3442485 0.0141960 -0.5608549 -0.0750655 0.8243818
1782375545.540778 0.6408733 0.1970854 -1.2245314 0.0138087 -0.5347202 -0.0720691 0.8418370
1782375547.812317 0.6826277 0.1238237 -0.7052181 0.0170680 -0.6400632 -0.0897413 0.7628725
1782375548.280448 0.6308852 0.1068653 -0.5991895 0.0188504 -0.7039440 -0.0985295 0.7031356
1782375548.781804 0.5787539 0.0911464 -0.4832152 0.0184759 -0.7194445 -0.0997505 0.6871013
1782375549.215344 0.5496494 0.0748175 -0.3758820 0.0168851 -0.6767429 -0.0937659 0.7300287
1782375549.648849 0.4924982 0.0534997 -0.2354514 0.0148123 -0.5901669 -0.0830436 0.8028621
1782375550.715942 0.3940228 0.0224597 -0.0563826 0.0076526 -0.3292614 -0.0458044 0.9430962
1782375560.655755 -0.0392504 -0.0754632 0.5609465 0.0129331 -0.3699114 -0.0515127 0.9275478
1782375561.122753 0.0625537 -0.0820392 0.6124504 0.0107202 -0.2679249 -0.0368272 0.9626760
1782375563.258384 0.5202822 -0.1150754 0.9151109 0.0099556 -0.1719235 -0.0242062 0.9847625
1782375563.826379 0.6353741 -0.1245426 1.0177093 0.0106622 -0.1844645 -0.0254131 0.9824528
1782375564.260760 0.7303317 -0.1355530 1.1075979 0.0106784 -0.1798186 -0.0238650 0.9833523
1782375564.594958 0.8108184 -0.1402760 1.1727090 0.0112283 -0.1561785 -0.0192632 0.9874772
1782375564.862071 0.8724000 -0.1429563 1.2051383 0.0101594 -0.1110519 -0.0124675 0.9936845
1782375565.129063 0.9355141 -0.1432742 1.2207263 0.0091295 -0.0557670 -0.0044658 0.9983921
1782375565.429430 1.0134202 -0.1444558 1.2373619 0.0070310 0.0113308 0.0044555 0.9999012
1782375565.629675 1.0633038 -0.1479408 1.2564595 0.0050245 0.0530902 0.0094105 0.9985328
1782375565.863288 1.1326332 -0.1484596 1.2915807 0.0033174 0.1011822 0.0158000 0.9947369
1782375567.264953 1.4578485 -0.1400685 1.2810743 -0.0033103 0.3701529 0.0534375 0.9274267
1782375567.632054 1.4893222 -0.1243824 1.1742506 -0.0057180 0.4827515 0.0709117 0.8728630
1782375567.765716 1.4918047 -0.1181538 1.1317687 -0.0061410 0.5230282 0.0767152 0.8488337
1782375567.932980 1.4964755 -0.1103791 1.0773315 -0.0067551 0.5706668 0.0839491 0.8168514
1782375568.066800 1.4997165 -0.1048030 1.0372658 -0.0074569 0.6037822 0.0879823 0.7922441
1782375568.167170 1.5025128 -0.0992289 1.0074624 -0.0078581 0.6251394 0.0902887 0.7752335
1782375568.301003 1.5049734 -0.0931807 0.9637686 -0.0080652 0.6489219 0.0933720 0.7550609
1782375568.434845 1.5105187 -0.0817671 0.9215144 -0.0079308 0.6689492 0.0941080 0.7372840
1782375568.669088 1.5089624 -0.0690624 0.8415796 -0.0086824 0.6957092 0.0981796 0.7115294
1782375568.969458 1.4880971 -0.0538739 0.7449980 -0.0099829 0.7103398 0.0987757 0.6968222
1782375569.169650 1.4679954 -0.0467148 0.6860743 -0.0104711 0.7094302 0.0986140 0.6977639
1782375569.403206 1.4457600 -0.0368745 0.6190140 -0.0106504 0.7046412 0.0973373 0.7027751
1782375569.670123 1.4217274 -0.0242921 0.5317597 -0.0106344 0.7007763 0.0971058 0.7066612
1782375570.003782 1.3978190 -0.0112342 0.4302436 -0.0114120 0.6971025 0.0962204 0.7103940
1782375570.203975 1.3896999 -0.0022754 0.3693527 -0.0116383 0.7037109 0.0970875 0.7037255
1782375570.404166 1.3862277 0.0084351 0.2987390 -0.0114766 0.7163012 0.0980270 0.6907761
1782375570.671083 1.4003409 0.0235038 0.1991090 -0.0123398 0.7276255 0.0987824 0.6787127
1782375570.938011 1.4003215 0.0361407 0.1064867 -0.0127833 0.7416810 0.1014040 0.6629201
1782375571.138205 1.3879144 0.0440723 0.0434004 -0.0141747 0.7611242 0.1048096 0.6399250
1782375571.505221 1.3450577 0.0450445 -0.0859863 -0.0163439 0.7997435 0.1157879 0.5888433
1782375576.309760 1.0307578 0.2760442 -1.6795782 -0.0205959 0.8952897 0.1230106 0.4276688
1782375577.377406 0.8623850 0.3225753 -2.0547383 -0.0228018 0.9634646 0.1335995 0.2310135
1782375577.811142 0.7888899 0.3474188 -2.2020347 -0.0222091 0.9889068 0.1355331 0.0565771
1782375578.178175 0.6830651 0.3591827 -2.2961154 0.0222027 -0.9850663 -0.1367812 0.1021877
1782375578.845492 0.4652064 0.3515783 -2.2891393 0.0221910 -0.9035290 -0.1260579 0.4089648
1782375579.079047 0.3958848 0.3379032 -2.2089324 0.0205228 -0.8485824 -0.1181502 0.5152934
1782375579.446055 0.3377423 0.3098273 -2.0629272 0.0177657 -0.7454289 -0.1032480 0.6583009
1782375579.779700 0.3321486 0.2896447 -1.9406357 0.0156853 -0.6488224 -0.0892254 0.7555278
1782375580.113363 0.3680569 0.2729526 -1.8260999 0.0137215 -0.5608701 -0.0763445 0.8242621
1782375580.380289 0.4121009 0.2619437 -1.7409942 0.0127571 -0.4976928 -0.0666586 0.8646941
1782375580.980877 0.5252320 0.2394793 -1.5551945 0.0116874 -0.4151134 -0.0564536 0.9079412
1782375584.786164 0.6082545 0.0712430 -0.3658746 0.0190748 -0.7394492 -0.1045474 0.6647713
1782375586.790593 0.3357696 0.0041181 0.0274835 0.0049508 -0.2431582 -0.0330380 0.9694112
1782375587.257696 0.3001584 0.0045100 0.0196900 0.0018641 -0.0868624 -0.0095976 0.9961724
1782375587.791519 0.2039683 0.0051675 -0.0163698 -0.0015574 0.0326493 0.0061611 0.9994467
