1781254294.815118 0.000000 0.000000 0.000000 0.000000 0.000000 0.000000 1.000000
1781254297.303334 0.279437 -0.004634 0.040705 -0.000892 -0.015560 -0.002261 0.999876
1781254298.305410 0.623781 -0.002540 0.119954 -0.001270 -0.051203 -0.000655 0.998687
1781254299.373671 1.005052 0.006327 0.242684 0.002612 -0.074498 -0.000004 0.997218
1781254300.375111 1.399248 -0.006003 0.308433 0.002351 -0.020915 -0.003477 0.999772
1781254301.410177 1.874626 -0.012289 0.356220 0.002334 0.012813 -0.009674 0.999868
1781254302.611706 2.403973 -0.020243 0.424573 0.005673 0.015583 -0.014387 0.999759
1781254303.846604 2.886847 -0.039023 0.422240 0.007491 0.128359 -0.021662 0.991463
1781254304.847934 3.161355 -0.057829 0.279604 0.014365 0.338832 -0.029610 0.940271
1781254305.849275 3.335076 -0.079807 0.007124 0.019528 0.596932 -0.040259 0.801043
1781254306.917274 3.316226 -0.090056 -0.340325 0.026226 0.838228 -0.050951 0.542300
1781254308.219046 3.000214 -0.106786 -0.637649 0.025530 0.978476 -0.050432 0.198469
1781254309.453992 2.594594 -0.092335 -0.623506 0.023448 0.976577 -0.045653 -0.208956
1781254310.455321 2.260162 -0.077296 -0.454227 0.020672 0.953898 -0.041923 -0.296467
1781254311.490048 1.886153 -0.053194 -0.421336 0.021982 0.987123 -0.046823 -0.151368
1781254312.758316 1.495859 -0.049602 -0.581375 0.022199 0.993644 -0.050527 0.098115
1781254314.093374 1.174374 -0.055560 -0.934480 0.020936 0.940918 -0.048708 0.334458
1781254315.194788 1.088334 -0.061836 -1.262835 0.020887 0.880584 -0.049642 0.470820
1781254316.262815 1.045730 -0.070486 -1.390008 0.019252 0.886583 -0.049705 0.459489
1781254318.499014 0.827284 -0.077192 -1.548836 0.016733 0.979227 -0.052655 0.195094
1781254319.600359 0.466895 -0.063643 -1.516898 0.013082 0.984543 -0.053323 -0.166314
