1781254295.070363 0.000000 0.000000 0.000000 0.000000 0.000000 0.000000 1.000000
1781254298.605861 0.719312 0.009952 0.150107 0.002027 -0.044521 -0.000998 0.999006
1781254299.840971 1.165146 0.003070 0.275858 0.001612 -0.057850 0.001627 0.998323
1781254301.076382 1.701465 -0.005041 0.335010 0.000350 0.021410 -0.004306 0.999761
1781254302.177799 2.181090 -0.013211 0.391918 -0.000183 0.019015 -0.007320 0.999792
1781254303.312618 2.654769 -0.016923 0.415272 0.004536 0.071271 -0.012955 0.997363
1781254304.313863 2.993530 -0.029425 0.338139 0.007276 0.229530 -0.018707 0.973095
1781254305.582256 3.294013 -0.045673 0.022222 0.014396 0.531179 -0.036293 0.846360
1781254307.050768 3.276667 -0.088029 -0.467455 0.013987 0.861709 -0.052515 0.504484
1781254308.285800 2.955781 -0.108811 -0.750292 0.015972 0.982378 -0.055886 0.177640
1781254309.353861 2.599258 -0.108896 -0.732419 0.017077 0.983333 -0.053853 -0.172811
1781254310.355183 2.264734 -0.090908 -0.589263 0.016135 0.953401 -0.052456 -0.296672
1781254311.556799 1.816730 -0.078082 -0.526704 0.016406 0.989871 -0.054846 -0.129915
1781254312.758316 1.432963 -0.079072 -0.704693 0.013267 0.991563 -0.056629 0.115843
1781254314.260257 1.107780 -0.095761 -1.106269 0.011152 0.925990 -0.052507 0.373712
1781254315.628676 1.005946 -0.118433 -1.510235 0.010092 0.879841 -0.050813 0.472436
1781254317.864867 0.942465 -0.115959 -1.612962 0.006995 0.910255 -0.057733 0.409943
1781254318.866134 0.691842 -0.125001 -1.710727 0.009141 0.994197 -0.058996 0.089492
1781254319.967464 0.336914 -0.108495 -1.609503 0.008881 0.971035 -0.060492 -0.230983
1781254321.335760 -0.144607 -0.080894 -1.305963 0.007120 0.929706 -0.060710 -0.363194
1781254322.470506 -0.470249 -0.056970 -1.008827 -0.004622 -0.843345 0.058430 0.534166
