1782375441.848844 0.000000 0.000000 0.000000 0.000000 0.000000 0.000000 1.000000
1782375449.991769 0.006505 -0.010615 0.093231 0.006807 -0.149663 -0.022823 0.988450
1782375451.059726 -0.054651 -0.015728 0.176129 0.011286 -0.281245 -0.040997 0.958694
1782375452.194457 -0.149320 -0.032473 0.242670 0.014156 -0.377976 -0.053265 0.924173
1782375453.197281 -0.208647 -0.049793 0.335090 0.015996 -0.410412 -0.056520 0.910006
1782375454.232592 -0.148080 -0.067051 0.434346 0.013616 -0.329725 -0.045644 0.942875
1782375455.300261 -0.048649 -0.074111 0.508579 0.013802 -0.309545 -0.041699 0.949870
1782375456.301197 0.057122 -0.077986 0.597260 0.015324 -0.306693 -0.040954 0.950803
1782375457.302148 0.198534 -0.090446 0.683294 0.013684 -0.269658 -0.036513 0.962166
1782375458.369821 0.349460 -0.098694 0.806344 0.018177 -0.292005 -0.039576 0.955425
1782375459.404082 0.491772 -0.110731 0.888374 0.015992 -0.256294 -0.034727 0.965843
1782375460.471755 0.653337 -0.123634 0.995183 0.014970 -0.248333 -0.033844 0.967968
1782375461.472689 0.778454 -0.139167 1.112960 0.015992 -0.282375 -0.037500 0.958437
1782375462.475947 0.918347 -0.151098 1.195800 0.014298 -0.247316 -0.033982 0.968233
1782375463.476913 1.061136 -0.169576 1.362223 0.013359 -0.221546 -0.030382 0.974585
1782375464.544343 1.189507 -0.184824 1.490084 0.009793 -0.110727 -0.016449 0.993666
1782375465.578420 1.364324 -0.180197 1.493439 0.007197 0.083996 0.009228 0.996397
1782375466.612490 1.544461 -0.161004 1.431355 0.006296 0.275158 0.038916 0.960590
1782375467.746642 1.644877 -0.146948 1.257621 -0.002538 0.484056 0.071576 0.872101
1782375468.747597 1.656544 -0.112723 1.073667 -0.004125 0.632062 0.091666 0.769466
1782375469.749603 1.625822 -0.083183 0.899066 -0.004428 0.708618 0.101916 0.698180
1782375470.883951 1.563045 -0.047295 0.660127 -0.006705 0.746696 0.105984 0.656633
1782375471.951606 1.521093 -0.020308 0.475204 -0.008318 0.745313 0.104073 0.658490
1782375472.985879 1.478491 -0.001188 0.270333 -0.009467 0.752484 0.106784 0.649827
1782375474.020149 1.513571 0.042198 0.079269 -0.011015 0.758287 0.106000 0.643152
1782375475.054394 1.493432 0.059769 -0.082541 -0.009288 0.744536 0.105007 0.659207
1782375476.055303 1.514492 0.079250 -0.279517 -0.012557 0.746801 0.108715 0.655982
1782375477.122988 1.567031 0.119654 -0.533955 -0.011183 0.754540 0.106035 0.647534
1782375478.158136 1.534533 0.150564 -0.781446 -0.014162 0.803777 0.113013 0.583927
1782375479.226659 1.513003 0.185495 -1.057237 -0.016677 0.818304 0.117443 0.562412
1782375480.261221 1.413180 0.214911 -1.270844 -0.018110 0.873186 0.125489 0.470607
1782375481.262438 1.326538 0.242400 -1.431864 -0.020241 0.941785 0.134706 0.307385
1782375482.297033 1.201160 0.262217 -1.604246 -0.020157 0.984474 0.140107 0.103798
1782375483.331664 1.032784 0.275422 -1.734979 -0.021810 0.986484 0.139508 -0.083134
1782375484.366253 0.871317 0.266506 -1.734980 -0.022261 0.958863 0.136758 -0.247757
1782375485.469831 0.699101 0.231115 -1.595002 -0.019421 0.859080 0.122775 -0.496519
1782375486.571190 0.652350 0.199763 -1.378653 0.015864 -0.728712 -0.102365 0.676941
1782375487.572114 0.670478 0.186059 -1.201683 0.016113 -0.646846 -0.089483 0.757181
1782375488.639807 0.697272 0.147043 -1.014850 0.015760 -0.674639 -0.094926 0.731849
1782375489.707450 0.672118 0.118413 -0.847640 0.017413 -0.769202 -0.109105 0.629381
1782375490.708393 0.598098 0.101004 -0.725135 -0.018862 0.870276 0.122325 -0.476761
1782375491.709244 0.507434 0.087132 -0.591260 -0.019615 0.925847 0.129100 -0.354621
1782375492.776866 0.351591 0.062612 -0.447558 -0.020048 0.956525 0.132632 -0.258971
1782375493.844530 0.180370 0.035977 -0.313321 -0.019637 0.863786 0.123428 -0.488113
1782375494.945552 0.019528 0.014549 -0.212656 0.017282 -0.767116 -0.109177 0.631914
1782375496.980776 -0.077259 0.009814 -0.181216 0.018716 -0.808895 -0.112622 0.576762
1782375499.049482 0.052326 0.006570 -0.126620 0.014960 -0.726043 -0.102386 0.679819
1782375500.217271 0.197586 -0.010663 0.014971 0.012070 -0.528514 -0.075347 0.845488
1782375501.252578 0.181047 -0.003364 0.046841 0.005645 -0.235587 -0.032231 0.971302
1782375502.423224 0.081014 -0.001797 -0.001990 -0.000276 -0.020208 -0.001546 0.999795
1782375508.865248 -0.038000 -0.018268 0.154076 0.009347 -0.241330 -0.034883 0.969771
1782375509.865929 -0.152651 -0.030509 0.225737 0.014347 -0.398518 -0.057366 0.915252
1782375510.899946 -0.264511 -0.053040 0.296823 0.015695 -0.520288 -0.073368 0.850689
1782375511.933935 -0.273170 -0.074998 0.489751 0.014279 -0.431573 -0.058034 0.900096
1782375513.034680 -0.093153 -0.086613 0.611718 0.013275 -0.280866 -0.036433 0.958963
1782375514.035375 0.081045 -0.089762 0.674717 0.013663 -0.237208 -0.031823 0.970841
1782375515.102782 0.270552 -0.093319 0.757811 0.015893 -0.236160 -0.030502 0.971105
1782375516.370275 0.523340 -0.102483 0.840838 0.013769 -0.206621 -0.027674 0.977933
1782375517.437659 0.720688 -0.115591 0.965349 0.014127 -0.257126 -0.035583 0.965619
1782375518.606603 0.990213 -0.149033 1.186767 0.011225 -0.136180 -0.019869 0.990421
1782375519.640962 1.185584 -0.160195 1.322434 0.006676 0.050763 0.005631 0.998673
1782375520.775343 1.455563 -0.146800 1.279889 0.001942 0.320532 0.047000 0.946069
1782375521.943568 1.603142 -0.118865 1.104171 -0.003901 0.554771 0.082778 0.827866
1782375522.945708 1.579200 -0.087906 0.914229 -0.004223 0.653619 0.094681 0.750866
1782375523.980271 1.551402 -0.055054 0.698602 -0.006009 0.700697 0.101238 0.706214
1782375525.014834 1.496533 -0.022797 0.473170 -0.008317 0.712219 0.101755 0.694494
1782375526.049383 1.454004 0.004015 0.252391 -0.009306 0.688724 0.097874 0.718327
1782375527.083959 1.487019 0.046719 0.070741 -0.006955 0.625217 0.085937 0.775674
1782375528.151892 1.569610 0.071608 -0.161282 -0.006651 0.609196 0.085426 0.788377
1782375529.186442 1.572787 0.108749 -0.443616 -0.009504 0.700844 0.099167 0.706324
1782375530.187611 1.591400 0.140429 -0.712003 -0.012404 0.775055 0.110845 0.621972
1782375531.222149 1.556777 0.173993 -0.949330 -0.013511 0.785546 0.112431 0.608354
1782375532.323441 1.434133 0.217388 -1.232744 -0.016077 0.852309 0.122033 0.508349
1782375533.324579 1.332685 0.252288 -1.479720 -0.015960 0.877657 0.121709 0.463304
1782375534.325729 1.294404 0.257090 -1.563811 -0.017613 0.829248 0.118710 0.545843
1782375535.326929 1.197036 0.279641 -1.755098 -0.015561 0.774479 0.112411 0.622337
1782375536.361495 1.180458 0.319722 -1.976860 -0.016056 0.811971 0.114069 0.572219
1782375537.396057 0.979666 0.362130 -2.274193 -0.015873 0.941495 0.133768 0.308937
1782375538.430648 0.632531 0.371825 -2.364531 -0.020411 0.989778 0.139973 -0.018177
1782375539.732206 0.200014 0.342155 -2.255877 -0.020357 0.926737 0.131998 -0.351170
1782375540.833975 0.195226 0.331211 -2.136016 0.014405 -0.779392 -0.110174 0.616605
1782375541.937367 0.359173 0.274875 -1.962528 0.013442 -0.649046 -0.090608 0.755214
1782375543.238653 0.457254 0.254772 -1.724627 0.014480 -0.598038 -0.082783 0.797050
1782375544.306319 0.511542 0.223579 -1.531624 0.013633 -0.607130 -0.084220 0.790009
1782375545.307234 0.613244 0.197385 -1.325403 0.012452 -0.558216 -0.076743 0.826045
1782375546.641756 0.666849 0.150562 -1.051832 0.013282 -0.609201 -0.085962 0.788232
1782375547.979498 0.663272 0.095995 -0.718203 0.014472 -0.673255 -0.096343 0.732964
1782375549.248692 0.537985 0.049544 -0.416912 0.013531 -0.680187 -0.096403 0.726546
1782375550.282453 0.414376 0.002816 -0.140910 0.007834 -0.444903 -0.063987 0.893255
1782375552.049818 0.179715 0.003502 -0.016476 0.001248 -0.082241 -0.010368 0.996558
1782375553.317013 0.043907 0.003507 -0.018928 -0.000806 -0.003154 0.000844 0.999994
1782375558.053957 0.012541 -0.015730 0.116664 0.009691 -0.272314 -0.039833 0.961335
1782375559.288162 -0.082396 -0.047335 0.276679 0.015743 -0.537691 -0.076564 0.839511
1782375560.322211 -0.099543 -0.084800 0.514066 0.011971 -0.436053 -0.059993 0.897839
1782375561.389598 0.115450 -0.086696 0.647112 0.012446 -0.219664 -0.028885 0.975069
1782375562.423632 0.306864 -0.102127 0.812871 0.014452 -0.199513 -0.025382 0.979460
1782375563.492260 0.558729 -0.122318 0.955733 0.011597 -0.177561 -0.023680 0.983757
1782375564.494693 0.781808 -0.144864 1.157975 0.012757 -0.165114 -0.019443 0.986000
1782375565.496178 1.045272 -0.152898 1.246338 0.009007 0.023857 0.004491 0.999665
1782375566.530749 1.342134 -0.149971 1.368932 0.007603 0.202547 0.028028 0.978842
1782375567.565309 1.540776 -0.136769 1.198514 -0.002498 0.455420 0.069382 0.887566
1782375568.669088 1.576735 -0.079541 0.843164 -0.006850 0.686572 0.101753 0.719874
1782375569.670122 1.502466 -0.026982 0.520733 -0.007994 0.690620 0.099575 0.716286
1782375570.704449 1.489428 0.028417 0.176648 -0.009842 0.720292 0.101296 0.686165
1782375571.738775 1.429928 0.066321 -0.186243 -0.012503 0.805333 0.116282 0.581172
1782375572.739701 1.410017 0.114940 -0.518571 -0.011381 0.812399 0.115054 0.571525
1782375573.773997 1.395882 0.163919 -0.905836 -0.013512 0.819999 0.116188 0.560286
1782375574.774950 1.348423 0.213240 -1.226405 -0.015951 0.845790 0.120291 0.519533
1782375575.775930 1.185643 0.267870 -1.549264 -0.015712 0.884622 0.121764 0.449856
1782375576.843579 1.081039 0.318585 -1.927354 -0.017836 0.916816 0.127370 0.378032
1782375577.844509 0.898924 0.365038 -2.272694 -0.019752 0.988816 0.137383 0.054577
1782375578.912222 0.510229 0.352044 -2.322310 -0.019734 0.898462 0.129877 -0.418938
1782375580.079998 0.404697 0.262834 -1.895795 0.012208 -0.587378 -0.083121 0.804940
1782375581.247808 0.585215 0.214435 -1.528680 0.010667 -0.451314 -0.064475 0.889969
1782375582.415568 0.677279 0.168976 -1.148283 0.011649 -0.533381 -0.075598 0.842410
1782375583.516613 0.721818 0.105283 -0.800694 0.011946 -0.627466 -0.089850 0.773350
1782375584.619010 0.625190 0.049759 -0.471312 0.015100 -0.747100 -0.105624 0.656093
1782375585.656054 0.424137 -0.005342 -0.208370 0.007586 -0.598537 -0.086872 0.796335
1782375586.790593 0.326778 -0.009769 0.010684 0.004015 -0.245600 -0.034318 0.968755
1782375587.791519 0.207164 0.007677 -0.013095 -0.000965 0.030667 0.006497 0.999508
1782375588.825851 0.043647 0.003847 -0.027089 -0.000582 -0.021799 -0.002307 0.999760
