1781254295.133889 0.0000000 0.0000000 0.0000000 -0.0000000 -0.0000000 -0.0000000 1.0000000
1781254296.635653 0.1313056 -0.0021374 0.0072595 -0.0003428 -0.0012323 -0.0004945 0.9999991
1781254296.669032 0.1380157 -0.0019235 0.0090012 -0.0003007 -0.0013923 -0.0005256 0.9999989
1781254296.869306 0.1785884 -0.0027553 0.0179487 -0.0004319 -0.0068289 -0.0005633 0.9999765
1781254297.169742 0.2501975 -0.0036623 0.0318828 -0.0007033 -0.0131436 -0.0003439 0.9999133
1781254297.470336 0.3359854 -0.0036262 0.0497127 -0.0002413 -0.0262852 0.0000605 0.9996545
1781254297.737572 0.4245495 -0.0046681 0.0685617 -0.0009446 -0.0381210 0.0005191 0.9992726
1781254298.004848 0.5178731 -0.0069046 0.0875714 -0.0021376 -0.0472068 0.0004294 0.9988828
1781254298.305410 0.6302124 -0.0064897 0.1120404 -0.0026246 -0.0520261 0.0000744 0.9986423
1781254298.572477 0.7363269 -0.0084465 0.1394743 -0.0037363 -0.0537361 0.0004479 0.9985481
1781254298.839554 0.8423837 -0.0085435 0.1706495 -0.0039676 -0.0539927 0.0009152 0.9985331
1781254299.173402 0.9596186 -0.0085064 0.2092919 -0.0036517 -0.0664245 0.0013829 0.9977838
1781254299.573942 1.0968943 -0.0076902 0.2587029 -0.0026582 -0.0823434 0.0022974 0.9965978
1781254299.840971 1.2041298 -0.0065607 0.2835949 -0.0019255 -0.0682594 0.0013294 0.9976649
1781254300.041243 1.2875401 -0.0068007 0.2975605 -0.0006512 -0.0539781 0.0008128 0.9985416
1781254300.341720 1.4154968 -0.0099255 0.3152976 -0.0013219 -0.0315625 -0.0012983 0.9995001
1781254300.575462 1.5180029 -0.0098997 0.3277365 -0.0011831 -0.0155699 -0.0025978 0.9998747
1781254300.775822 1.6105696 -0.0126033 0.3361666 -0.0017972 -0.0024453 -0.0036996 0.9999886
1781254300.876007 1.6597118 -0.0086497 0.3461592 -0.0003315 0.0015381 -0.0045714 0.9999883
1781254300.976193 1.7087777 -0.0134383 0.3485269 -0.0018971 0.0054984 -0.0048580 0.9999713
1781254301.143175 1.7855121 -0.0154684 0.3578479 -0.0021683 0.0060537 -0.0053778 0.9999649
1781254301.310052 1.8611513 -0.0163338 0.3681139 -0.0017058 0.0066092 -0.0059046 0.9999593
1781254301.476928 1.9369994 -0.0165845 0.3781554 -0.0013377 0.0047098 -0.0056447 0.9999721
1781254301.577054 1.9830320 -0.0161184 0.3861178 -0.0011639 0.0030105 -0.0058801 0.9999775
1781254301.677178 2.0287607 -0.0163258 0.3945369 -0.0011611 0.0010501 -0.0058225 0.9999818
1781254301.810677 2.0920458 -0.0158165 0.4045832 -0.0004007 0.0017919 -0.0057025 0.9999821
1781254301.910800 2.1378031 -0.0158142 0.4125242 -0.0006469 -0.0009498 -0.0058554 0.9999822
1781254302.044298 2.1966105 -0.0158473 0.4224815 -0.0002863 -0.0016797 -0.0060001 0.9999806
1781254302.144421 2.2403235 -0.0172442 0.4286463 -0.0004406 -0.0033961 -0.0056770 0.9999780
1781254302.277932 2.2968736 -0.0163358 0.4378245 0.0003178 -0.0018286 -0.0061797 0.9999792
1781254302.378064 2.3412719 -0.0173214 0.4408940 0.0008606 0.0020313 -0.0065664 0.9999760
1781254302.511574 2.3985870 -0.0183055 0.4459383 0.0010843 0.0066237 -0.0069329 0.9999534
1781254302.678461 2.4716768 -0.0214515 0.4538123 0.0004346 0.0143038 -0.0068176 0.9998744
1781254302.912104 2.5718074 -0.0260481 0.4600489 -0.0004988 0.0288482 -0.0078259 0.9995531
1781254303.179120 2.6737878 -0.0276714 0.4650563 0.0004266 0.0449170 -0.0099749 0.9989408
1781254303.379367 2.7472074 -0.0299199 0.4679070 -0.0001788 0.0551629 -0.0099306 0.9984280
1781254303.579612 2.8207927 -0.0318272 0.4655028 -0.0004599 0.0766840 -0.0109626 0.9969951
1781254303.746483 2.8833549 -0.0343446 0.4555485 -0.0006145 0.1021338 -0.0117686 0.9947009
1781254303.980099 2.9663870 -0.0387693 0.4374566 -0.0006200 0.1410922 -0.0133462 0.9899063
1781254304.313863 3.0731785 -0.0438962 0.3972178 0.0011022 0.2052986 -0.0160471 0.9785672
1781254304.847934 3.2144094 -0.0584820 0.3006715 0.0023155 0.3227353 -0.0221094 0.9462281
1781254305.281861 3.2994208 -0.0654659 0.1994151 0.0039293 0.4434209 -0.0306392 0.8957811
1781254305.582256 3.3552253 -0.0777154 0.1119933 0.0038308 0.5180244 -0.0336762 0.8546941
1781254305.782520 3.3901694 -0.0830012 0.0436380 0.0044065 0.5645880 -0.0372433 0.8245204
1781254305.982784 3.4131243 -0.0899593 -0.0272641 0.0046643 0.6126879 -0.0407831 0.7892582
1781254306.316541 3.4353304 -0.0932066 -0.1590447 0.0073215 0.6891221 -0.0484910 0.7229839
1781254306.650284 3.4229853 -0.0942406 -0.3018732 0.0103211 0.7612282 -0.0562897 0.6459540
1781254307.017394 3.3829126 -0.1028765 -0.4296842 0.0127555 0.8373451 -0.0610191 0.5431089
1781254307.317788 3.3312073 -0.1090264 -0.5261588 0.0143876 0.8823650 -0.0630600 0.4660992
1781254307.584827 3.2709885 -0.1128634 -0.6069946 0.0169609 0.9156491 -0.0643863 0.3964260
1781254307.718347 3.2357845 -0.1190302 -0.6387060 0.0172957 0.9291152 -0.0637665 0.3638400
1781254307.818489 3.2045326 -0.1216628 -0.6647418 0.0170596 0.9378090 -0.0643265 0.3407130
1781254307.918630 3.1844594 -0.1206767 -0.6881592 0.0179900 0.9472432 -0.0650261 0.3133342
1781254308.018771 3.1476686 -0.1234159 -0.7096221 0.0181178 0.9550911 -0.0651278 0.2884980
1781254308.185669 3.1011860 -0.1237765 -0.7419086 0.0198628 0.9671137 -0.0651963 0.2450430
1781254308.285800 3.0703042 -0.1252075 -0.7590530 0.0198007 0.9737056 -0.0653275 0.2173421
1781254308.519439 3.0004237 -0.1243625 -0.7884059 0.0212834 0.9852751 -0.0660635 0.1562549
1781254308.719700 2.9403412 -0.1225274 -0.8050967 0.0216562 0.9927329 -0.0660247 0.0982501
1781254308.886585 2.8779681 -0.1218662 -0.8072681 0.0226445 0.9968970 -0.0651617 0.0379138
1781254308.986715 2.8394814 -0.1210247 -0.8015269 -0.0233087 -0.9976218 0.0648525 0.0012777
1781254309.053468 2.8130360 -0.1189717 -0.8026103 -0.0230961 -0.9972181 0.0650823 0.0280525
1781254309.186975 2.7643905 -0.1172923 -0.7914747 -0.0242477 -0.9946645 0.0643398 0.0769095
1781254309.287107 2.7253489 -0.1137873 -0.7843107 -0.0243755 -0.9913882 0.0642531 0.1114759
1781254309.353861 2.7064331 -0.1144326 -0.7717646 -0.0240203 -0.9886644 0.0634460 0.1339417
1781254309.420615 2.6764753 -0.1114825 -0.7696081 -0.0247215 -0.9862381 0.0635353 0.1506207
1781254309.520746 2.6430595 -0.1089450 -0.7569588 -0.0244203 -0.9807993 0.0629326 0.1829646
1781254309.587500 2.6212788 -0.1084528 -0.7477896 -0.0246526 -0.9782222 0.0621591 0.1964939
1781254309.687631 2.5886238 -0.1063024 -0.7342966 -0.0239977 -0.9721338 0.0618212 0.2248516
1781254309.821138 2.5409999 -0.1037939 -0.7125533 -0.0242824 -0.9660928 0.0607574 0.2497670
1781254309.988024 2.4835172 -0.1008729 -0.6873804 -0.0234533 -0.9608444 0.0600587 0.2694828
1781254310.255046 2.3864522 -0.0951162 -0.6574601 -0.0235000 -0.9624295 0.0601066 0.2637506
1781254310.488700 2.2999678 -0.0906544 -0.6339588 -0.0233020 -0.9662660 0.0606961 0.2492047
1781254310.688977 2.2242680 -0.0870780 -0.6197246 -0.0234708 -0.9718696 0.0614310 0.2261526
1781254310.889254 2.1501355 -0.0836766 -0.6144186 -0.0234234 -0.9781353 0.0619381 0.1971452
1781254311.089531 2.0777655 -0.0809647 -0.6134376 -0.0234938 -0.9831847 0.0626187 0.1699261
1781254311.323170 1.9978137 -0.0777677 -0.6208606 -0.0229687 -0.9886642 0.0635387 0.1340841
1781254311.556799 1.9128070 -0.0771807 -0.6342234 -0.0223656 -0.9931585 0.0635365 0.0953900
1781254311.757052 1.8462040 -0.0759766 -0.6516844 -0.0217250 -0.9956903 0.0643504 0.0631488
1781254311.957304 1.7819179 -0.0747089 -0.6788847 -0.0208606 -0.9973120 0.0649084 0.0268421
1781254312.090806 1.7383814 -0.0758277 -0.6994382 0.0205482 0.9976783 -0.0648744 0.0026640
1781254312.291059 1.6755688 -0.0772204 -0.7349380 0.0194960 0.9965217 -0.0653386 0.0479104
1781254312.457937 1.6251420 -0.0786576 -0.7684066 0.0192319 0.9940335 -0.0655210 0.0850559
1781254312.658189 1.5680151 -0.0817531 -0.8119915 0.0185667 0.9891677 -0.0657800 0.1299055
1781254312.825067 1.5190419 -0.0816170 -0.8498985 0.0184018 0.9841577 -0.0662888 0.1634040
1781254313.058694 1.4507529 -0.0827844 -0.9078759 0.0178475 0.9770768 -0.0662370 0.2015318
1781254313.258950 1.3992078 -0.0865687 -0.9628888 0.0175334 0.9709293 -0.0655896 0.2295364
1781254313.459213 1.3505419 -0.0884616 -1.0236719 0.0176717 0.9619836 -0.0653142 0.2645927
1781254313.626097 1.3143705 -0.0920218 -1.0756549 0.0167773 0.9536012 -0.0643880 0.2936280
1781254313.826359 1.2804348 -0.0946605 -1.1390165 0.0163607 0.9428373 -0.0637815 0.3266835
1781254313.993243 1.2610408 -0.0972118 -1.1935415 0.0152381 0.9308173 -0.0630652 0.3596800
1781254314.160128 1.2459052 -0.0997245 -1.2409961 0.0143515 0.9189426 -0.0632254 0.3890257
1781254314.393761 1.2257550 -0.1054299 -1.3069866 0.0131977 0.9023348 -0.0624185 0.4262883
1781254314.627394 1.2151008 -0.1107697 -1.3760376 0.0126876 0.8830879 -0.0619273 0.4649299
1781254314.894404 1.2067373 -0.1162041 -1.4573376 0.0124417 0.8644387 -0.0608692 0.4988848
1781254315.161412 1.1882472 -0.1230861 -1.5416683 0.0120390 0.8579763 -0.0605336 0.5099682
1781254315.328292 1.1770838 -0.1280705 -1.6003473 0.0120334 0.8585742 -0.0602306 0.5089970
1781254315.561924 1.1625518 -0.1329236 -1.6734085 0.0116476 0.8636128 -0.0611426 0.5002987
1781254316.896936 1.1534710 -0.1358881 -1.7119406 0.0115923 0.8660329 -0.0608457 0.4961355
1781254317.330823 1.1416765 -0.1374998 -1.7402780 0.0117143 0.8707378 -0.0612458 0.4877780
1781254317.697979 1.1205025 -0.1394505 -1.7614331 0.0107962 0.8790737 -0.0628275 0.4724042
1781254317.965000 1.0790232 -0.1397018 -1.7929713 0.0132184 0.9125354 -0.0635915 0.4038076
1781254318.265391 1.0181956 -0.1428045 -1.8362554 0.0135534 0.9476667 -0.0652974 0.3122184
1781254318.599138 0.9251044 -0.1460363 -1.8749197 0.0151650 0.9765238 -0.0658507 0.2045363
1781254318.899508 0.8344965 -0.1444250 -1.8914189 0.0155829 0.9915362 -0.0671193 0.1100369
1781254319.266625 0.7078955 -0.1394974 -1.8856994 -0.0174243 -0.9974985 0.0672407 0.0131111
1781254319.500239 0.6234838 -0.1376583 -1.8608536 -0.0191486 -0.9933826 0.0665567 0.0916219
1781254319.667105 0.5688878 -0.1337908 -1.8431257 -0.0189588 -0.9876597 0.0659737 0.1407705
1781254319.833972 0.5126885 -0.1305516 -1.8179860 -0.0187924 -0.9812701 0.0655185 0.1801752
1781254320.000836 0.4551760 -0.1274336 -1.7901754 -0.0188914 -0.9752406 0.0649791 0.2105390
1781254320.167701 0.4008176 -0.1234388 -1.7578175 -0.0193203 -0.9687575 0.0649849 0.2385638
1781254320.401312 0.3270389 -0.1190782 -1.7129115 -0.0188652 -0.9598565 0.0641378 0.2724079
1781254320.735040 0.2138212 -0.1114911 -1.6503923 -0.0191476 -0.9524115 0.0634410 0.2975247
1781254321.135512 0.0675513 -0.1029377 -1.5648339 -0.0205415 -0.9457701 0.0623085 0.3181425
1781254321.469260 -0.0646796 -0.0948278 -1.4892492 -0.0210809 -0.9368080 0.0623598 0.3435954
1781254321.803010 -0.1860077 -0.0841779 -1.4039249 -0.0208781 -0.9187931 0.0616205 0.3893409
1781254322.203509 -0.2930360 -0.0757432 -1.3033710 -0.0204925 -0.8906344 0.0586401 0.4504574
1781254322.604005 -0.3717073 -0.0625194 -1.2065333 -0.0185364 -0.8427927 0.0547741 0.5351230
1781254322.904374 -0.3971100 -0.0592515 -1.1267366 -0.0175254 -0.7867016 0.0493098 0.6151114
1781254323.338258 -0.2607012 -0.0581731 -0.6446618 -0.0237158 -0.7401729 0.0470081 0.6703520
1781254323.805545 -0.2049541 -0.0432367 -0.4760000 -0.0231952 -0.5898004 0.0377134 0.8063344
1781254324.706713 0.0488096 -0.0201940 -0.1549871 -0.0215630 -0.4026021 0.0246391 0.9147893
