1781254294.783055 0.0000000 0.0000000 0.0000000 -0.0000000 -0.0000000 -0.0000000 1.0000000
1781254296.602275 0.1254336 -0.0035609 0.0052433 -0.0008911 -0.0018591 -0.0007217 0.9999976
1781254296.635653 0.1316302 -0.0033360 0.0060204 -0.0007759 -0.0018010 -0.0007120 0.9999979
1781254296.835926 0.1715395 -0.0042597 0.0150788 -0.0009460 -0.0063607 -0.0009207 0.9999789
1781254297.069585 0.2248605 -0.0058823 0.0241834 -0.0012445 -0.0108331 -0.0009564 0.9999401
1781254297.470336 0.3382535 -0.0072822 0.0467948 -0.0014420 -0.0273142 -0.0005653 0.9996257
1781254297.770979 0.4387702 -0.0081098 0.0683296 -0.0020275 -0.0413419 -0.0000974 0.9991430
1781254298.138498 0.5707385 -0.0095537 0.0958547 -0.0032268 -0.0508713 0.0003504 0.9987000
1781254298.472326 0.7025883 -0.0124213 0.1270853 -0.0046076 -0.0554222 0.0002453 0.9984524
1781254298.739399 0.8094087 -0.0120495 0.1587026 -0.0048967 -0.0556798 0.0001080 0.9984367
1781254299.039866 0.9215553 -0.0119844 0.1930283 -0.0048312 -0.0604584 0.0004882 0.9981589
1781254299.373671 1.0331343 -0.0103076 0.2366047 -0.0040358 -0.0819402 0.0019080 0.9966273
1781254299.607321 1.1156932 -0.0100639 0.2640365 -0.0031923 -0.0848599 0.0017890 0.9963862
1781254299.774213 1.1829402 -0.0104390 0.2792844 -0.0030613 -0.0740976 0.0015342 0.9972451
1781254299.941107 1.2520123 -0.0094026 0.2927796 -0.0020160 -0.0639217 0.0004420 0.9979528
1781254300.041243 1.2922620 -0.0100015 0.2990932 -0.0014999 -0.0559912 0.0003764 0.9984301
1781254300.208159 1.3620586 -0.0117023 0.3099355 -0.0016711 -0.0432899 -0.0006280 0.9990610
1781254300.408502 1.4507519 -0.0132881 0.3214363 -0.0020984 -0.0288913 -0.0019018 0.9995785
1781254300.608855 1.5397742 -0.0148457 0.3321745 -0.0024818 -0.0152795 -0.0034223 0.9998744
1781254300.775822 1.6170609 -0.0167566 0.3393081 -0.0029356 -0.0050124 -0.0042389 0.9999741
1781254300.876007 1.6701201 -0.0143243 0.3479497 -0.0019549 -0.0023468 -0.0048624 0.9999835
1781254301.042985 1.7480696 -0.0163203 0.3573055 -0.0017626 0.0054748 -0.0052531 0.9999697
1781254301.176550 1.8089650 -0.0191669 0.3645188 -0.0027332 0.0043097 -0.0057019 0.9999707
1781254301.376802 1.9004399 -0.0197940 0.3785376 -0.0022508 0.0012772 -0.0065495 0.9999752
1781254301.510303 1.9598571 -0.0192144 0.3876874 -0.0015818 0.0018276 -0.0061942 0.9999779
1781254301.643803 2.0221567 -0.0209439 0.3971434 -0.0020476 0.0003159 -0.0066081 0.9999760
1781254301.743927 2.0699029 -0.0188489 0.4064030 -0.0009953 -0.0019904 -0.0064958 0.9999765
1781254301.910800 2.1451867 -0.0187535 0.4201963 -0.0010423 -0.0040711 -0.0064526 0.9999704
1781254302.077672 2.2192640 -0.0191654 0.4327793 -0.0006020 -0.0040145 -0.0064146 0.9999712
1781254302.211177 2.2766337 -0.0199128 0.4424584 -0.0006529 -0.0052916 -0.0065844 0.9999641
1781254302.344687 2.3354619 -0.0225783 0.4466411 -0.0009304 -0.0022431 -0.0064394 0.9999763
1781254302.544951 2.4219227 -0.0221426 0.4572012 0.0010394 0.0046334 -0.0071711 0.9999630
1781254302.745216 2.5086274 -0.0271880 0.4638231 -0.0007101 0.0133551 -0.0076364 0.9998814
1781254302.978859 2.6059287 -0.0281434 0.4738475 0.0000418 0.0296148 -0.0093805 0.9995174
1781254303.212495 2.6931219 -0.0322710 0.4766464 -0.0001730 0.0432425 -0.0103182 0.9990113
1781254303.446115 2.7782648 -0.0333771 0.4806209 -0.0004757 0.0573892 -0.0108492 0.9982928
1781254303.579612 2.8270881 -0.0355748 0.4780158 -0.0009494 0.0735876 -0.0115651 0.9972212
1781254303.746483 2.8896055 -0.0374051 0.4682831 -0.0006638 0.0989797 -0.0122095 0.9950144
1781254303.980099 2.9724433 -0.0431196 0.4503368 -0.0013370 0.1378639 -0.0140197 0.9903510
1781254304.313863 3.0771761 -0.0485241 0.4124607 0.0001910 0.2030686 -0.0171589 0.9790142
1781254304.948073 3.2465446 -0.0671258 0.2935421 0.0012277 0.3468542 -0.0254529 0.9375729
1781254305.415370 3.3453121 -0.0821142 0.1660132 0.0018375 0.4718994 -0.0329283 0.8810353
1781254305.749143 3.4082303 -0.0915547 0.0611376 0.0033855 0.5497304 -0.0380885 0.8344665
1781254305.982784 3.4380550 -0.0954560 -0.0186594 0.0049870 0.6061104 -0.0429972 0.7942019
1781254306.383290 3.4616334 -0.1058335 -0.1711929 0.0072074 0.7006335 -0.0508433 0.7116711
1781254306.650284 3.4489706 -0.1078442 -0.2903211 0.0093458 0.7565303 -0.0562865 0.6514648
1781254307.017394 3.4115324 -0.1154763 -0.4220853 0.0120777 0.8329155 -0.0616054 0.5498279
1781254307.351167 3.3579669 -0.1238479 -0.5270996 0.0137861 0.8837355 -0.0636852 0.4634282
1781254307.651587 3.2882829 -0.1288970 -0.6131215 0.0159596 0.9194911 -0.0651380 0.3873481
1781254307.751728 3.2585614 -0.1344767 -0.6372786 0.0158806 0.9287909 -0.0644891 0.3646046
1781254307.885250 3.2236190 -0.1387113 -0.6701975 0.0159944 0.9419731 -0.0651859 0.3289096
1781254308.018771 3.1824260 -0.1394040 -0.6997797 0.0169426 0.9530755 -0.0656333 0.2950461
1781254308.118912 3.1576123 -0.1384101 -0.7230549 0.0184516 0.9605594 -0.0660261 0.2694916
1781254308.185669 3.1354706 -0.1403440 -0.7334561 0.0181297 0.9653720 -0.0658582 0.2517754
1781254308.252423 3.1152565 -0.1411607 -0.7447972 0.0187874 0.9703826 -0.0659210 0.2316444
1781254308.352554 3.0855429 -0.1416868 -0.7608118 0.0193647 0.9761214 -0.0662253 0.2059765
1781254308.519439 3.0353932 -0.1411522 -0.7822773 0.0200709 0.9841058 -0.0667019 0.1633517
1781254308.686323 2.9837823 -0.1387035 -0.7980912 0.0209032 0.9907577 -0.0667394 0.1162244
1781254308.853208 2.9230394 -0.1385356 -0.8009011 0.0221066 0.9959229 -0.0662075 0.0571448
1781254308.953338 2.8855200 -0.1371333 -0.7989994 0.0225635 0.9973667 -0.0659336 0.0200818
1781254309.053468 2.8452396 -0.1340985 -0.8009913 -0.0230083 -0.9973230 0.0662995 0.0205371
1781254309.186975 2.7937720 -0.1337264 -0.7890645 -0.0238130 -0.9952277 0.0651728 0.0686095
1781254309.287107 2.7563138 -0.1319227 -0.7804854 -0.0237853 -0.9921824 0.0648712 0.1039240
1781254309.387238 2.7199798 -0.1296231 -0.7705358 -0.0239118 -0.9889027 0.0640491 0.1318993
1781254309.487369 2.6860821 -0.1276237 -0.7589201 -0.0235911 -0.9839749 0.0635981 0.1649003
1781254309.554123 2.6669021 -0.1267772 -0.7508571 -0.0239572 -0.9805034 0.0631851 0.1845177
1781254309.620877 2.6403558 -0.1246964 -0.7420309 -0.0233861 -0.9777971 0.0628647 0.1985295
1781254309.721008 2.6094587 -0.1232555 -0.7299193 -0.0237155 -0.9722151 0.0625300 0.2243333
1781254309.854515 2.5597785 -0.1203366 -0.7074468 -0.0236558 -0.9663491 0.0618783 0.2485579
1781254310.021401 2.5002322 -0.1182696 -0.6845745 -0.0232031 -0.9626814 0.0610212 0.2626453
1781254310.321804 2.3928230 -0.1124849 -0.6530583 -0.0231635 -0.9652985 0.0612387 0.2528085
1781254310.588838 2.2912440 -0.1072814 -0.6289245 -0.0231551 -0.9711807 0.0619169 0.2289941
1781254310.789116 2.2151330 -0.1040635 -0.6204230 -0.0232690 -0.9764757 0.0624542 0.2050690
1781254310.956013 2.1542661 -0.1014970 -0.6188316 -0.0230599 -0.9810867 0.0631224 0.1815290
1781254311.122911 2.0953846 -0.1002010 -0.6208412 -0.0228650 -0.9853438 0.0632798 0.1567498
1781254311.323170 2.0271072 -0.0979259 -0.6280043 -0.0223652 -0.9896791 0.0638450 0.1263289
1781254311.490048 1.9666364 -0.0963564 -0.6394775 -0.0219132 -0.9927043 0.0647029 0.0993557
1781254311.656925 1.9087801 -0.0961473 -0.6522436 -0.0217841 -0.9950607 0.0647017 0.0720656
1781254311.890553 1.8319857 -0.0951565 -0.6806394 -0.0208986 -0.9971054 0.0650508 0.0333540
1781254312.057431 1.7784836 -0.0952893 -0.7067882 0.0200852 0.9976360 -0.0656258 0.0035231
1781254312.224308 1.7239194 -0.0975892 -0.7343631 0.0194947 0.9968147 -0.0652691 0.0414763
1781254312.391186 1.6743904 -0.0986019 -0.7687194 0.0186359 0.9945790 -0.0659914 0.0781698
1781254312.524688 1.6375659 -0.0990143 -0.7982190 0.0180056 0.9916947 -0.0664156 0.1086577
1781254312.658189 1.6007493 -0.1004293 -0.8283848 0.0178520 0.9880859 -0.0667182 0.1375366
1781254312.791692 1.5608627 -0.1016040 -0.8573112 0.0175624 0.9838524 -0.0668332 0.1651037
1781254312.925193 1.5213194 -0.1027726 -0.8917516 0.0175173 0.9795419 -0.0668038 0.1890185
1781254313.092069 1.4748333 -0.1052620 -0.9358351 0.0172302 0.9745426 -0.0660108 0.2135711
1781254313.292327 1.4258642 -0.1072865 -0.9911954 0.0169830 0.9675759 -0.0658413 0.2432560
1781254313.559344 1.3648551 -0.1100885 -1.0775261 0.0162148 0.9546739 -0.0653267 0.2899438
1781254313.759605 1.3278487 -0.1149972 -1.1409996 0.0158410 0.9440050 -0.0640843 0.3232599
1781254313.959866 1.3012058 -0.1185928 -1.2039955 0.0148485 0.9304477 -0.0633468 0.3606020
1781254314.126751 1.2851961 -0.1229264 -1.2525541 0.0138675 0.9183332 -0.0624301 0.3906077
1781254314.360385 1.2679724 -0.1264113 -1.3214047 0.0127017 0.9011927 -0.0627078 0.4286704
1781254314.627394 1.2561482 -0.1315319 -1.3996457 0.0122989 0.8791651 -0.0621549 0.4722863
1781254314.894404 1.2483375 -0.1375596 -1.4806237 0.0119881 0.8602307 -0.0608779 0.5061160
1781254315.128036 1.2342416 -0.1431071 -1.5547438 0.0119262 0.8539561 -0.0604622 0.5166828
1781254315.395044 1.2143075 -0.1518385 -1.6449066 0.0111491 0.8551277 -0.0600807 0.5148035
1781254315.595300 1.2042148 -0.1553101 -1.7000649 0.0114702 0.8601098 -0.0609434 0.5063254
1781254316.896936 1.1964031 -0.1587329 -1.7314185 0.0111960 0.8621746 -0.0603447 0.5028799
1781254317.330823 1.1850684 -0.1605717 -1.7602971 0.0112823 0.8669056 -0.0605620 0.4946510
1781254317.631223 1.1689856 -0.1625051 -1.7770026 0.0105232 0.8730241 -0.0619976 0.4836057
1781254317.864867 1.1442220 -0.1633116 -1.8070132 0.0092177 0.8921688 -0.0652978 0.4468624
1781254318.165267 1.0952590 -0.1633180 -1.8473108 0.0124590 0.9344075 -0.0657769 0.3498582
1781254318.532389 1.0040834 -0.1633735 -1.8949075 0.0139038 0.9697754 -0.0677546 0.2339907
1781254318.899508 0.8933907 -0.1656173 -1.9150267 0.0141007 0.9907808 -0.0683958 0.1160886
1781254319.299999 0.7525347 -0.1592111 -1.9118443 -0.0162844 -0.9972900 0.0692821 0.0186427
1781254319.533612 0.6719795 -0.1577958 -1.8888700 -0.0171125 -0.9929600 0.0681344 0.0953692
1781254319.733852 0.6039766 -0.1540122 -1.8622541 -0.0179107 -0.9859599 0.0674505 0.1516996
1781254319.900717 0.5459087 -0.1513894 -1.8374559 -0.0185033 -0.9801660 0.0667351 0.1856843
1781254320.100955 0.4748065 -0.1470751 -1.8022909 -0.0189174 -0.9727989 0.0665833 0.2210679
1781254320.301193 0.4100815 -0.1425752 -1.7633412 -0.0184953 -0.9649369 0.0660727 0.2533558
1781254320.634922 0.2981548 -0.1355144 -1.7024434 -0.0184085 -0.9563711 0.0652691 0.2841751
1781254320.968648 0.1767862 -0.1275013 -1.6373923 -0.0187219 -0.9510707 0.0643648 0.3016143
1781254321.335760 0.0341576 -0.1168324 -1.5619141 -0.0193777 -0.9432597 0.0648738 0.3250801
1781254321.669510 -0.0939355 -0.1095592 -1.4812655 -0.0197104 -0.9295990 0.0642579 0.3623922
1781254321.903136 -0.1731359 -0.1042975 -1.4180851 -0.0203965 -0.9161286 0.0626198 0.3954378
1781254322.270258 -0.2687907 -0.0961161 -1.3309700 -0.0199121 -0.8885942 0.0599456 0.4543240
1781254322.437131 -0.2795701 -0.1171669 -1.1697341 -0.0219291 -0.8829790 0.0496947 0.4662592
1781254323.137994 -0.3812848 -0.0757225 -0.9699809 -0.0174523 -0.7573436 0.0451536 0.6512198
1781254325.674638 0.1292653 -0.0095605 -0.0542273 -0.0036382 -0.0797211 0.0031364 0.9968057
