1781254294.783055 0.000000000 0.000000000 0.000000000 -0.000000000 -0.000000000 -0.000000000 1.000000000
1781254296.168372 0.040615845 -0.002233162 -0.002072431 -0.000526346 -0.010520586 -0.000048248 0.999944508
1781254296.869306 0.149648950 -0.014439659 0.021380279 -0.002794786 -0.000623654 0.002127560 0.999993622
1781254297.871205 0.446905851 -0.014262503 0.080365501 -0.003612889 -0.037379652 0.001860011 0.999292910
1781254298.906324 0.819314539 -0.008817142 0.170969427 -0.003783906 -0.042283963 0.001231942 0.999097764
1781254299.106638 0.919682682 -0.014123703 0.199159622 -0.005502586 -0.059018243 0.002843496 0.998237669
1781254299.273536 0.973093748 -0.014728334 0.218719408 -0.005249815 -0.068884060 0.003337902 0.997605324
1781254299.407051 1.018475056 -0.012492970 0.236276448 -0.004179823 -0.076355949 0.004139017 0.997063279
1781254299.540564 1.064081550 -0.012205342 0.251395881 -0.003958141 -0.079253592 0.003829803 0.996839345
1781254299.640699 1.099595904 -0.014164900 0.259858608 -0.004782975 -0.076951727 0.003787049 0.997016251
1781254299.740835 1.140713453 -0.010132622 0.271470994 -0.003147644 -0.070796758 0.003618469 0.997479260
1781254299.840971 1.183838487 -0.012091211 0.278077751 -0.003850640 -0.064730957 0.003217699 0.997890174
1781254299.941107 1.226024032 -0.011871858 0.284808725 -0.003350651 -0.058028165 0.002650603 0.998305857
1781254300.007864 1.253699183 -0.011035450 0.289399624 -0.002516765 -0.051126655 0.002208593 0.998686552
1781254300.074622 1.279672623 -0.013637618 0.291565478 -0.003137734 -0.048122957 0.002078537 0.998834372
1781254300.141380 1.308569193 -0.012992227 0.296971887 -0.002890917 -0.043218620 0.001810258 0.999059856
1781254300.274939 1.366061211 -0.012644218 0.305741161 -0.002829518 -0.033741742 0.000937803 0.999426126
1781254300.375111 1.408964753 -0.012018744 0.311930686 -0.002718530 -0.025881998 -0.000104699 0.999661326
1781254300.475285 1.452177644 -0.011997902 0.316077441 -0.002595240 -0.018012587 -0.000445581 0.999834359
1781254300.542070 1.482914925 -0.015578376 0.317539841 -0.004106799 -0.014357363 -0.001045532 0.999888003
1781254300.642248 1.526380301 -0.013439182 0.324463010 -0.003077543 -0.006249280 -0.001887770 0.999973953
1781254300.775822 1.588176131 -0.015663525 0.328115523 -0.003767780 0.001307806 -0.001996106 0.999990046
1781254300.876007 1.641833305 -0.017202388 0.334086537 -0.004459833 0.004030037 -0.002699713 0.999978364
1781254301.009589 1.699062228 -0.016222000 0.341239333 -0.003667087 0.013010172 -0.003652885 0.999902010
1781254301.143175 1.757498741 -0.018465742 0.347328305 -0.004554432 0.011642472 -0.004073787 0.999913633
1781254301.243301 1.809905648 -0.018720204 0.354026377 -0.004113444 0.010047339 -0.003716140 0.999934137
1781254301.310052 1.838334799 -0.021177674 0.356044978 -0.004901058 0.010609988 -0.004474477 0.999921679
1781254301.410177 1.881187439 -0.020975642 0.362761050 -0.004374082 0.008392639 -0.004502705 0.999945104
1781254301.476928 1.911790252 -0.020169660 0.367342621 -0.004213480 0.009050070 -0.004717098 0.999939084
1781254301.577054 1.957304716 -0.017312787 0.375748098 -0.003022015 0.007489065 -0.004060891 0.999959171
1781254301.677178 1.999180913 -0.016467400 0.383564383 -0.002589058 0.006729578 -0.003986181 0.999966085
1781254301.743927 2.032330036 -0.016840037 0.387289852 -0.002352378 0.006891590 -0.004018094 0.999965429
1781254301.810677 2.064163446 -0.017815689 0.391445518 -0.002682662 0.006929115 -0.004200895 0.999963641
1781254301.877426 2.096927643 -0.017964069 0.395782679 -0.003047414 0.003041744 -0.003890633 0.999983251
1781254301.944175 2.126876831 -0.018011581 0.402380139 -0.003146553 0.004429935 -0.004490721 0.999975204
1781254302.010924 2.154226542 -0.017030496 0.407960504 -0.002711482 0.002238294 -0.004362659 0.999984384
1781254302.044298 2.171828270 -0.015886335 0.410279781 -0.002012518 0.001926132 -0.004169209 0.999987423
1781254302.077672 2.184214115 -0.015816581 0.411746114 -0.001755267 0.003849145 -0.004024921 0.999982953
1781254302.111047 2.197856903 -0.016481023 0.413823009 -0.002149858 0.003276595 -0.004086479 0.999983966
1781254302.144421 2.213992119 -0.016841570 0.415741414 -0.002032147 0.000767729 -0.003930917 0.999989927
1781254302.177798 2.224880934 -0.016690383 0.418926179 -0.002322511 0.001732749 -0.004452153 0.999985933
1781254302.211177 2.240511894 -0.015437882 0.421326965 -0.001635317 0.002991329 -0.004561551 0.999983788
1781254302.244555 2.255982637 -0.016266288 0.421983153 -0.001754642 0.002961246 -0.003882521 0.999986589
1781254302.277932 2.268438816 -0.016807608 0.423232645 -0.001862971 0.003033963 -0.004598859 0.999983132
1781254302.311309 2.285723209 -0.017081918 0.424416929 -0.001804233 0.003338987 -0.004474244 0.999982834
1781254302.344687 2.303494692 -0.018344352 0.424882621 -0.002107426 0.004370046 -0.004002619 0.999980271
1781254302.378064 2.319075346 -0.017864268 0.427531779 -0.001495600 0.004674350 -0.004664371 0.999977052
1781254302.444819 2.344822407 -0.019446615 0.427583575 -0.001895089 0.006885827 -0.005078852 0.999961615
1781254302.478197 2.360640526 -0.019638026 0.428999752 -0.001683994 0.008044988 -0.005099475 0.999953210
1781254302.511574 2.375512838 -0.020032501 0.430375397 -0.001811067 0.009319486 -0.004977062 0.999942541
1781254302.544951 2.390713930 -0.019705951 0.432361484 -0.001291714 0.010925820 -0.004951801 0.999927282
1781254302.578329 2.406191349 -0.019120060 0.435165018 -0.001336071 0.009859311 -0.005364181 0.999936104
1781254302.611706 2.416662693 -0.021804035 0.433431983 -0.002393944 0.013527407 -0.005478766 0.999890685
1781254302.645084 2.433290958 -0.021152366 0.435437679 -0.001770256 0.016215973 -0.005332627 0.999852717
1781254302.678461 2.447230577 -0.020143015 0.438228816 -0.001176759 0.017903596 -0.005093887 0.999826074
1781254302.711839 2.462906361 -0.021422740 0.438732475 -0.001457969 0.017927038 -0.005460115 0.999823391
1781254302.745216 2.471042871 -0.023882993 0.437661529 -0.002750921 0.022393584 -0.006105206 0.999726832
1781254302.778594 2.489852428 -0.024257317 0.439787984 -0.002656942 0.024350818 -0.005593103 0.999684334
1781254302.811971 2.503204823 -0.020794574 0.443225771 -0.000761094 0.026648480 -0.006181862 0.999625504
1781254302.878726 2.530593157 -0.023883495 0.442940325 -0.002310630 0.030410448 -0.006652267 0.999512732
1781254302.978859 2.574108124 -0.023399372 0.447033644 -0.001614193 0.036964003 -0.007400337 0.999287963
1781254303.045614 2.602475882 -0.024351038 0.448059320 -0.001555538 0.040872283 -0.007423167 0.999135613
1781254303.078991 2.616163492 -0.024182847 0.448871583 -0.001187450 0.042241048 -0.007555640 0.999078214
1781254303.112368 2.627990484 -0.023443058 0.449707776 -0.001050186 0.043735061 -0.007808291 0.999012113
1781254303.212495 2.663503170 -0.025612753 0.450649709 -0.001332123 0.049430620 -0.008391992 0.998741448
1781254303.312618 2.699167967 -0.025388408 0.452692419 -0.001336842 0.053131353 -0.008821894 0.998547733
1781254303.345993 2.711855888 -0.025678031 0.453349710 -0.001265551 0.056186751 -0.008854771 0.998380244
1781254303.379367 2.724411488 -0.026639959 0.452440411 -0.001645095 0.058138136 -0.007964233 0.998275399
1781254303.412741 2.736363649 -0.027552042 0.452729553 -0.002408282 0.059711091 -0.008051794 0.998180389
1781254303.446115 2.748844147 -0.028242178 0.452166110 -0.002563071 0.063415192 -0.008405164 0.997948587
1781254303.479490 2.760466099 -0.028150370 0.452993780 -0.002525907 0.067519896 -0.008205860 0.997681022
1781254303.512864 2.773242712 -0.028431186 0.451753944 -0.002393012 0.070802048 -0.008769300 0.997448981
1781254303.679735 2.836388111 -0.029907638 0.443534851 -0.002295939 0.094743401 -0.009325716 0.995455384
1781254303.813231 2.885308981 -0.030592993 0.435898304 -0.002009620 0.117571682 -0.010085479 0.993011236
1781254303.846604 2.897919178 -0.031728692 0.433043301 -0.002125625 0.121321596 -0.010155646 0.992559016
1781254304.013472 2.920427799 -0.041798983 0.412624836 -0.006395804 0.156729445 -0.013328933 0.987530947
1781254304.046846 2.932076931 -0.042621225 0.407687962 -0.006176296 0.162622109 -0.013424240 0.986577809
1781254304.080219 2.941806555 -0.043613698 0.405340999 -0.006708376 0.169309944 -0.014259022 0.985436916
1781254304.113593 2.951639652 -0.044151004 0.402453363 -0.006618983 0.177159116 -0.014823954 0.984048307
1781254304.347243 3.019072056 -0.047729094 0.372181982 -0.005007240 0.224783808 -0.016984541 0.974247813
1781254304.547519 3.072372913 -0.050164804 0.342160851 -0.003374248 0.267714590 -0.019100128 0.963303089
1781254304.580898 3.093318939 -0.050353818 0.339868158 -0.002595675 0.271689653 -0.018987115 0.962194145
1781254304.681037 3.104329824 -0.053750042 0.318185836 -0.003433616 0.297167987 -0.021335687 0.954580665
1781254304.714416 3.108985424 -0.054621741 0.313459635 -0.003250395 0.306218356 -0.022022655 0.951700985
1781254304.981452 3.173876047 -0.066063553 0.260095179 -0.003797847 0.374942362 -0.026483819 0.926662028
1781254305.014833 3.178176403 -0.054914363 0.261317492 -0.000118380 0.385814369 -0.026374467 0.922199368
1781254305.048213 3.180235147 -0.065213576 0.243730545 -0.002757539 0.394006878 -0.026453286 0.918722630
1781254305.148352 3.223576069 -0.068194531 0.208337903 -0.002190026 0.415263325 -0.028130922 0.909263611
1781254305.181729 3.229976416 -0.069247544 0.199287236 -0.002438789 0.423706979 -0.028737916 0.905340075
1781254305.348615 3.249710560 -0.070521280 0.160736084 -0.000877655 0.474007666 -0.031743806 0.879947960
1781254305.715766 3.305153370 -0.082426056 0.058189273 -0.000574802 0.563167632 -0.037326436 0.825499058
1781254305.982784 3.369363308 -0.075601749 -0.069238424 0.004292340 0.616186976 -0.048628099 0.786085546
1781254306.283167 3.387339592 -0.084037125 -0.178315163 0.006508248 0.686285734 -0.054237422 0.725277841
1781254306.650284 3.332751989 -0.175517455 -0.543818235 -0.030622676 0.716648638 -0.062579580 0.693945825
1781254306.883900 3.230781555 -0.274259537 -0.753187180 -0.060202569 0.754620433 -0.061541509 0.650489271
1781254306.883900 3.230781555 -0.274259537 -0.753187180 -0.060202569 0.754620433 -0.061541509 0.650489271
1781254306.883900 3.230781555 -0.274259537 -0.753187180 -0.060202569 0.754620433 -0.061541509 0.650489271
1781254306.883900 3.230781555 -0.274259537 -0.753187180 -0.060202569 0.754620433 -0.061541509 0.650489271
1781254306.883900 3.230781555 -0.274259537 -0.753187180 -0.060202569 0.754620433 -0.061541509 0.650489271
1781254306.883900 3.230781555 -0.274259537 -0.753187180 -0.060202569 0.754620433 -0.061541509 0.650489271
1781254306.883900 3.230781555 -0.274259537 -0.753187180 -0.060202569 0.754620433 -0.061541509 0.650489271
1781254306.883900 3.230781555 -0.274259537 -0.753187180 -0.060202569 0.754620433 -0.061541509 0.650489271
1781254306.883900 3.230781555 -0.274259537 -0.753187180 -0.060202569 0.754620433 -0.061541509 0.650489271
1781254306.883900 3.230781555 -0.274259537 -0.753187180 -0.060202569 0.754620433 -0.061541509 0.650489271
1781254306.883900 3.230781555 -0.274259537 -0.753187180 -0.060202569 0.754620433 -0.061541509 0.650489271
1781254306.883900 3.230781555 -0.274259537 -0.753187180 -0.060202569 0.754620433 -0.061541509 0.650489271
1781254306.883900 3.230781555 -0.274259537 -0.753187180 -0.060202569 0.754620433 -0.061541509 0.650489271
1781254306.883900 3.230781555 -0.274259537 -0.753187180 -0.060202569 0.754620433 -0.061541509 0.650489271
1781254306.883900 3.230781555 -0.274259537 -0.753187180 -0.060202569 0.754620433 -0.061541509 0.650489271
1781254306.883900 3.230781555 -0.274259537 -0.753187180 -0.060202569 0.754620433 -0.061541509 0.650489271
1781254306.883900 3.230781555 -0.274259537 -0.753187180 -0.060202569 0.754620433 -0.061541509 0.650489271
1781254306.883900 3.230781555 -0.274259537 -0.753187180 -0.060202569 0.754620433 -0.061541509 0.650489271
1781254306.883900 3.230781555 -0.274259537 -0.753187180 -0.060202569 0.754620433 -0.061541509 0.650489271
1781254306.883900 3.230781555 -0.274259537 -0.753187180 -0.060202569 0.754620433 -0.061541509 0.650489271
1781254306.883900 3.230781555 -0.274259537 -0.753187180 -0.060202569 0.754620433 -0.061541509 0.650489271
1781254306.883900 3.230781555 -0.274259537 -0.753187180 -0.060202569 0.754620433 -0.061541509 0.650489271
1781254306.883900 3.230781555 -0.274259537 -0.753187180 -0.060202569 0.754620433 -0.061541509 0.650489271
1781254306.883900 3.230781555 -0.274259537 -0.753187180 -0.060202569 0.754620433 -0.061541509 0.650489271
1781254306.883900 3.230781555 -0.274259537 -0.753187180 -0.060202569 0.754620433 -0.061541509 0.650489271
1781254306.883900 3.230781555 -0.274259537 -0.753187180 -0.060202569 0.754620433 -0.061541509 0.650489271
1781254309.954647 2.239249229 -0.143175840 -0.985259175 -0.020723453 -0.909174263 0.051937468 0.412644118
1781254309.988024 2.229321241 -0.142556816 -0.978117824 -0.020366648 -0.908246040 0.052072108 0.414684057
1781254310.054777 2.210538149 -0.141941875 -0.960701466 -0.020430246 -0.907986701 0.051659886 0.415299952
1781254310.121531 2.189414024 -0.140053481 -0.947275877 -0.020080810 -0.908046663 0.051694527 0.415181696
1781254310.188287 2.169309139 -0.138914347 -0.933223605 -0.019841135 -0.909303963 0.051903702 0.412405878
1781254310.288425 2.138064861 -0.136630401 -0.913009763 -0.019997338 -0.911135375 0.052166905 0.408302695
1781254310.388562 2.108965397 -0.133855522 -0.892750382 -0.020337917 -0.913132668 0.052496951 0.403756440
1781254310.488700 2.076601982 -0.131422520 -0.872392535 -0.020328501 -0.916487217 0.052533794 0.396078497
1781254310.622219 2.030762672 -0.128722936 -0.849474907 -0.020609301 -0.922627091 0.053059410 0.381469846
1781254310.688977 2.008173943 -0.127544224 -0.837103128 -0.020724181 -0.925578117 0.053277329 0.374215394
1781254310.789116 1.973279834 -0.125957415 -0.821839929 -0.020578366 -0.930627525 0.053454850 0.361457527
1781254310.855875 1.951305866 -0.124538668 -0.814677596 -0.020391887 -0.934470177 0.053995837 0.351332039
1781254310.922634 1.928694010 -0.122409821 -0.805314541 -0.020872584 -0.937592387 0.054215889 0.342849165
1781254310.989393 1.905840397 -0.121266782 -0.797044992 -0.020801160 -0.940748751 0.054260891 0.334088236
1781254311.056152 1.883415699 -0.121238001 -0.788324058 -0.021056846 -0.944013357 0.054034002 0.324770331
1781254311.156291 1.851222396 -0.118466869 -0.781480193 -0.020653557 -0.948847115 0.054629136 0.310287297
1781254311.223042 1.829080224 -0.117115825 -0.777664185 -0.020069027 -0.951893330 0.054910783 0.300800890
1781254311.289793 1.806672692 -0.115943313 -0.772229314 -0.019755090 -0.954514921 0.055470515 0.292291075
1781254311.456672 1.746038437 -0.114285365 -0.761248231 -0.020424286 -0.962316334 0.055764500 0.265368551
1781254311.523423 1.721585393 -0.113789618 -0.756983042 -0.020067832 -0.965584993 0.055928316 0.253209263
1781254311.623550 1.685980082 -0.112794906 -0.752822995 -0.020385323 -0.969358325 0.056300107 0.238242090
1781254311.690301 1.664486527 -0.111856401 -0.752630711 -0.020267773 -0.971865892 0.056817524 0.227678955
1781254311.757052 1.641253948 -0.111129627 -0.752215922 -0.019910293 -0.974292397 0.056920413 0.217066914
1781254311.823802 1.617626429 -0.111303665 -0.751934588 -0.019860826 -0.976545155 0.056627531 0.206781104
1781254311.890553 1.594337940 -0.109778307 -0.755024672 -0.019890610 -0.978851497 0.056882113 0.195495740
1781254311.990680 1.559165955 -0.110354818 -0.757018328 -0.019527117 -0.982963562 0.056988411 0.173648283
1781254312.024056 1.546625733 -0.110211559 -0.757267952 -0.019587701 -0.984178662 0.057227217 0.166534588
1781254312.124182 1.510498881 -0.109419852 -0.764012635 -0.019398494 -0.987524092 0.057570022 0.145277962
1781254312.224308 1.475194931 -0.109027527 -0.771708548 -0.019254815 -0.990687609 0.057894792 0.121719159
1781254312.291059 1.452594995 -0.108572051 -0.776423514 -0.018885758 -0.992337465 0.058552206 0.107151009
1781254312.391186 1.416355729 -0.107817359 -0.787074208 -0.018937796 -0.994460881 0.059080645 0.084843628
1781254312.491312 1.382624865 -0.107896015 -0.796173096 -0.018213032 -0.996132672 0.059585340 0.061948579
1781254312.524688 1.371385217 -0.108970888 -0.799433529 -0.018399466 -0.996610165 0.059086524 0.054206923
1781254312.558063 1.359938145 -0.109027170 -0.804021120 -0.018720584 -0.996907175 0.059217080 0.048156407
1781254312.691565 1.314816117 -0.107942238 -0.821304142 -0.018207334 -0.997860730 0.060094628 0.018197019
1781254312.791692 1.279563785 -0.107623890 -0.831466556 -0.018095605 -0.998000383 0.060495749 -0.002861404
1781254312.825067 1.268685818 -0.108191267 -0.834857285 -0.018152623 -0.997978926 0.060218446 -0.009067980
1781254312.925193 1.229600668 -0.108599111 -0.848483980 0.018471749 0.997630298 -0.060334422 0.027429799
1781254313.025319 1.195275068 -0.108170964 -0.864103079 0.018491939 0.997091472 -0.060431447 0.042600241
1781254313.092069 1.173456430 -0.107888810 -0.876143098 0.018541038 0.996663809 -0.060113773 0.051999006
1781254313.192196 1.141389608 -0.107374519 -0.893523693 0.018337999 0.995811701 -0.060041599 0.066466250
1781254313.258950 1.119873047 -0.108650133 -0.905285478 0.017890221 0.995105743 -0.060146619 0.076334611
1781254313.325704 1.098262906 -0.110088691 -0.917069554 0.018223125 0.994066715 -0.059817173 0.089001372
1781254313.425836 1.071010828 -0.108060911 -0.936796308 0.017621240 0.992431164 -0.060390931 0.105465122
1781254313.492590 1.044702411 -0.111428268 -0.954737544 0.018314756 0.991025329 -0.059838388 0.118122309
1781254313.626097 1.009656549 -0.108087808 -0.983807921 0.017843612 0.987931013 -0.060487710 0.141474903
1781254313.692851 0.989808917 -0.108765528 -0.998348594 0.017758666 0.986333311 -0.059589300 0.152579144
1781254313.792982 0.962350905 -0.113927826 -1.024874568 0.017941112 0.983437181 -0.058828451 0.170495644
1781254313.893113 0.929986656 -0.115617424 -1.049650550 0.018056311 0.979246259 -0.057672687 0.193454608
1781254313.926489 0.923454821 -0.115905195 -1.058404803 0.018153748 0.978019357 -0.057809550 0.199516207
1781254314.160128 0.880829871 -0.117680371 -1.115140319 0.016726134 0.968005776 -0.057961013 0.243568584
1781254314.193504 0.874825716 -0.120034531 -1.124211311 0.016242336 0.966201544 -0.057206593 0.250835091
1781254314.260257 0.865898848 -0.121234439 -1.139930725 0.016052270 0.963638544 -0.057508998 0.260453284
1781254314.327009 0.852110445 -0.119953081 -1.156252146 0.015773408 0.960331023 -0.057945404 0.272319525
1781254314.393761 0.843405008 -0.123940051 -1.169698954 0.015250266 0.957417786 -0.057076003 0.282596976
1781254314.493890 0.829501510 -0.122594923 -1.199198127 0.015647218 0.951939166 -0.057928555 0.300351948
1781254314.594018 0.818202257 -0.125115395 -1.222057939 0.015808776 0.946579576 -0.057539493 0.316901237
1781254314.627394 0.811250925 -0.125415385 -1.231342196 0.015594771 0.944206297 -0.057123929 0.323987961
1781254314.694146 0.800199747 -0.125098526 -1.252392888 0.015608884 0.939925909 -0.057532396 0.336133480
1781254314.794275 0.795602560 -0.125783801 -1.284482121 -0.016705452 -0.934493959 0.057152756 -0.350963712
1781254314.861028 0.787791133 -0.126607746 -1.303471565 -0.016488617 -0.931397200 0.056991246 -0.359136999
1781254314.927780 0.776933312 -0.127833650 -1.322275400 -0.016403554 -0.929233432 0.056999791 -0.364701539
1781254315.027908 0.761768639 -0.128183946 -1.351632476 -0.016615611 -0.926927745 0.057222012 -0.370478809
1781254315.061284 0.756851554 -0.128825426 -1.360550404 -0.016539950 -0.926243365 0.057006165 -0.372223020
1781254315.128036 0.743448913 -0.130212367 -1.380317450 -0.016573410 -0.925663829 0.056928519 -0.373672366
1781254315.228164 0.726040721 -0.132283628 -1.410865784 -0.016497852 -0.924894571 0.056603145 -0.375624865
1781254315.294916 0.715824246 -0.132070795 -1.431399941 -0.015977910 -0.925331473 0.056795798 -0.374540687
1781254315.328292 0.707007408 -0.133326426 -1.441144943 -0.016584605 -0.925760329 0.056575820 -0.373486310
1781254315.528548 0.670796156 -0.135274887 -1.497516155 -0.015609671 -0.929287553 0.057943959 -0.364449561
1781254315.628676 0.661688983 -0.136818990 -1.515257716 -0.016085956 -0.929820538 0.057490680 -0.363138914
1781254315.695428 0.659987509 -0.136889130 -1.516932487 -0.015735997 -0.929738104 0.057393514 -0.363380581
1781254315.762180 0.662671149 -0.135576174 -1.520303249 -0.015702015 -0.929894626 0.057833247 -0.362911552
1781254315.795556 0.662106872 -0.136463344 -1.521453261 -0.016267484 -0.929947495 0.057435211 -0.362814516
1781254315.828932 0.661547661 -0.136572808 -1.520345330 -0.016088614 -0.929987431 0.057477981 -0.362713188
1781254315.862307 0.661163509 -0.136770412 -1.520265937 -0.016120659 -0.930007637 0.057467636 -0.362661570
1781254315.929059 0.660174966 -0.136196643 -1.520608187 -0.016050786 -0.930186570 0.057524864 -0.362196445
1781254316.029186 0.660072327 -0.136775866 -1.519928575 -0.015617281 -0.929931402 0.057240516 -0.362914950
1781254316.095938 0.660196304 -0.135779902 -1.518878937 -0.015692377 -0.929979742 0.057347573 -0.362770915
1781254316.196065 0.661074042 -0.137574121 -1.522147179 -0.015564724 -0.929665446 0.057037894 -0.363629758
1781254316.296191 0.660435736 -0.135303795 -1.520143867 -0.015599652 -0.929605186 0.057471253 -0.363714099
1781254316.362940 0.660592318 -0.135010004 -1.523421168 -0.015367282 -0.929290056 0.057720821 -0.364489019
1781254316.396315 0.661622524 -0.135726050 -1.519672990 -0.014961654 -0.929350495 0.057904117 -0.364322603
1781254316.463065 0.660474777 -0.136196777 -1.523883224 -0.015265150 -0.929147959 0.057689037 -0.364860445
1781254316.563189 0.657552898 -0.135127142 -1.525012732 -0.015376190 -0.929749906 0.057761639 -0.363307506
1781254316.629939 0.654171586 -0.136477992 -1.527456164 -0.015534857 -0.930243254 0.057462316 -0.362083435
1781254316.763438 0.650139034 -0.136144295 -1.531493664 -0.015437962 -0.930772364 0.057595883 -0.360703826
1781254316.830187 0.649367213 -0.135934457 -1.533372760 -0.015354198 -0.931026101 0.057830360 -0.360014260
1781254316.896936 0.647250950 -0.136897743 -1.535798669 -0.015634388 -0.931164324 0.057476010 -0.359701514
1781254316.963687 0.646461546 -0.137035966 -1.538317084 -0.015711855 -0.931235850 0.057372589 -0.359529316
1781254316.997061 0.644828558 -0.138030663 -1.541409612 -0.015679790 -0.931253135 0.057230331 -0.359508783
1781254317.063811 0.643510520 -0.137038097 -1.544526100 -0.015409981 -0.931589603 0.057667535 -0.358577669
1781254317.163935 0.639149964 -0.138139173 -1.550902724 -0.015551630 -0.932279170 0.057411335 -0.356816143
1781254317.197313 0.636553109 -0.138707861 -1.551160336 -0.015330488 -0.932647765 0.057168379 -0.355900288
1781254317.297445 0.631210804 -0.138700053 -1.560310602 -0.015241934 -0.933888316 0.057529327 -0.352577239
1781254317.364201 0.625850976 -0.139492273 -1.562364340 -0.015317532 -0.935055435 0.057340629 -0.349498153
1781254317.497711 0.615389168 -0.140641347 -1.569810390 -0.015437320 -0.937345386 0.057098515 -0.343344003
1781254317.564467 0.611055374 -0.137745410 -1.573844910 -0.015405277 -0.938466132 0.057944365 -0.340127349
1781254317.664601 0.604772985 -0.140082449 -1.576705456 -0.014357769 -0.939214408 0.058736775 -0.337964773
1781254317.798112 0.588999867 -0.138186425 -1.580602169 -0.015329258 -0.946656048 0.058487691 -0.316522509
1781254317.864867 0.576573014 -0.138505399 -1.588503599 -0.012928220 -0.952259064 0.060831293 -0.298889905
1781254317.998378 0.548520207 -0.139308125 -1.595685601 -0.016049333 -0.964481294 0.057870224 -0.257233977
1781254318.065134 0.534068704 -0.138325006 -1.603615999 -0.016350178 -0.971089065 0.058956340 -0.230744183
1781254318.131889 0.519886494 -0.138151988 -1.607770324 -0.015781725 -0.976306617 0.059432253 -0.207470939
1781254318.198641 0.508146882 -0.138089985 -1.621355891 -0.014411138 -0.980371952 0.060395099 -0.187124744
1781254318.265391 0.489764988 -0.138202071 -1.625068188 -0.014617580 -0.984247267 0.060406141 -0.165513918
1781254318.365516 0.461128294 -0.137632221 -1.628025293 -0.014653223 -0.989156067 0.060807444 -0.132883534
1781254318.398891 0.453868240 -0.139398888 -1.629750729 -0.013940384 -0.990658224 0.060395766 -0.121467464
1781254318.465640 0.434784055 -0.138503805 -1.629563689 -0.014600372 -0.993143201 0.060454257 -0.098988801
1781254318.532389 0.413937956 -0.137598723 -1.632599711 -0.014128789 -0.995048285 0.060763989 -0.077377312
1781254318.632513 0.398907751 -0.130651847 -1.635382295 0.014284255 0.997252584 -0.062371604 0.037322823
1781254318.732636 0.368006378 -0.128856301 -1.635162711 0.013964083 0.997911990 -0.062797971 0.005762963
1781254318.832760 0.337423325 -0.129731894 -1.629650354 0.013388721 0.997632027 -0.062400438 -0.025640052
1781254318.899508 0.319019198 -0.129297405 -1.625610113 0.012936976 0.996825397 -0.062159646 -0.048041213
1781254318.932883 0.307426453 -0.125970200 -1.625222087 0.012705976 0.996268928 -0.062781647 -0.057838760
1781254318.999632 0.287485123 -0.126591086 -1.618653774 0.012373381 0.994673729 -0.062510006 -0.081015989
1781254319.066382 0.268926084 -0.127886504 -1.604647994 0.013136004 0.992562354 -0.062072128 -0.103896290
1781254319.133130 0.235144973 -0.123500675 -1.600038648 -0.014143369 -0.990421295 0.062638365 0.122237585
1781254319.233252 0.203352332 -0.119498022 -1.588728547 -0.014278367 -0.985547245 0.062776789 0.156690314
1781254319.299999 0.185562372 -0.122551106 -1.573262930 -0.014453805 -0.981387794 0.061401822 0.181380719
1781254319.366745 0.164641857 -0.123891994 -1.559594393 -0.015575617 -0.976864755 0.060655233 0.204483911
1781254319.633732 0.077713370 -0.121284753 -1.495807409 -0.016627520 -0.957140803 0.058308344 0.283205301
1781254319.700478 0.058430433 -0.120082669 -1.480805635 -0.016503586 -0.951996446 0.057988036 0.300113231
1781254319.800599 0.030244231 -0.117422312 -1.457951546 -0.016415969 -0.944341838 0.057541192 0.323478222
1781254319.867345 0.012748122 -0.115905032 -1.441447496 -0.015525717 -0.939968586 0.057200409 0.336074680
1781254319.934091 -0.003893495 -0.113698691 -1.424072266 -0.013823981 -0.935307264 0.057195816 0.348909736
1781254320.000836 -0.026162386 -0.112340972 -1.403606653 -0.014942564 -0.931936324 0.057126053 0.357782215
1781254320.034209 -0.034826040 -0.111682147 -1.393477678 -0.015006151 -0.929573894 0.057142049 0.363870919
1781254320.134328 -0.060127616 -0.109433532 -1.368745089 -0.014811992 -0.923139393 0.057094261 0.379913956
1781254320.167701 -0.068370461 -0.108598374 -1.358897567 -0.015227980 -0.920940042 0.057086252 0.385199517
1781254320.234447 -0.083121538 -0.107116885 -1.340624809 -0.014464530 -0.916265726 0.056783408 0.396262109
1781254320.301193 -0.101240039 -0.105850890 -1.321510792 -0.014574550 -0.912204325 0.055949546 0.405635983
1781254320.401312 -0.125981569 -0.103631482 -1.292141676 -0.014650437 -0.907218039 0.056119151 0.416643113
1781254320.468058 -0.141923428 -0.103239983 -1.273826718 -0.014980620 -0.904145002 0.055441964 0.423348099
1781254320.568177 -0.168055296 -0.100340515 -1.247047544 -0.014265144 -0.900579512 0.054909937 0.430973321
1781254320.668295 -0.196998477 -0.097012900 -1.221120715 -0.013753042 -0.897232831 0.054567188 0.437957287
1781254320.735040 -0.214124680 -0.097203024 -1.199601769 -0.014549851 -0.895914793 0.054546870 0.440624297
1781254320.835158 -0.243489146 -0.091085464 -1.171871543 -0.013833912 -0.893843532 0.054922737 0.444787413
1781254320.868531 -0.252716541 -0.091570511 -1.160319090 -0.013975645 -0.892875075 0.054393344 0.446788818
1781254320.935276 -0.273239017 -0.087868951 -1.141112924 -0.013953689 -0.891550660 0.055104092 0.449339896
1781254321.035393 -0.302352428 -0.085769154 -1.114235163 -0.014018468 -0.888000667 0.054366700 0.456401736
1781254321.102138 -0.318373680 -0.084682673 -1.087263346 -0.014847013 -0.887021005 0.054649442 0.458243191
1781254321.135512 -0.327175617 -0.085152552 -1.077745318 -0.014779937 -0.885517776 0.054323740 0.461181998
1781254321.168884 -0.339137673 -0.082871534 -1.069137335 -0.013470637 -0.884235203 0.054270148 0.463682503
1781254321.235635 -0.358049750 -0.083291486 -1.045734167 -0.014216392 -0.882253528 0.053401399 0.467519939
1781254321.302385 -0.386085987 -0.079121940 -1.015380144 -0.013863616 -0.880716145 0.054449216 0.470300049
1781254321.402510 -0.417004228 -0.076782212 -0.981752574 -0.013916823 -0.877706528 0.054199234 0.475920260
1781254321.669510 -0.495774567 -0.068889871 -0.890905261 -0.012911193 -0.860493541 0.054028925 0.506423712
1781254321.769635 -0.534318864 -0.057585895 -0.852569878 -0.012343419 -0.853237271 0.056736093 0.518280625
1781254321.836386 -0.538910508 -0.062229224 -0.833416343 -0.012827872 -0.847579896 0.054260876 0.527730644
1781254321.903136 -0.547321498 -0.063499138 -0.813144863 -0.013064077 -0.840830743 0.052620139 0.538576066
1781254321.936511 -0.555724680 -0.061640926 -0.803574204 -0.012654465 -0.837476850 0.053068340 0.543742776
1781254321.969886 -0.559708178 -0.061308257 -0.791608930 -0.012818733 -0.835158944 0.052719127 0.547326267
1781254322.003260 -0.566203952 -0.061071180 -0.779724717 -0.013182309 -0.832803667 0.052384183 0.550926745
1781254322.036635 -0.572533011 -0.057758301 -0.774993479 -0.012738595 -0.828860819 0.052940350 0.556798756
1781254322.170135 -0.607560456 -0.050746776 -0.711913824 -0.011556706 -0.819655538 0.052348685 0.570342779
1781254322.203509 -0.612663865 -0.049771864 -0.702363372 -0.011366167 -0.815267384 0.052147385 0.576619983
1781254322.270258 -0.622592151 -0.048394516 -0.683437884 -0.010976335 -0.807235003 0.051299412 0.587894201
1781254322.470506 -0.647542298 -0.041081920 -0.622537673 -0.010161147 -0.777438402 0.050043251 0.626882732
1781254322.537256 -0.677083075 -0.031609349 -0.620604992 -0.008860962 -0.764427423 0.051816270 0.642563045
1781254322.604005 -0.658884168 -0.039114282 -0.587848783 -0.009593242 -0.755357563 0.047956634 0.653485477
1781254322.737502 -0.671144366 -0.031857416 -0.554505467 -0.008452210 -0.728512287 0.047479201 0.683333158
1781254322.804251 -0.667316616 -0.034467015 -0.529883444 -0.008302389 -0.714395761 0.044968776 0.698246121
1781254322.871000 -0.662936807 -0.034606673 -0.510975301 -0.008967459 -0.697635293 0.044085912 0.715039194
1781254322.904374 -0.663965225 -0.033047318 -0.506563008 -0.008269229 -0.687819541 0.043636110 0.724521875
1781254322.937748 -0.660987556 -0.028816251 -0.494247079 -0.008688405 -0.679147780 0.044131685 0.732622147
1781254323.004497 -0.656391501 -0.028003657 -0.477906018 -0.008552826 -0.658725142 0.042817272 0.751115680
1781254323.071246 -0.650222659 -0.027011912 -0.462364286 -0.008564757 -0.639249265 0.041190095 0.767847836
1781254323.137994 -0.643839121 -0.024591558 -0.442533076 -0.007778305 -0.618576288 0.040315308 0.784651160
1781254323.171368 -0.638588190 -0.025047339 -0.433585882 -0.008114875 -0.609284163 0.039500736 0.791925967
1781254323.338258 -0.612548292 -0.023397757 -0.394346833 -0.008005120 -0.549825191 0.035421293 0.834490001
1781254323.405013 -0.589887381 -0.021926058 -0.351946026 -0.007645478 -0.526065171 0.034095623 0.849726140
1781254323.738790 -0.595865846 -0.019342251 -0.293987185 -0.007076176 -0.496145934 0.041053466 0.867239237
1781254323.772168 -0.475319684 -0.017499737 -0.243974283 -0.006662497 -0.389773160 0.026720179 0.920499086
1781254323.872301 -0.442536175 -0.018712157 -0.226599380 -0.006714493 -0.352435410 0.024820553 0.935482860
1781254323.972435 -0.412184387 -0.018579565 -0.211104393 -0.006558642 -0.317904204 0.022418080 0.947835088
1781254324.072569 -0.369498730 -0.020791147 -0.194210500 -0.006695695 -0.287889034 0.020531727 0.957420230
1781254324.105947 -0.355446339 -0.016588895 -0.185160309 -0.005788393 -0.279592186 0.020865543 0.959874690
1781254324.139325 -0.343529046 -0.020252027 -0.184797749 -0.006677615 -0.271264404 0.020554481 0.962262273
1781254324.172703 -0.330302775 -0.015657710 -0.173692212 -0.005639075 -0.264030427 0.020016713 0.964290142
1781254324.206078 -0.310678303 -0.010058564 -0.152346164 -0.003672086 -0.258848041 0.019216942 0.965719938
1781254324.239454 -0.297178626 -0.008790269 -0.146769151 -0.003563904 -0.251104593 0.018647371 0.967773855
1781254324.306205 -0.271846056 -0.007272951 -0.136817411 -0.002963032 -0.234281048 0.017581994 0.972005486
1781254324.372956 -0.244990379 -0.007413369 -0.128116846 -0.003011381 -0.221684620 0.016538618 0.974973500
1781254324.439708 -0.218907073 -0.008428819 -0.120130703 -0.002959155 -0.205104634 0.015988303 0.978604972
1781254324.473083 -0.202057287 -0.005939839 -0.110571474 -0.001981132 -0.200067595 0.014970499 0.979665756
1781254324.639962 -0.134346142 -0.006518669 -0.089188255 -0.002329426 -0.173727721 0.013443804 0.984699190
1781254324.706713 -0.109869555 -0.006982481 -0.083200164 -0.002901253 -0.163910061 0.012349509 0.986393750
1781254324.740089 -0.099560581 -0.006509590 -0.077171281 -0.002206635 -0.160187498 0.012126573 0.987009645
1781254324.773464 -0.088276163 -0.006553637 -0.078688152 -0.002276447 -0.154299676 0.011685136 0.987952352
1781254324.873591 -0.053094722 -0.006871555 -0.070027627 -0.001983239 -0.141258940 0.010987425 0.989909768
1781254324.940342 -0.032440599 -0.004675334 -0.064525545 -0.001654664 -0.133045375 0.010502333 0.991052926
1781254325.007093 -0.011286772 -0.004505543 -0.060716577 -0.001759875 -0.125197068 0.009930310 0.992080688
1781254325.073844 0.011848221 -0.003610464 -0.055335887 -0.000901020 -0.118493184 0.009487482 0.992909133
1781254325.107220 0.021275789 -0.004178117 -0.054515127 -0.001403440 -0.115901373 0.008918212 0.993219733
1781254325.173971 0.042299829 -0.005195369 -0.054072939 -0.001496282 -0.108352378 0.008663638 0.994073689
1781254325.307482 0.074591286 -0.006166953 -0.050680440 -0.001644077 -0.095000826 0.007671886 0.995446265
1781254325.374238 0.084736295 -0.005746582 -0.050171621 -0.001439787 -0.088695824 0.007571572 0.996028960
1781254325.440993 0.096687354 -0.006428871 -0.052338373 -0.001653100 -0.085267693 0.007095113 0.996331453
1781254325.574505 0.111654297 -0.010002215 -0.050819937 -0.002702438 -0.080574021 0.006489925 0.996723890
1781254325.641260 0.112802595 -0.007738282 -0.049556628 -0.001872324 -0.077938259 0.006811032 0.996933222
1781254325.741394 0.116608664 -0.010264398 -0.050309144 -0.002653057 -0.076372810 0.006307502 0.997055888
1781254325.808149 0.116516046 -0.008052266 -0.050243307 -0.002131254 -0.077082887 0.006291546 0.997002602
1781254325.841527 0.114192694 -0.009434124 -0.050859205 -0.002430654 -0.077033505 0.006446778 0.997004747
1781254325.908283 0.110747188 -0.008674062 -0.050585318 -0.002247902 -0.077235080 0.006321327 0.996990383
1781254326.008417 0.110046178 -0.008038964 -0.051701568 -0.002037169 -0.078098014 0.006175357 0.996924520
1781254326.041796 0.110119678 -0.008648079 -0.050480410 -0.002285439 -0.078351200 0.006236147 0.996903718
1781254326.075174 0.109615266 -0.009818563 -0.050327145 -0.002517726 -0.078568637 0.006206955 0.996886253
1781254326.208686 0.109552369 -0.008463285 -0.049781125 -0.002109248 -0.078746870 0.006151609 0.996873438
1781254326.275443 0.108193219 -0.008319483 -0.050317839 -0.002068145 -0.078178443 0.006503273 0.996916056
1781254326.342200 0.109280467 -0.007283188 -0.049938571 -0.001818894 -0.078223363 0.006326525 0.996914148
1781254326.408957 0.108694896 -0.007057019 -0.050672639 -0.001735144 -0.077832669 0.006199333 0.996945679
1781254326.442336 0.109016091 -0.008940565 -0.051305335 -0.002247699 -0.077614531 0.006082165 0.996962428
1781254326.475715 0.109775774 -0.008031560 -0.050431002 -0.001983130 -0.077962458 0.006435544 0.996933579
1781254326.509094 0.108937971 -0.007775601 -0.050411750 -0.001992531 -0.077738345 0.006415869 0.996951163
1781254326.575851 0.109572977 -0.008241856 -0.051261056 -0.002113029 -0.077642322 0.006403445 0.996958494
1781254326.675987 0.109529361 -0.008202562 -0.050277326 -0.001998964 -0.077462241 0.006154253 0.996974289
1781254326.842883 0.110735781 -0.009090105 -0.050403871 -0.002290982 -0.077491269 0.006566149 0.996968806
1781254326.909641 0.109991796 -0.007998922 -0.049936894 -0.001844593 -0.077274077 0.006481834 0.996987164
1781254327.009778 0.109211653 -0.007587812 -0.049301658 -0.001846678 -0.077055842 0.006624024 0.997003078
1781254327.076536 0.108990468 -0.007328098 -0.049595740 -0.001840661 -0.076622017 0.006350218 0.997038305
1781254327.143294 0.110106699 -0.009571487 -0.050801877 -0.002525917 -0.077004381 0.006528086 0.997006238
1781254327.243423 0.109621935 -0.008067254 -0.048025675 -0.001929179 -0.077325903 0.006238435 0.996984482
1781254327.376921 0.108251512 -0.009007485 -0.048836429 -0.002272455 -0.076928675 0.006256148 0.997014403
1781254327.443671 0.109848835 -0.008765806 -0.048796237 -0.002126402 -0.077309184 0.006248252 0.996985376
1781254327.677292 0.111785546 -0.007659410 -0.047867995 -0.001793047 -0.077722661 0.006275668 0.996953726
1781254327.744041 0.110696100 -0.007398280 -0.047065083 -0.001736072 -0.077469967 0.006201725 0.996973872
1781254327.810790 0.110172614 -0.008221215 -0.048119672 -0.001974119 -0.077326134 0.006178273 0.996984720
1781254327.877539 0.111225247 -0.007435000 -0.047095172 -0.001685837 -0.077539928 0.006174268 0.996968746
1781254327.977662 0.111156002 -0.008048251 -0.048018374 -0.001899598 -0.077581331 0.006141240 0.996965349
1781254328.044410 0.112086423 -0.007607954 -0.047288138 -0.001784893 -0.077736974 0.006089292 0.996953726
1781254328.111159 0.110875510 -0.007617025 -0.047854364 -0.001768618 -0.077406429 0.006147878 0.996979177
1781254328.244663 0.109013528 -0.007040946 -0.047622390 -0.001580217 -0.077077322 0.006331114 0.997003794
1781254328.344796 0.109705210 -0.006283216 -0.047220893 -0.001340353 -0.077208057 0.006310343 0.996994197
1781254328.378174 0.111392334 -0.007674812 -0.047262743 -0.001818233 -0.077470161 0.006097515 0.996974409
1781254328.444929 0.109833606 -0.006876722 -0.047070764 -0.001466235 -0.077263966 0.006178895 0.996990442
1781254328.478307 0.110726647 -0.006799524 -0.046614908 -0.001499446 -0.077388518 0.006268879 0.996980190
1781254328.545062 0.111190595 -0.006971429 -0.046554122 -0.001538520 -0.077517867 0.006110332 0.996971071
1781254328.645195 0.111223906 -0.006713232 -0.046687260 -0.001424147 -0.077482969 0.006038353 0.996974409
1781254328.745328 0.112375133 -0.007088552 -0.046608038 -0.001643183 -0.077833869 0.006258222 0.996945381
1781254328.845462 0.111495920 -0.007222311 -0.047524486 -0.001645451 -0.077555843 0.006088043 0.996968091
1781254328.945596 0.110550374 -0.006734946 -0.047101591 -0.001459114 -0.077336550 0.006141189 0.996985137
1781254328.978973 0.111764207 -0.007322155 -0.047533900 -0.001736283 -0.077560358 0.006108331 0.996967494
1781254329.045729 0.108925857 -0.005544035 -0.046233650 -0.001079430 -0.077136420 0.006246752 0.997000456
1781254329.145862 0.110239595 -0.006278945 -0.046658866 -0.001283997 -0.077277310 0.006205785 0.996989548
1781254329.212617 0.110883236 -0.007245657 -0.047039643 -0.001618144 -0.077344082 0.006217618 0.996983826
1781254329.279372 0.108925574 -0.006567445 -0.047011096 -0.001393015 -0.076960415 0.006224143 0.997013748
1781254329.346127 0.110968925 -0.007475737 -0.047298793 -0.001637041 -0.077390023 0.005984230 0.996981680
1781254329.379505 0.111394882 -0.007655702 -0.047605380 -0.001724354 -0.077506274 0.006130026 0.996971548
1781254329.479637 0.110641673 -0.006742211 -0.046760753 -0.001453662 -0.077423513 0.006321003 0.996977210
1781254329.679904 0.112218477 -0.007928204 -0.046990190 -0.001754446 -0.077736072 0.006084300 0.996953905
1781254329.746659 0.109718002 -0.007543917 -0.047223374 -0.001605855 -0.077085570 0.006240498 0.997003675
1781254329.813414 0.110482186 -0.007661365 -0.047117542 -0.001687059 -0.077230774 0.006298831 0.996991932
1781254329.880169 0.111048944 -0.007464603 -0.047247402 -0.001660106 -0.077356957 0.005959502 0.996984243
1781254329.946925 0.110853925 -0.007162824 -0.047040191 -0.001521418 -0.077413179 0.006093364 0.996979356
1781254330.013680 0.113472655 -0.007378494 -0.046590783 -0.001623639 -0.078001723 0.006213311 0.996932566
1781254330.113813 0.111661144 -0.007596484 -0.047640938 -0.001616601 -0.077376604 0.006055901 0.996982276
1781254330.213948 0.111064024 -0.007626909 -0.047268074 -0.001719350 -0.077475622 0.006169931 0.996973693
1781254330.247329 0.113049448 -0.008171200 -0.046868924 -0.001756344 -0.077831216 0.006095778 0.996946394
1781254330.347468 0.111377873 -0.007934948 -0.047640320 -0.001851584 -0.077302292 0.005871186 0.996988773
1781254330.414227 0.112269841 -0.007702829 -0.046409573 -0.001640955 -0.077695236 0.006065133 0.996957421
1781254330.480987 0.111702755 -0.006714866 -0.046442766 -0.001397415 -0.077533729 0.006153783 0.996969819
1781254330.614506 0.113597669 -0.008111179 -0.047010679 -0.001849609 -0.077788912 0.005946771 0.996950448
1781254330.647887 0.112692066 -0.007734663 -0.045773949 -0.001643910 -0.077775277 0.006126532 0.996950746
1781254330.714646 0.111375175 -0.006717931 -0.046664156 -0.001424547 -0.077503875 0.006115321 0.996972322
1781254330.814786 0.112353265 -0.006857978 -0.046046305 -0.001478719 -0.077656105 0.006242286 0.996959567
1781254330.881546 0.111737423 -0.008045273 -0.047104429 -0.001840562 -0.077528037 0.006168385 0.996969402
1781254330.914927 0.109445095 -0.008327521 -0.048438758 -0.001958598 -0.076793760 0.006098139 0.997026443
1781254330.981688 0.112076640 -0.007341544 -0.046766106 -0.001634578 -0.077556282 0.006126156 0.996967852
1781254331.048448 0.112689540 -0.008038368 -0.047394153 -0.001856957 -0.077738099 0.006067335 0.996953666
1781254331.081828 0.112024248 -0.007473858 -0.047031399 -0.001639851 -0.077621989 0.006189548 0.996962368
1781254331.115208 0.111302517 -0.008495894 -0.048223484 -0.001988675 -0.077297822 0.006117167 0.996987343
