1781254294.783055 0.0000000 0.0000000 0.0000000 -0.0000000 -0.0000000 -0.0000000 1.0000000
1781254296.869306 0.1496489 -0.0144397 0.0213803 -0.0027948 -0.0006237 0.0021276 0.9999936
1781254297.871205 0.4469059 -0.0142625 0.0803655 -0.0036129 -0.0373797 0.0018600 0.9992929
1781254299.106638 0.9196827 -0.0141237 0.1991596 -0.0055026 -0.0590182 0.0028435 0.9982377
1781254299.840971 1.1838385 -0.0120912 0.2780778 -0.0038506 -0.0647310 0.0032177 0.9978902
1781254300.274939 1.3660611 -0.0126442 0.3057412 -0.0028295 -0.0337417 0.0009378 0.9994261
1781254300.775822 1.5881763 -0.0156635 0.3281155 -0.0037678 0.0013078 -0.0019961 0.9999900
1781254301.243301 1.8099056 -0.0187202 0.3540264 -0.0041134 0.0100473 -0.0037161 0.9999341
1781254301.577054 1.9573046 -0.0173128 0.3757481 -0.0030220 0.0074891 -0.0040609 0.9999592
1781254302.044298 2.1718280 -0.0158863 0.4102798 -0.0020125 0.0019261 -0.0041692 0.9999874
1781254302.344687 2.3034947 -0.0183444 0.4248826 -0.0021074 0.0043700 -0.0040026 0.9999803
1781254302.678461 2.4472303 -0.0201430 0.4382288 -0.0011768 0.0179036 -0.0050939 0.9998261
1781254303.045614 2.6024756 -0.0243510 0.4480594 -0.0015555 0.0408723 -0.0074232 0.9991356
1781254303.379367 2.7244115 -0.0266400 0.4524405 -0.0016451 0.0581381 -0.0079642 0.9982754
1781254303.679735 2.8363879 -0.0299076 0.4435349 -0.0022959 0.0947434 -0.0093257 0.9954554
1781254304.013472 2.9204273 -0.0417990 0.4126247 -0.0063958 0.1567294 -0.0133289 0.9875309
1781254305.148352 3.2235761 -0.0681945 0.2083379 -0.0021900 0.4152633 -0.0281309 0.9092636
1781254305.982784 3.3693635 -0.0756018 -0.0692384 0.0042923 0.6161870 -0.0486281 0.7860855
1781254306.650284 3.3327518 -0.1755175 -0.5438187 -0.0306227 0.7166486 -0.0625796 0.6939458
1781254309.954647 2.2392492 -0.1431758 -0.9852592 -0.0207235 -0.9091743 0.0519375 0.4126441
1781254310.388562 2.1089654 -0.1338555 -0.8927504 -0.0203379 -0.9131327 0.0524970 0.4037564
1781254310.488700 2.0766020 -0.1314225 -0.8723925 -0.0203285 -0.9164872 0.0525338 0.3960785
1781254310.688977 2.0081739 -0.1275442 -0.8371031 -0.0207242 -0.9255781 0.0532773 0.3742154
1781254310.922634 1.9286940 -0.1224098 -0.8053145 -0.0208726 -0.9375924 0.0542159 0.3428492
1781254311.156291 1.8512224 -0.1184669 -0.7814802 -0.0206536 -0.9488471 0.0546291 0.3102873
1781254311.456672 1.7460384 -0.1142854 -0.7612482 -0.0204243 -0.9623163 0.0557645 0.2653686
1781254311.690301 1.6644865 -0.1118564 -0.7526307 -0.0202678 -0.9718659 0.0568175 0.2276790
1781254311.990680 1.5591661 -0.1103548 -0.7570184 -0.0195271 -0.9829636 0.0569884 0.1736483
1781254312.291059 1.4525949 -0.1085721 -0.7764236 -0.0188858 -0.9923375 0.0585522 0.1071510
1781254312.524688 1.3713851 -0.1089709 -0.7994335 -0.0183995 -0.9966102 0.0590865 0.0542069
1781254312.925193 1.2296005 -0.1085991 -0.8484840 0.0184717 0.9976303 -0.0603344 0.0274298
1781254313.893113 0.9299865 -0.1156174 -1.0496507 0.0180563 0.9792463 -0.0576727 0.1934546
1781254314.794275 0.7956021 -0.1257838 -1.2844825 -0.0167055 -0.9344940 0.0571528 -0.3509637
1781254315.528548 0.6707962 -0.1352749 -1.4975159 -0.0156097 -0.9292876 0.0579440 -0.3644496
1781254317.798112 0.5889999 -0.1381864 -1.5806024 -0.0153293 -0.9466560 0.0584877 -0.3165225
1781254318.198641 0.5081469 -0.1380900 -1.6213561 -0.0144111 -0.9803720 0.0603951 -0.1871247
1781254318.632513 0.3989077 -0.1306518 -1.6353823 0.0142843 0.9972526 -0.0623716 0.0373228
1781254319.133130 0.2351449 -0.1235007 -1.6000385 -0.0141434 -0.9904213 0.0626384 0.1222376
1781254319.633732 0.0777134 -0.1212847 -1.4958074 -0.0166275 -0.9571408 0.0583083 0.2832053
1781254320.000836 -0.0261623 -0.1123410 -1.4036065 -0.0149426 -0.9319363 0.0571261 0.3577822
1781254320.401312 -0.1259817 -0.1036315 -1.2921417 -0.0146504 -0.9072180 0.0561192 0.4166431
1781254321.302385 -0.3860857 -0.0791219 -1.0153799 -0.0138636 -0.8807161 0.0544492 0.4703000
1781254322.170135 -0.6075602 -0.0507468 -0.7119137 -0.0115567 -0.8196555 0.0523487 0.5703428
1781254322.937748 -0.6609876 -0.0288163 -0.4942471 -0.0086884 -0.6791478 0.0441317 0.7326221
1781254323.405013 -0.5898874 -0.0219260 -0.3519460 -0.0076455 -0.5260652 0.0340956 0.8497261
1781254323.772168 -0.4753200 -0.0174997 -0.2439742 -0.0066625 -0.3897732 0.0267202 0.9204991
1781254324.206078 -0.3106782 -0.0100585 -0.1523461 -0.0036721 -0.2588480 0.0192169 0.9657199
1781254324.639962 -0.1343462 -0.0065187 -0.0891883 -0.0023294 -0.1737277 0.0134438 0.9846992
1781254325.073844 0.0118476 -0.0036104 -0.0553353 -0.0009010 -0.1184932 0.0094875 0.9929091
