1781254169.041763 0.0000000 0.0000000 0.0000000 -0.0000000 -0.0000000 -0.0000000 1.0000000
1781254173.316015 0.0097387 -0.0139046 -0.2180689 0.0017871 0.0460091 -0.0007316 0.9989392
1781254173.349385 0.0101159 -0.0150003 -0.2229860 0.0013540 0.0469810 -0.0005035 0.9988948
1781254173.582968 0.0163541 -0.0159444 -0.2586748 0.0020428 0.0508331 -0.0005005 0.9987050
1781254173.883283 0.0257317 -0.0199803 -0.3148989 0.0017077 0.0570653 -0.0002708 0.9983690
1781254174.451530 0.0425155 -0.0282767 -0.4366811 0.0013273 0.0680007 -0.0008154 0.9976841
1781254175.388462 0.1325122 -0.0348711 -0.5522653 0.0008455 0.0828186 -0.0027926 0.9965604
1781254175.955786 0.2251185 -0.0370115 -0.5900795 0.0011042 0.1159287 -0.0042814 0.9932477
1781254177.056695 0.3530927 -0.0325441 -0.5118435 -0.0005991 0.0671167 0.0000417 0.9977450
1781254177.757304 0.4188892 -0.0294065 -0.4089545 -0.0006661 0.0429195 0.0018982 0.9990765
1781254178.257748 0.4662898 -0.0229860 -0.3183851 0.0007922 0.0639066 0.0004497 0.9979555
1781254178.791640 0.5310246 -0.0185404 -0.2525190 0.0026537 0.0672517 -0.0002548 0.9977325
1781254179.192045 0.5981593 -0.0196983 -0.2305632 0.0026907 0.0420616 0.0008557 0.9991111
1781254179.458972 0.6511130 -0.0197413 -0.2303043 0.0033280 0.0449783 0.0001518 0.9989824
1781254179.625798 0.6799611 -0.0205044 -0.2378565 0.0036435 0.0733703 -0.0013930 0.9972972
1781254179.792620 0.7020572 -0.0208637 -0.2533709 0.0037509 0.1085339 -0.0034539 0.9940797
1781254180.159618 0.7322503 -0.0231938 -0.3009651 0.0036464 0.1326398 -0.0042426 0.9911485
1781254180.626772 0.7585731 -0.0311642 -0.4084949 0.0023527 0.1628985 -0.0053324 0.9866256
1781254181.194022 0.7755751 -0.0417936 -0.5483348 0.0010940 0.2001796 -0.0072948 0.9797315
1781254182.128684 0.7873455 -0.0581099 -0.7825118 -0.0004835 0.1999375 -0.0077809 0.9797776
1781254183.664085 0.8199701 -0.0810030 -1.0988863 -0.0002865 0.1023130 -0.0039649 0.9947444
1781254185.232740 1.0955758 -0.0750926 -0.9601927 -0.0014048 0.1247043 -0.0056986 0.9921766
1781254185.866746 1.1914890 -0.0651625 -0.7895626 -0.0014352 0.1279899 -0.0070668 0.9917493
1781254186.367328 1.2659442 -0.0569617 -0.6518710 -0.0013440 0.1181504 -0.0066447 0.9929726
1781254186.767873 1.3213346 -0.0479053 -0.5414006 0.0004849 0.0961533 -0.0054173 0.9953517
1781254187.201789 1.3822684 -0.0431907 -0.4461115 0.0002711 0.0528350 -0.0040794 0.9985949
1781254187.602251 1.4448917 -0.0416733 -0.3941978 0.0003041 0.0306026 -0.0032576 0.9995263
1781254187.969334 1.5211749 -0.0387257 -0.3494333 0.0004112 0.0117384 -0.0023957 0.9999282
1781254188.436536 1.6332527 -0.0379000 -0.3326536 0.0017951 0.0529006 -0.0042051 0.9985893
1781254188.736883 1.6809521 -0.0427107 -0.3719130 0.0013026 0.1173364 -0.0066728 0.9930690
1781254189.270807 1.7386194 -0.0501081 -0.4935574 0.0018885 0.1434556 -0.0067909 0.9896317
1781254189.838016 1.7654014 -0.0606907 -0.6435972 0.0020036 0.1691033 -0.0068254 0.9855727
1781254190.672762 1.7342075 -0.0784087 -0.8969542 0.0016353 0.1556861 -0.0062373 0.9877855
1781254191.507697 1.8050115 -0.0953619 -1.0744654 0.0013398 0.1690977 -0.0092881 0.9855546
1781254192.075051 1.9466386 -0.0937539 -1.0536461 0.0016603 0.2035577 -0.0117987 0.9789905
1781254192.909364 2.1030469 -0.0808481 -0.8572549 0.0013353 0.2266968 -0.0133772 0.9738726
1781254193.510079 2.2115424 -0.0706519 -0.6952682 0.0024633 0.2374836 -0.0137603 0.9712910
1781254194.077431 2.2928953 -0.0617819 -0.5558348 0.0042722 0.2434429 -0.0140154 0.9698045
1781254194.544664 2.3640962 -0.0557425 -0.4327007 0.0041938 0.2354133 -0.0128911 0.9718009
1781254195.112013 2.4299688 -0.0473076 -0.3102171 0.0041705 0.1984166 -0.0113360 0.9800434
1781254195.579256 2.4928465 -0.0434549 -0.2350930 0.0028540 0.1528211 -0.0096445 0.9882027
1781254196.246742 2.6046042 -0.0478297 -0.2500548 0.0018361 0.1388599 -0.0098267 0.9902616
1781254196.747347 2.7076581 -0.0538458 -0.3240017 0.0025560 0.1702666 -0.0114507 0.9853283
1781254197.348095 2.7654648 -0.0629071 -0.4380308 0.0028068 0.1534486 -0.0093064 0.9881089
1781254197.915545 2.7965157 -0.0711780 -0.5497143 0.0011356 0.0862600 -0.0049950 0.9962595
1781254198.382888 2.8143711 -0.0809589 -0.6756177 -0.0005796 0.0651442 -0.0035403 0.9978694
1781254198.816890 2.8235795 -0.0899746 -0.8127843 -0.0008741 0.0684035 -0.0040124 0.9976493
1781254199.384399 2.8497999 -0.0978687 -0.9505492 -0.0000713 0.0476353 -0.0037215 0.9988579
1781254199.918468 2.9633522 -0.1056915 -1.0161353 -0.0004888 0.0646669 -0.0060947 0.9978882
1781254200.385780 3.0741785 -0.1081251 -1.0058504 -0.0003484 0.1157108 -0.0094763 0.9932377
1781254201.320404 3.1798885 -0.0978026 -0.8232396 -0.0012423 0.0919768 -0.0070729 0.9957353
1781254201.987925 3.2560012 -0.0886274 -0.6565034 -0.0003761 0.0938637 -0.0073066 0.9955582
1781254202.421857 3.3184378 -0.0832641 -0.5645242 -0.0006023 0.0524959 -0.0053816 0.9986064
1781254202.789071 3.3825264 -0.0808404 -0.5266897 -0.0003645 0.0384568 -0.0046750 0.9992493
1781254203.122907 3.4421935 -0.0809083 -0.5108287 0.0000247 0.0567258 -0.0061401 0.9983709
1781254203.389962 3.5047402 -0.0816015 -0.5060444 0.0009118 0.0854884 -0.0077426 0.9963087
1781254203.690394 3.5674739 -0.0830083 -0.5230551 0.0017920 0.1377662 -0.0110490 0.9904015
1781254203.957446 3.6031728 -0.0858163 -0.5608921 0.0020200 0.1708634 -0.0122163 0.9852170
1781254204.491539 3.6433797 -0.0964012 -0.6808112 0.0009040 0.1852935 -0.0113322 0.9826175
1781254204.825343 3.6521873 -0.1041035 -0.7835751 0.0011228 0.2016239 -0.0113912 0.9793962
1781254205.492921 3.6679833 -0.1191378 -0.9681602 0.0001535 0.2204077 -0.0113920 0.9753413
1781254206.360723 3.6788850 -0.1394382 -1.2410836 -0.0007500 0.2260500 -0.0115352 0.9740471
1781254207.528948 3.9124627 -0.1432541 -1.2915183 -0.0003541 0.2309329 -0.0119501 0.9728962
1781254208.396746 4.0593023 -0.1290596 -1.0451665 0.0004026 0.2432606 -0.0113339 0.9698946
1781254208.897384 4.1426315 -0.1184569 -0.8825570 0.0015194 0.2602997 -0.0123945 0.9654471
1781254209.431402 4.2225389 -0.1111656 -0.7343172 0.0007387 0.2719326 -0.0141246 0.9622124
1781254210.032176 4.2664728 -0.1080945 -0.6434867 -0.0007175 0.3646557 -0.0193946 0.9309402
1781254211.400613 4.2538695 -0.1197040 -0.8581902 0.0058344 0.5875750 -0.0343048 0.8084213
1781254211.934638 4.2340136 -0.1289573 -1.0394921 0.0078068 0.6669387 -0.0390802 0.7440461
1781254212.301778 4.2020302 -0.1385497 -1.1737309 0.0069835 0.7225842 -0.0423966 0.6899463
1781254212.769043 4.1692924 -0.1529247 -1.3651581 0.0054840 0.7912388 -0.0490332 0.6095136
1781254213.403190 4.1275578 -0.1546418 -1.5735154 0.0058051 0.8686661 -0.0609829 0.4915960
1781254214.070727 4.0567436 -0.1639200 -1.6754079 0.0082704 0.9486623 -0.0641492 0.3096066
1781254214.671578 3.9648075 -0.1601665 -1.6470761 0.0131021 0.9968116 -0.0674467 0.0405701
1781254215.272451 3.9267607 -0.1470090 -1.4917340 -0.0162341 -0.9957781 0.0689183 0.0584180
1781254216.373894 3.8758583 -0.1211007 -1.1507397 -0.0165708 -0.9907196 0.0675459 0.1167809
1781254217.208313 3.7480049 -0.1096857 -1.0269277 -0.0160324 -0.9813781 0.0671682 0.1792443
1781254218.042724 3.5705166 -0.1146245 -1.1777959 -0.0179733 -0.9907963 0.0676638 0.1158499
1781254218.643519 3.4984972 -0.1268885 -1.3193458 -0.0186478 -0.9902720 0.0674589 0.1202614
1781254219.077436 3.4409072 -0.1343247 -1.4486048 -0.0192032 -0.9867215 0.0677379 0.1463681
1781254219.444592 3.3842940 -0.1433866 -1.5687196 -0.0194022 -0.9850495 0.0676597 0.1572362
1781254219.945255 3.3026142 -0.1509872 -1.6891583 -0.0187386 -0.9897659 0.0678913 0.1241097
1781254220.612801 3.1804655 -0.1509580 -1.7155883 -0.0185403 -0.9933813 0.0685034 0.0903175
1781254221.013325 3.0887461 -0.1475008 -1.6758165 -0.0194525 -0.9912764 0.0678291 0.1113184
1781254221.847777 3.0360146 -0.1318040 -1.4716854 -0.0200805 -0.9932230 0.0672002 0.0926769
1781254222.549545 2.9976926 -0.1177230 -1.2734271 -0.0189650 -0.9948645 0.0680736 0.0724645
1781254223.285653 2.9473336 -0.1009349 -1.0799747 -0.0185995 -0.9958096 0.0680080 0.0582422
1781254223.852951 2.8531146 -0.0886801 -0.9923897 -0.0174384 -0.9936965 0.0684621 0.0870406
1781254224.153277 2.7713735 -0.0874408 -0.9914572 -0.0171960 -0.9913506 0.0679867 0.1109332
1781254224.653821 2.6503546 -0.0863695 -1.0242445 -0.0170359 -0.9939386 0.0685205 0.0842661
1781254225.120983 2.5766051 -0.0920188 -1.1118928 -0.0175216 -0.9956661 0.0684844 0.0604312
1781254225.755007 2.5188181 -0.1020472 -1.2479866 -0.0181582 -0.9949450 0.0681817 0.0714559
1781254226.322284 2.4633076 -0.1091702 -1.3392878 -0.0165103 -0.9970105 0.0678830 0.0330077
1781254226.756097 2.3851457 -0.1090918 -1.3517730 0.0149330 0.9975537 -0.0682036 0.0034540
1781254227.123161 2.3016627 -0.1060597 -1.3258195 -0.0153252 -0.9966433 0.0670862 0.0443485
1781254227.490263 2.2291784 -0.1002068 -1.2597592 -0.0157499 -0.9954557 0.0671618 0.0656445
1781254227.790627 2.1682944 -0.0939746 -1.1953986 -0.0161344 -0.9945916 0.0675031 0.0772695
1781254228.124362 2.1022441 -0.0866830 -1.1228895 -0.0164227 -0.9936085 0.0679661 0.0886172
1781254228.424691 2.0429306 -0.0818577 -1.0541154 -0.0166420 -0.9928251 0.0671846 0.0975073
1781254228.991936 1.9739344 -0.0719581 -0.9265094 -0.0156869 -0.9928519 0.0668495 0.0976228
1781254229.992981 1.7863995 -0.0704564 -0.9717120 -0.0135177 -0.9966180 0.0668538 0.0458311
1781254230.693731 1.7261045 -0.0860117 -1.1810384 -0.0156428 -0.9939873 0.0670055 0.0851756
1781254231.027420 1.6993787 -0.0937009 -1.3141743 -0.0164827 -0.9904188 0.0679346 0.1190959
1781254231.294367 1.6791260 -0.1022540 -1.4404594 -0.0164632 -0.9892272 0.0677718 0.1287068
1781254231.694786 1.6412981 -0.1145688 -1.6107538 -0.0165483 -0.9901241 0.0673293 0.1218493
1781254232.128561 1.6100576 -0.1247431 -1.7683159 -0.0155032 -0.9924293 0.0680172 0.1010816
1781254232.662431 1.5749927 -0.1375212 -1.9418474 -0.0152628 -0.9943100 0.0694465 0.0793208
1781254233.029458 1.5459976 -0.1465008 -2.0582519 -0.0140505 -0.9962701 0.0698530 0.0486729
1781254233.429963 1.4830027 -0.1537555 -2.1549060 -0.0121677 -0.9972283 0.0700448 0.0219433
1781254233.797207 1.4195510 -0.1601402 -2.2290337 -0.0115522 -0.9975177 0.0693389 0.0041465
1781254234.264598 1.3147830 -0.1631304 -2.2916100 0.0106626 0.9974841 -0.0694156 0.0096624
1781254234.665047 1.2049893 -0.1637566 -2.3182414 -0.0108739 -0.9975019 0.0697179 0.0033379
1781254235.465917 1.1194752 -0.1575630 -2.2278175 -0.0126132 -0.9956540 0.0691990 0.0610376
1781254236.366852 1.0725532 -0.1406935 -2.0205648 -0.0135956 -0.9955223 0.0690786 0.0630760
1781254236.834017 1.0860265 -0.1321923 -1.8657897 -0.0141815 -0.9940635 0.0677036 0.0839818
1781254237.267809 1.1056778 -0.1217770 -1.7196152 -0.0141845 -0.9923331 0.0673799 0.1026345
1781254237.901942 1.1173290 -0.1061380 -1.5399784 -0.0138561 -0.9933179 0.0682658 0.0920181
1781254238.670155 1.1258476 -0.0874874 -1.2917833 -0.0149672 -0.9921333 0.0678459 0.1041375
1781254239.405314 1.0810994 -0.0730049 -1.0989103 -0.0158654 -0.9925368 0.0677016 0.1001781
1781254239.939332 0.9710171 -0.0679140 -1.0408647 -0.0150969 -0.9861711 0.0669308 0.1508608
1781254240.807080 0.7424669 -0.0705809 -1.1012411 -0.0127024 -0.9923102 0.0672838 0.1031115
1781254241.474558 0.6776600 -0.0858558 -1.2920574 -0.0134367 -0.9929236 0.0686242 0.0959844
1781254241.941787 0.6493939 -0.0955738 -1.4758264 -0.0133212 -0.9944976 0.0698811 0.0769010
1781254242.475779 0.6252130 -0.1085508 -1.6656187 -0.0123798 -0.9961690 0.0697274 0.0513060
1781254243.477065 0.5175604 -0.1086911 -1.6657436 -0.0113230 -0.9968362 0.0698198 0.0362558
1781254243.910956 0.4126434 -0.1020557 -1.6069684 -0.0125540 -0.9955386 0.0697429 0.0623001
1781254244.311468 0.3059309 -0.0982326 -1.5607822 -0.0133943 -0.9952340 0.0695280 0.0670516
1781254244.711963 0.2001370 -0.0945072 -1.5210593 -0.0153086 -0.9953392 0.0688765 0.0657387
1781254245.245948 0.1340468 -0.0873864 -1.4070472 -0.0164211 -0.9959334 0.0673084 0.0575899
1781254245.813262 0.1054454 -0.0727750 -1.2271659 -0.0159021 -0.9962990 0.0665631 0.0520091
1781254246.580809 0.0328807 -0.0592194 -1.0430235 -0.0149568 -0.9964793 0.0653303 0.0503703
1781254247.181510 -0.0581180 -0.0493527 -0.9175199 -0.0140868 -0.9931506 0.0655731 0.0956747
1781254248.616539 -0.2168328 -0.0654824 -1.1886489 -0.0156618 -0.9818699 0.0636979 0.1778449
1781254249.484301 -0.2318301 -0.0681807 -1.2760184 -0.0164100 -0.9186633 0.0614878 0.3898818
1781254250.485791 -0.1986388 -0.0588612 -1.0753620 -0.0171048 -0.7993527 0.0526849 0.5983033
1781254251.119980 -0.1602025 -0.0368924 -0.8793432 -0.0168146 -0.6761456 0.0465211 0.7351057
1781254251.620658 -0.0915485 -0.0323732 -0.7471857 -0.0167370 -0.5178707 0.0358685 0.8545427
1781254252.455127 0.0203442 -0.0337366 -0.7547597 -0.0151272 -0.2811091 0.0182999 0.9593821
1781254253.456503 0.3764992 -0.0258738 -0.7502981 -0.0085943 -0.0926394 0.0068090 0.9956394
1781254254.791722 0.7307836 -0.0292886 -0.7097465 -0.0059020 -0.0040334 -0.0015281 0.9999733
