1781254169.239699 0.0000000 0.0000000 0.0000000 -0.0000000 -0.0000000 -0.0000000 1.0000000
1781254173.349385 0.0111202 -0.0139003 -0.2226359 0.0016137 0.0475609 -0.0005870 0.9988669
1781254173.416123 0.0132332 -0.0137631 -0.2322468 0.0020286 0.0486223 -0.0005361 0.9988151
1781254173.816546 0.0233987 -0.0180882 -0.3018569 0.0019729 0.0565357 -0.0002610 0.9983986
1781254174.317610 0.0375392 -0.0254802 -0.4086103 0.0013815 0.0672320 -0.0006448 0.9977362
1781254175.121363 0.0919100 -0.0313563 -0.5260050 0.0014027 0.0645195 -0.0014867 0.9979144
1781254175.688808 0.1817130 -0.0336993 -0.5733702 0.0012525 0.0992716 -0.0034168 0.9950538
1781254176.923271 0.3392414 -0.0317716 -0.5326806 0.0001729 0.0739897 -0.0006038 0.9972588
1781254177.957474 0.4367656 -0.0253455 -0.3741805 0.0000477 0.0513034 0.0012168 0.9986824
1781254178.858375 0.5400502 -0.0179721 -0.2486514 0.0028643 0.0637261 -0.0002978 0.9979632
1781254179.425607 0.6443384 -0.0177988 -0.2291668 0.0040033 0.0438348 0.0000883 0.9990308
1781254180.526670 0.7538719 -0.0294579 -0.3832657 0.0025171 0.1560636 -0.0048859 0.9877317
1781254181.928397 0.7896920 -0.0547348 -0.7408674 -0.0000274 0.2019820 -0.0078427 0.9793578
1781254185.966850 1.2108749 -0.0637103 -0.7658250 -0.0018023 0.1271881 -0.0077304 0.9918469
1781254186.934766 1.3468279 -0.0481346 -0.5030065 -0.0005653 0.0820358 -0.0055921 0.9966136
1781254187.769107 1.4782526 -0.0406714 -0.3780681 0.0000869 0.0202979 -0.0030850 0.9997892
1781254189.270807 1.7444974 -0.0529001 -0.4992878 0.0011755 0.1429371 -0.0071763 0.9897051
1781254190.539125 1.7472774 -0.0765133 -0.8628439 0.0014950 0.1544987 -0.0060919 0.9879731
1781254192.075051 1.9485562 -0.0949713 -1.0576034 0.0014507 0.2040976 -0.0122960 0.9788722
1781254193.076223 2.1385190 -0.0801367 -0.8202691 0.0010657 0.2359628 -0.0137287 0.9716645
1781254193.843817 2.2618945 -0.0689048 -0.6201578 0.0024438 0.2400248 -0.0146544 0.9706531
1781254194.411169 2.3449142 -0.0590132 -0.4708591 0.0041869 0.2435634 -0.0143890 0.9697692
1781254195.112013 2.4330854 -0.0513313 -0.3161519 0.0029028 0.1987301 -0.0117023 0.9799801
1781254195.679380 2.5123239 -0.0475842 -0.2352358 0.0014147 0.1423889 -0.0095490 0.9897637
1781254196.380238 2.6383548 -0.0523030 -0.2732691 0.0012198 0.1511281 -0.0108160 0.9884543
1781254196.980960 2.7443345 -0.0624490 -0.3715329 0.0007880 0.1732644 -0.0119037 0.9848031
1781254197.915545 2.7998509 -0.0722971 -0.5542680 0.0012596 0.0866400 -0.0055756 0.9962233
1781254198.850274 2.8276157 -0.0885404 -0.8241339 -0.0000764 0.0693739 -0.0044237 0.9975809
1781254200.085365 3.0111687 -0.1078636 -1.0240674 -0.0000645 0.0902017 -0.0083560 0.9958885
1781254201.320404 3.1839383 -0.0976855 -0.8264209 -0.0007495 0.0920928 -0.0077466 0.9957200
1781254202.088053 3.2721095 -0.0839184 -0.6341090 0.0010628 0.0907320 -0.0084791 0.9958387
1781254202.789071 3.3859043 -0.0772142 -0.5290893 0.0015503 0.0390944 -0.0063685 0.9992141
1781254203.857301 3.5947177 -0.0821710 -0.5486400 0.0039145 0.1644689 -0.0139716 0.9862756
1781254204.758582 3.6540272 -0.0995354 -0.7663801 0.0031750 0.1997074 -0.0130026 0.9797642
1781254205.993572 3.6813521 -0.1258876 -1.1233325 0.0019927 0.2214965 -0.0127666 0.9750756
1781254208.563626 4.0941501 -0.1227690 -0.9939271 0.0029577 0.2488129 -0.0130991 0.9684585
1781254209.865295 4.2652473 -0.1049869 -0.6640177 0.0027508 0.3197638 -0.0182482 0.9473175
1781254211.701002 4.2692442 -0.1238886 -0.9837270 0.0099708 0.6254641 -0.0374727 0.7792888
1781254212.335154 4.2291751 -0.1350545 -1.2111318 0.0108605 0.7228473 -0.0431938 0.6895710
1781254213.136177 4.1809382 -0.1435690 -1.5207090 0.0133302 0.8327250 -0.0545479 0.5508319
1781254214.104104 4.0911546 -0.1562608 -1.6945176 0.0146559 0.9512335 -0.0577971 0.3026542
1781254215.138930 3.9728713 -0.1440187 -1.5516421 -0.0180619 -0.9971159 0.0610969 0.0412418
1781254216.907924 3.8491898 -0.1099357 -1.0573717 -0.0171529 -0.9882450 0.0601921 0.1394793
1781254218.510007 3.5519185 -0.1198495 -1.3158309 -0.0200137 -0.9923503 0.0598406 0.1061106
1781254219.344458 3.4430866 -0.1311835 -1.5652008 -0.0207154 -0.9863213 0.0602361 0.1520289
1781254220.178899 3.3089604 -0.1401728 -1.7412183 -0.0199936 -0.9929435 0.0605230 0.1000021
1781254220.979949 3.1407819 -0.1374034 -1.7117140 -0.0208843 -0.9927060 0.0600040 0.1024606
1781254221.814398 3.0808847 -0.1236958 -1.5151343 -0.0221632 -0.9941918 0.0596908 0.0867674
1781254222.583008 3.0397696 -0.1080762 -1.2993088 -0.0211805 -0.9956808 0.0612034 0.0665228
1781254223.319024 2.9846969 -0.0945020 -1.1048552 -0.0207586 -0.9966038 0.0604400 0.0519324
1781254223.919690 2.8750033 -0.0861304 -1.0260355 -0.0195410 -0.9940503 0.0605186 0.0884288
1781254224.386867 2.7457554 -0.0839979 -1.0378375 -0.0195528 -0.9933954 0.0603484 0.0956099
1781254224.987509 2.6305642 -0.0830084 -1.1203413 -0.0196737 -0.9961961 0.0612664 0.0587603
1781254225.688267 2.5633183 -0.0905207 -1.2716393 -0.0202877 -0.9957989 0.0609218 0.0652810
1781254227.223270 2.3252804 -0.0904816 -1.3550591 -0.0178357 -0.9967608 0.0599525 0.0505523
1781254228.057615 2.1560977 -0.0758904 -1.1827903 -0.0186158 -0.9947398 0.0605190 0.0805210
1781254228.825102 2.0332046 -0.0628119 -1.0099673 -0.0179468 -0.9934303 0.0603386 0.0955694
1781254229.959613 1.8326885 -0.0574477 -1.0132776 -0.0161890 -0.9971318 0.0599957 0.0432047
1781254230.593622 1.7757628 -0.0666571 -1.1945090 -0.0177383 -0.9956986 0.0602184 0.0681423
1781254231.027420 1.7454534 -0.0760171 -1.3637557 -0.0187088 -0.9914600 0.0611412 0.1136608
1781254231.561315 1.7018132 -0.0890144 -1.6101317 -0.0184490 -0.9906692 0.0603878 0.1207788
1781254232.061827 1.6632776 -0.0991920 -1.7937527 -0.0183256 -0.9930273 0.0610655 0.0991568
1781254232.862629 1.6154940 -0.1168143 -2.0577798 -0.0170636 -0.9961593 0.0628489 0.0585293
1781254233.930750 1.4499173 -0.1283397 -2.2991989 0.0143833 0.9977700 -0.0634355 0.0149719
1781254235.132227 1.1997033 -0.1282031 -2.3414695 -0.0139757 -0.9969061 0.0624984 0.0455724
1781254236.366852 1.1256843 -0.1078097 -2.0768762 -0.0161931 -0.9962334 0.0631843 0.0571362
1781254239.438690 1.1176102 -0.0529210 -1.1485603 -0.0179620 -0.9934351 0.0611938 0.0949710
1781254241.307689 0.7337990 -0.0553432 -1.2956456 -0.0161522 -0.9931396 0.0620381 0.0977958
1781254242.809542 0.6561211 -0.0824258 -1.7613041 -0.0144534 -0.9977219 0.0638257 0.0163864
1781254244.878834 0.2185040 -0.0636408 -1.5621022 -0.0180387 -0.9960293 0.0623567 0.0609263
1781254246.747671 0.0541816 -0.0327326 -1.0729916 -0.0169346 -0.9968544 0.0589284 0.0502204
1781254249.083758 -0.1805538 -0.0406073 -1.3255274 -0.0174619 -0.9553238 0.0564417 0.2895960
1781254250.452412 -0.1663492 -0.0384272 -1.1444925 -0.0153413 -0.8120749 0.0448518 0.5816247
1781254251.220115 -0.1188312 -0.0209039 -0.8919175 -0.0129788 -0.6619990 0.0362545 0.7485148
1781254251.854309 -0.0387600 -0.0121208 -0.7451752 -0.0110126 -0.4654092 0.0257701 0.8846519
1781254252.722159 0.1094480 -0.0246296 -0.8226756 -0.0100006 -0.2332336 0.0114418 0.9723020
1781254253.823680 0.4925008 -0.0293256 -0.8064989 -0.0053051 -0.0673590 0.0018133 0.9977131
