1781254169.041763 0.0000000 0.0000000 0.0000000 -0.0000000 -0.0000000 -0.0000000 1.0000000
1781254173.316015 0.0096266 -0.0155188 -0.2191646 0.0013557 0.0461112 -0.0007238 0.9989352
1781254173.382754 0.0115983 -0.0160191 -0.2290441 0.0015072 0.0477529 -0.0005409 0.9988579
1781254173.683073 0.0203051 -0.0196500 -0.2773714 0.0012139 0.0526983 -0.0004613 0.9986097
1781254174.116860 0.0343265 -0.0253535 -0.3659569 0.0008237 0.0623235 -0.0004277 0.9980556
1781254175.087862 0.0910017 -0.0355119 -0.5244777 0.0001531 0.0618441 -0.0009699 0.9980853
1781254175.922414 0.2236794 -0.0390260 -0.5907865 0.0004858 0.1132797 -0.0042275 0.9935541
1781254177.457039 0.3962477 -0.0325322 -0.4550786 -0.0013621 0.0478659 0.0012334 0.9988521
1781254178.457959 0.4906631 -0.0225326 -0.2896925 0.0011491 0.0730170 -0.0005888 0.9973299
1781254179.125312 0.5881675 -0.0201661 -0.2335057 0.0025280 0.0450743 0.0003789 0.9989804
1781254179.525704 0.6664422 -0.0210503 -0.2343827 0.0035047 0.0532928 -0.0007436 0.9985725
1781254179.725892 0.6971741 -0.0219838 -0.2480738 0.0034262 0.0952996 -0.0033351 0.9954371
1781254180.359830 0.7488807 -0.0288133 -0.3437991 0.0026637 0.1413790 -0.0047077 0.9899408
1781254180.993810 0.7760725 -0.0397868 -0.4993912 0.0012664 0.1862740 -0.0068766 0.9824730
1781254181.794874 0.7917849 -0.0532277 -0.7043726 0.0002450 0.2027021 -0.0076570 0.9792105
1781254183.664085 0.8262132 -0.0809303 -1.0965987 -0.0000745 0.1012560 -0.0042489 0.9948514
1781254185.232740 1.1011271 -0.0744471 -0.9555405 -0.0010119 0.1236487 -0.0058455 0.9923083
1781254186.167056 1.2456056 -0.0576957 -0.7031938 -0.0004142 0.1228988 -0.0071787 0.9923932
1781254187.268533 1.3967696 -0.0400611 -0.4313552 0.0012757 0.0453009 -0.0043460 0.9989631
1781254188.069446 1.5490335 -0.0339054 -0.3329855 0.0023509 0.0107487 -0.0035448 0.9999332
1781254189.003854 1.7171310 -0.0453883 -0.4251000 0.0026677 0.1352676 -0.0072908 0.9907787
1781254190.472309 1.7473972 -0.0683025 -0.8292101 0.0035387 0.1535527 -0.0064879 0.9881128
1781254191.808062 1.8899993 -0.0936054 -1.0726471 0.0029013 0.2043210 -0.0120068 0.9788260
1781254193.276460 2.1737812 -0.0709895 -0.7514747 0.0038855 0.2364302 -0.0144451 0.9715334
1781254194.711532 2.3840623 -0.0515963 -0.3860950 0.0060392 0.2253723 -0.0133696 0.9741623
1781254195.879626 2.5373864 -0.0452620 -0.2198737 0.0030916 0.1252071 -0.0091855 0.9920833
1781254196.980960 2.7374055 -0.0582389 -0.3599715 0.0031121 0.1724913 -0.0116674 0.9849370
1781254198.249351 2.8072145 -0.0714149 -0.6274803 0.0027321 0.0667045 -0.0047866 0.9977576
1781254199.317641 2.8406534 -0.0918800 -0.9273496 0.0020685 0.0545948 -0.0047257 0.9984953
1781254200.519299 3.0915413 -0.1018983 -0.9786271 0.0017682 0.1110326 -0.0091990 0.9937726
1781254201.520661 3.1970243 -0.0868608 -0.7623603 0.0023303 0.0938027 -0.0079467 0.9955564
1781254202.622155 3.3506360 -0.0747424 -0.5275326 0.0032598 0.0358426 -0.0055391 0.9993368
1781254203.723775 3.5683670 -0.0807780 -0.5176668 0.0038918 0.1424413 -0.0110028 0.9897345
1781254205.125767 3.6573622 -0.1049136 -0.8574761 0.0035712 0.2114724 -0.0109164 0.9773165
1781254207.061662 3.7692013 -0.1420148 -1.3336542 0.0018558 0.2603318 -0.0153297 0.9653957
1781254208.864009 4.1267662 -0.1165591 -0.8762804 0.0027235 0.2609579 -0.0123779 0.9652670
1781254211.600873 4.2479553 -0.1236289 -0.9182742 0.0069795 0.6159688 -0.0367910 0.7868800
1781254212.268402 4.2060347 -0.1412707 -1.1555250 0.0070920 0.7146293 -0.0408527 0.6982734
1781254212.902546 4.1592326 -0.1663743 -1.4049630 0.0035373 0.8065057 -0.0458852 0.5894324
1781254213.770335 4.0886035 -0.1807344 -1.6356568 0.0021345 0.9077866 -0.0543182 0.4158949
1781254214.337760 4.0041809 -0.1833115 -1.6821184 0.0042590 0.9786021 -0.0592951 0.1969874
1781254215.172313 3.9275384 -0.1746808 -1.5177885 -0.0070756 -0.9969055 0.0638586 0.0452935
1781254216.540778 3.8493099 -0.1501074 -1.0967401 -0.0073798 -0.9914583 0.0628217 0.1140591
1781254217.441949 3.6748996 -0.1479912 -1.0422570 -0.0073109 -0.9827840 0.0618441 0.1739470
1781254218.142853 3.5461776 -0.1545387 -1.1979179 -0.0085485 -0.9927554 0.0626159 0.1021913
1781254218.843789 3.4659710 -0.1663332 -1.3759286 -0.0092352 -0.9901404 0.0629082 0.1248171
1781254219.511347 3.3685272 -0.1824028 -1.5896434 -0.0097955 -0.9866773 0.0627148 0.1497957
1781254220.279031 3.2431729 -0.1882564 -1.7154037 -0.0091389 -0.9934758 0.0632356 0.0944652
1781254221.547372 3.0420191 -0.1818214 -1.5706370 -0.0113092 -0.9939823 0.0624292 0.0892975
1781254222.783800 2.9752941 -0.1588257 -1.2161372 -0.0096474 -0.9961708 0.0632709 0.0595619
1781254224.220016 2.7365248 -0.1470277 -0.9986790 -0.0083692 -0.9927034 0.0613568 0.1034661
1781254225.254458 2.5477035 -0.1543396 -1.1451559 -0.0092426 -0.9963686 0.0619144 0.0577130
1781254226.088697 2.4749632 -0.1657613 -1.3197821 -0.0088064 -0.9962692 0.0611060 0.0603003
1781254226.856207 2.3489516 -0.1676473 -1.3592243 0.0062478 0.9980862 -0.0614682 0.0025901
1781254227.390141 2.2362878 -0.1645415 -1.2887592 -0.0069147 -0.9964738 0.0609796 0.0572149
1781254227.990868 2.1156435 -0.1582553 -1.1611297 -0.0073192 -0.9951209 0.0612254 0.0770221
1781254228.658266 1.9893405 -0.1479950 -1.0105702 -0.0072514 -0.9934949 0.0610975 0.0958246
1781254229.992981 1.7671127 -0.1455618 -0.9842759 -0.0044053 -0.9974174 0.0605322 0.0384050
1781254231.594683 1.6420348 -0.1820417 -1.5928177 -0.0064865 -0.9910313 0.0609766 0.1187299
1781254232.862629 1.5574691 -0.2093391 -2.0267081 -0.0053176 -0.9963705 0.0630305 0.0569623
1781254233.964136 1.3870865 -0.2247401 -2.2752175 0.0014937 0.9978566 -0.0628201 0.0182695
1781254235.232336 1.1371859 -0.2302152 -2.2953219 -0.0029262 -0.9968637 0.0627291 0.0481582
1781254236.433591 1.0684043 -0.2148672 -2.0286715 -0.0039337 -0.9964340 0.0624137 0.0566430
1781254237.668316 1.1029687 -0.1867401 -1.6364442 -0.0040366 -0.9939224 0.0629223 0.0902373
1781254239.305185 1.0770184 -0.1575339 -1.1482002 -0.0058457 -0.9936441 0.0623464 0.0935425
1781254240.640209 0.7623971 -0.1616924 -1.0954068 -0.0027839 -0.9922258 0.0608124 0.1085456
1781254242.108652 0.6330153 -0.1900328 -1.5756346 -0.0031292 -0.9960388 0.0634089 0.0622604
1781254244.711963 0.1867213 -0.1918890 -1.5560712 -0.0054128 -0.9963783 0.0623501 0.0575626
1781254247.014650 -0.0492785 -0.1564523 -0.9737843 -0.0047045 -0.9958067 0.0596512 0.0692006
1781254249.684604 -0.2368656 -0.1751236 -1.2996565 -0.0044652 -0.9034564 0.0573914 0.4247973
1781254250.953087 -0.1910858 -0.1513717 -0.9870141 -0.0042076 -0.7177839 0.0516349 0.6943360
1781254251.687416 -0.0993544 -0.1412101 -0.7978762 -0.0033153 -0.4943491 0.0388888 0.8683869
1781254252.922434 0.1545968 -0.1352307 -0.8166039 -0.0014563 -0.1782298 0.0231045 0.9837165
1781254254.391145 0.6334196 -0.1086143 -0.7690164 0.0078516 -0.0453400 0.0096169 0.9988945
