1781254003.368473 0.0000000 0.0000000 0.0000000 -0.0000000 -0.0000000 -0.0000000 1.0000000
1781254007.849235 0.0965516 0.0004998 0.0013708 0.0025946 0.0225668 -0.0025011 0.9997389
1781254007.882638 0.1000146 0.0001861 0.0012603 0.0026951 0.0238738 -0.0023378 0.9997087
1781254008.049663 0.1183403 -0.0003057 0.0011468 0.0026027 0.0320516 -0.0027016 0.9994792
1781254008.784233 0.1987418 -0.0017225 -0.0028247 0.0027746 0.0625896 -0.0041203 0.9980270
1781254009.752372 0.2961533 -0.0022683 -0.0043368 0.0037711 0.0854786 -0.0046700 0.9963220
1781254010.620587 0.3817981 -0.0019756 -0.0001946 0.0038911 0.1178177 -0.0077658 0.9929972
1781254011.522661 0.4713682 -0.0021295 -0.0049893 0.0048849 0.1734071 -0.0118044 0.9847674
1781254012.192399 0.5445454 -0.0055552 -0.0284511 0.0046458 0.2344096 -0.0165169 0.9719865
1781254013.026935 0.6184589 -0.0074528 -0.0595215 0.0057694 0.2968314 -0.0207081 0.9546880
1781254013.627361 0.6583276 -0.0091993 -0.0928970 0.0066177 0.3784449 -0.0258549 0.9252390
1781254014.328009 0.6925082 -0.0126245 -0.1539000 0.0074523 0.4742863 -0.0319882 0.8797578
1781254015.128737 0.7202657 -0.0192847 -0.2270564 0.0087321 0.5618570 -0.0370321 0.8263589
1781254015.829475 0.7331306 -0.0221294 -0.2919036 0.0101198 0.6436615 -0.0426612 0.7640533
1781254016.697119 0.7133493 -0.0273602 -0.3597702 0.0104916 0.7463112 -0.0463746 0.6638967
1781254017.731606 0.6647738 -0.0353757 -0.4666851 0.0113800 0.8307766 -0.0508854 0.5541583
1781254018.832799 0.5778683 -0.0383925 -0.5973285 0.0139252 0.8785667 -0.0565663 0.4740537
1781254019.566952 0.5003395 -0.0432600 -0.6794360 0.0144217 0.9068823 -0.0586588 0.4170320
1781254020.334748 0.4227991 -0.0480474 -0.7695920 0.0135872 0.9222857 -0.0595813 0.3816471
1781254021.269154 0.3337738 -0.0528134 -0.8720890 0.0138600 0.9293509 -0.0603811 0.3639629
1781254022.303696 0.1780378 -0.0633553 -1.0337725 0.0135380 0.9395137 -0.0596083 0.3370127
1781254023.505079 0.0309815 -0.0702394 -1.1898896 0.0124581 0.9419104 -0.0606529 0.3301072
1781254024.573007 -0.1025152 -0.0793464 -1.3354106 0.0116795 0.9398453 -0.0592742 0.3362157
1781254025.841162 -0.2092545 -0.0895491 -1.5073103 0.0108178 0.9169736 -0.0566846 0.3947522
1781254026.708718 -0.2686224 -0.0966553 -1.6073732 0.0109823 0.9139199 -0.0568980 0.4017369
1781254027.209236 -0.3136644 -0.1007925 -1.6955122 0.0115554 0.9117768 -0.0574658 0.4064815
1781254027.676825 -0.3550348 -0.1051006 -1.7710494 0.0118815 0.9127882 -0.0574003 0.4042051
1781254028.545632 -0.4589901 -0.1122785 -1.8821365 0.0121531 0.9307289 -0.0585788 0.3607833
1781254029.146431 -0.5355856 -0.1160346 -1.9609830 0.0115666 0.9358297 -0.0590167 0.3472837
1781254029.647094 -0.6064565 -0.1201656 -2.0229828 0.0109174 0.9425762 -0.0583420 0.3286750
1781254030.214507 -0.6904275 -0.1234052 -2.0968277 0.0101152 0.9478993 -0.0584192 0.3130044
1781254030.715194 -0.7567313 -0.1268587 -2.1556523 0.0093850 0.9482056 -0.0583347 0.3121138
1781254031.215895 -0.8268261 -0.1310110 -2.2157445 0.0087365 0.9462620 -0.0578983 0.3180562
1781254031.649840 -0.8779190 -0.1345170 -2.2632711 0.0082125 0.9433659 -0.0580889 0.3265255
1781254032.050408 -0.9200685 -0.1363932 -2.3013687 0.0080821 0.9419696 -0.0582970 0.3304986
1781254032.484359 -0.9696651 -0.1384967 -2.3470235 0.0078123 0.9407727 -0.0582896 0.3338984
1781254032.818171 -1.0149958 -0.1392632 -2.3859453 0.0083056 0.9416500 -0.0585764 0.3313533
1781254033.051840 -1.0521288 -0.1401278 -2.4155562 0.0082482 0.9431177 -0.0587186 0.3271286
1781254033.285511 -1.0962982 -0.1426281 -2.4454095 0.0081705 0.9450446 -0.0584294 0.3215743
1781254033.519179 -1.1377528 -0.1446150 -2.4757717 0.0081334 0.9463989 -0.0586271 0.3175309
1781254033.886371 -1.1972888 -0.1472446 -2.5311718 0.0078216 0.9431471 -0.0589931 0.3270051
1781254034.220181 -1.2484601 -0.1501138 -2.5875380 0.0076934 0.9374815 -0.0590968 0.3428950
1781254034.620738 -1.3051195 -0.1537824 -2.6413717 0.0078886 0.9391580 -0.0587566 0.3383307
1781254034.954522 -1.3520966 -0.1568317 -2.6838174 0.0080336 0.9410777 -0.0585838 0.3329807
1781254035.288306 -1.4037361 -0.1599378 -2.7317152 0.0078314 0.9430805 -0.0584667 0.3272913
1781254035.722277 -1.4728029 -0.1643528 -2.7929630 0.0074654 0.9449028 -0.0589430 0.3219140
1781254036.223043 -1.5404713 -0.1678659 -2.8578928 0.0071796 0.9464772 -0.0581821 0.3174023
1781254036.590229 -1.5992634 -0.1713217 -2.9131651 0.0075023 0.9473266 -0.0572308 0.3150249
1781254036.923998 -1.6538458 -0.1736822 -2.9623032 0.0079314 0.9496347 -0.0568990 0.3080482
1781254037.257762 -1.7007637 -0.1764786 -3.0129962 0.0084197 0.9478334 -0.0565419 0.3135984
1781254037.558158 -1.7442174 -0.1791892 -3.0578010 0.0082407 0.9478769 -0.0563921 0.3134988
1781254037.858557 -1.7945518 -0.1822742 -3.0902905 0.0081511 0.9539673 -0.0564317 0.2944408
1781254038.158955 -1.8441663 -0.1840710 -3.1099193 0.0082901 0.9641769 -0.0567893 0.2589772
1781254038.526116 -1.9068985 -0.1838040 -3.1253285 0.0089280 0.9789945 -0.0588193 0.1950137
1781254038.993433 -1.9967470 -0.1833411 -3.1295061 0.0091377 0.9925604 -0.0598017 0.1056607
1781254040.195091 -2.1840982 -0.1762249 -3.0721481 -0.0083171 -0.9893366 0.0616101 0.1317127
1781254040.830380 -2.2720268 -0.1631053 -3.0001028 -0.0092486 -0.9649389 0.0625854 0.2547361
1781254041.265483 -2.3335881 -0.1574571 -2.9368362 -0.0096524 -0.9417409 0.0614016 0.3305462
1781254041.866524 -2.4256389 -0.1420486 -2.8464947 -0.0076179 -0.9095011 0.0632594 0.4107894
1781254042.834218 -2.4896417 -0.1441834 -2.7135963 -0.0105535 -0.8479922 0.0562409 0.5269106
1781254043.601757 -2.4977663 -0.1329192 -2.5810883 -0.0085381 -0.7650032 0.0504692 0.6419892
1781254044.536138 -2.4499917 -0.1255432 -2.4361765 -0.0081167 -0.6746820 0.0438751 0.7367586
1781254045.236819 -2.3995717 -0.1205053 -2.3081932 -0.0086598 -0.6322319 0.0409498 0.7736478
1781254045.904222 -2.3699868 -0.1137183 -2.1498039 -0.0084682 -0.6397800 0.0411480 0.7674090
1781254046.404784 -2.3654046 -0.1067319 -2.0467181 -0.0084934 -0.6497018 0.0422582 0.7589662
1781254046.638386 -2.3546443 -0.1046191 -2.0102911 -0.0082955 -0.6289763 0.0414789 0.7762728
1781254047.005466 -2.3266878 -0.1003199 -1.9656136 -0.0084408 -0.5700148 0.0383946 0.8206935
1781254047.405911 -2.2760696 -0.1017799 -1.9361408 -0.0092725 -0.5055306 0.0340932 0.8620850
1781254047.939870 -2.1970336 -0.0991113 -1.9057136 -0.0086579 -0.4310604 0.0293498 0.9018041
1781254048.473818 -2.0823662 -0.0965794 -1.8818600 -0.0077617 -0.3411022 0.0246543 0.9396708
1781254048.907662 -1.9824781 -0.0972773 -1.8582512 -0.0070290 -0.2878842 0.0221412 0.9573835
1781254049.441615 -1.8545864 -0.0976226 -1.8257526 -0.0074855 -0.2424185 0.0195875 0.9699451
1781254049.808734 -1.7785285 -0.0966306 -1.8125505 -0.0072918 -0.2090221 0.0176671 0.9777241
1781254050.142475 -1.7237957 -0.0973157 -1.8081657 -0.0067312 -0.1806775 0.0154552 0.9833979
1781254050.542959 -1.6524717 -0.0961597 -1.8025028 -0.0060824 -0.1444650 0.0127858 0.9894086
1781254050.843318 -1.5877110 -0.0972649 -1.8058410 -0.0057471 -0.1200402 0.0110628 0.9926908
1781254051.210416 -1.5037882 -0.0977320 -1.8079156 -0.0056057 -0.1022587 0.0093777 0.9946979
1781254051.677637 -1.3958026 -0.0986192 -1.7914008 -0.0056997 -0.1147475 0.0100655 0.9933274
1781254051.977993 -1.3272712 -0.0966728 -1.7607458 -0.0060837 -0.1460104 0.0117879 0.9891942
1781254052.178229 -1.2838441 -0.0941110 -1.7328278 -0.0055799 -0.1722503 0.0134969 0.9849449
1781254052.445207 -1.2296478 -0.0922291 -1.6926047 -0.0059121 -0.2050572 0.0148281 0.9786198
1781254052.745557 -1.1778203 -0.0887119 -1.6474998 -0.0057729 -0.2366940 0.0168167 0.9714216
1781254053.212757 -1.1198666 -0.0859976 -1.5843930 -0.0066881 -0.2703313 0.0184120 0.9625681
1781254053.613220 -1.0746475 -0.0829088 -1.5254689 -0.0069669 -0.2954277 0.0188500 0.9551538
1781254053.880201 -1.0505719 -0.0803034 -1.4816260 -0.0072633 -0.3225690 0.0205261 0.9462955
1781254054.213921 -1.0242883 -0.0767523 -1.4272740 -0.0070060 -0.3545045 0.0224972 0.9347574
1781254054.547645 -1.0040686 -0.0737186 -1.3770475 -0.0065882 -0.3845263 0.0238930 0.9227812
1781254054.881381 -0.9857765 -0.0707315 -1.3238933 -0.0070860 -0.4132996 0.0260048 0.9101961
1781254055.415345 -0.9657164 -0.0666859 -1.2530165 -0.0073236 -0.4531160 0.0288630 0.8909541
1781254055.882487 -0.9532388 -0.0626361 -1.1926391 -0.0082462 -0.4846135 0.0308653 0.8741448
1781254056.182782 -0.9474959 -0.0607228 -1.1523694 -0.0087172 -0.5097631 0.0322317 0.8596667
1781254056.583418 -0.9423239 -0.0567939 -1.0876848 -0.0092798 -0.5465336 0.0345284 0.8366736
1781254056.850766 -0.9436541 -0.0539151 -1.0411491 -0.0096178 -0.5725570 0.0360219 0.8190167
1781254057.118147 -0.9469683 -0.0510640 -0.9971673 -0.0105027 -0.5979221 0.0375010 0.8006076
1781254057.418987 -0.9559398 -0.0466360 -0.9464595 -0.0106179 -0.6262055 0.0391245 0.7786034
1781254057.752794 -0.9747981 -0.0421211 -0.8830101 -0.0109248 -0.6645396 0.0411893 0.7460371
1781254057.986458 -0.9908066 -0.0386081 -0.8422974 -0.0106828 -0.6903597 0.0429723 0.7221100
1781254058.286883 -1.0165651 -0.0344859 -0.7896909 -0.0101870 -0.7224641 0.0449738 0.6898689
1781254058.654076 -1.0524131 -0.0298305 -0.7313315 -0.0105163 -0.7588919 0.0471916 0.6494192
1781254058.987891 -1.0884634 -0.0262720 -0.6805794 -0.0104683 -0.7881424 0.0490657 0.6134448
1781254059.455304 -1.1424842 -0.0206361 -0.6245471 -0.0107812 -0.8232511 0.0515557 0.5652286
1781254059.756403 -1.1756303 -0.0182450 -0.5858752 -0.0111857 -0.8378848 0.0520425 0.5432453
1781254060.057543 -1.2070115 -0.0147306 -0.5375273 -0.0109478 -0.8340313 0.0514271 0.5492060
1781254060.325254 -1.2238679 -0.0117557 -0.4849149 -0.0109778 -0.8083410 0.0498490 0.5864975
1781254060.525760 -1.2323753 -0.0102924 -0.4409616 -0.0107554 -0.7828791 0.0480566 0.6202220
1781254060.692605 -1.2346381 -0.0078936 -0.4026988 -0.0108987 -0.7596205 0.0471710 0.6485621
1781254060.892816 -1.2362550 -0.0051452 -0.3577185 -0.0107894 -0.7292940 0.0452236 0.6826190
1781254061.093023 -1.2317363 -0.0021663 -0.3130917 -0.0103666 -0.6985076 0.0434561 0.7142067
1781254061.293228 -1.2245089 0.0000075 -0.2739847 -0.0095423 -0.6683533 0.0413939 0.7426301
1781254061.526813 -1.2074852 0.0019936 -0.2341048 -0.0093435 -0.6364333 0.0390931 0.7702838
1781254061.793787 -1.1856729 0.0043668 -0.1915339 -0.0085108 -0.6019172 0.0361306 0.7976953
1781254062.194243 -1.1468992 0.0081285 -0.1259856 -0.0081671 -0.5814826 0.0347880 0.8127736
1781254062.694793 -1.1150614 0.0124540 -0.0274251 -0.0082925 -0.5872458 0.0347709 0.8086190
1781254063.095214 -1.0860081 0.0180465 0.0518417 -0.0073968 -0.5450898 0.0311654 0.8377656
1781254063.529003 -1.0460329 0.0200148 0.1048033 -0.0063529 -0.4628046 0.0260548 0.8860546
1781254064.396626 -0.9358963 0.0205538 0.1118675 -0.0032720 -0.2734565 0.0140356 0.9617764
1781254065.130810 -0.7777836 0.0173330 0.0976298 -0.0012181 -0.1148033 0.0051432 0.9933742
1781254065.431152 -0.6976921 0.0179027 0.0869800 0.0008593 -0.0455048 0.0007417 0.9989635
1781254065.598022 -0.6548327 0.0171753 0.0775022 0.0018196 -0.0095205 -0.0017853 0.9999514
1781254065.798265 -0.6032273 0.0158792 0.0663073 0.0027029 0.0288125 -0.0037369 0.9995742
1781254066.098625 -0.5308442 0.0133531 0.0463271 0.0036490 0.0747472 -0.0064460 0.9971750
1781254066.599212 -0.4213550 0.0102711 0.0275308 0.0037470 0.0892158 -0.0078700 0.9959742
1781254067.366737 -0.2503510 0.0074691 0.0276019 0.0028023 0.0568050 -0.0060174 0.9983633
1781254067.533596 -0.2110600 0.0065194 0.0305122 0.0025218 0.0485206 -0.0057243 0.9988026
1781254067.934065 -0.1225338 0.0068030 0.0399514 0.0026069 0.0332177 -0.0043001 0.9994355
1781254068.634886 0.0149947 0.0038919 0.0501710 0.0023528 0.0021930 -0.0013931 0.9999939
1781254069.402473 0.1810159 0.0026359 0.0483809 0.0022567 -0.0297687 0.0019207 0.9995524
1781254070.103323 0.3656700 -0.0007171 0.0371676 0.0020443 -0.0091297 0.0011602 0.9999556
1781254070.937647 0.5469879 -0.0004594 0.0344986 0.0033834 0.0716401 -0.0056508 0.9974088
1781254072.072281 0.7705784 -0.0060182 -0.0385637 0.0060788 0.2792143 -0.0201080 0.9599990
1781254072.572829 0.8314973 -0.0107064 -0.1160244 0.0078826 0.3948692 -0.0273546 0.9182962
1781254072.839776 0.8589373 -0.0150994 -0.1676755 0.0084324 0.4503242 -0.0305840 0.8923013
1781254073.173453 0.8852929 -0.0197769 -0.2331917 0.0098793 0.5180597 -0.0342257 0.8546024
1781254073.507138 0.8926736 -0.0247082 -0.2898599 0.0099530 0.5826403 -0.0388318 0.8117409
1781254074.341492 0.8653637 -0.0297201 -0.3626016 0.0110736 0.6681069 -0.0436019 0.7427042
1781254076.144526 0.7378025 -0.0284636 -0.3506522 0.0125513 0.7775652 -0.0460245 0.6269900
1781254077.746951 0.4807492 -0.0391542 -0.6214018 0.0138274 0.8598877 -0.0555036 0.5072685
1781254078.314372 0.3909060 -0.0453314 -0.7619771 0.0132725 0.8792452 -0.0576438 0.4726828
1781254078.815886 0.3001581 -0.0515016 -0.8717667 0.0130505 0.8919812 -0.0577350 0.4481806
1781254078.949719 0.2766374 -0.0529275 -0.8992606 0.0132274 0.8947071 -0.0576356 0.4427215
1781254079.317798 0.2113410 -0.0572412 -0.9657394 0.0128700 0.8984134 -0.0573956 0.4351937
1781254079.685236 0.1474347 -0.0612508 -1.0308263 0.0126519 0.9005445 -0.0575575 0.4307514
1781254080.018914 0.0857853 -0.0653688 -1.0949748 0.0121483 0.9021125 -0.0575152 0.4274781
1781254080.385949 0.0265678 -0.0689456 -1.1652805 0.0117611 0.9000213 -0.0572541 0.4319091
1781254080.652922 -0.0083165 -0.0720048 -1.2163317 0.0111164 0.8954731 -0.0568917 0.4413252
1781254081.053396 -0.0589414 -0.0770607 -1.2959656 0.0107212 0.8849292 -0.0558643 0.4622386
1781254081.620723 -0.1138192 -0.0823760 -1.3998747 0.0098106 0.8714751 -0.0548603 0.4872630
1781254082.254780 -0.1679956 -0.0876542 -1.5096290 0.0096483 0.8596180 -0.0546348 0.5079160
1781254082.822076 -0.2375309 -0.0950350 -1.6275713 0.0105153 0.8554695 -0.0543389 0.5148871
1781254083.222509 -0.3125806 -0.1009285 -1.7079895 0.0113072 0.8773364 -0.0544410 0.4766437
1781254083.589576 -0.3775554 -0.1044177 -1.7723068 0.0118714 0.8940566 -0.0556627 0.4443237
1781254083.856545 -0.4335787 -0.1137592 -1.8242652 0.0118856 0.9034129 -0.0540403 0.4251865
1781254084.123509 -0.4881065 -0.1141631 -1.8917217 0.0124458 0.9096714 -0.0556832 0.4113908
1781254088.895718 -1.3853574 -0.1580638 -2.6906121 0.0084728 0.9284929 -0.0565501 0.3669212
1781254089.362922 -1.4592242 -0.1630797 -2.7791448 0.0076167 0.9235243 -0.0567130 0.3792472
1781254089.629910 -1.5149131 -0.1661772 -2.8409524 0.0078631 0.9282924 -0.0569870 0.3673743
1781254090.264024 -1.6522007 -0.1730339 -2.9630949 0.0085935 0.9522929 -0.0571292 0.2996676
1781254090.497640 -1.7013383 -0.1769039 -2.9921236 0.0085688 0.9621562 -0.0563867 0.2664630
1781254091.565546 -1.9521661 -0.1801249 -3.0278907 0.0101013 0.9967870 -0.0589001 0.0533345
1781254093.167316 -2.2635846 -0.1479442 -2.8285265 -0.0102491 -0.9413820 0.0615131 0.3315285
1781254094.101651 -2.3687377 -0.1381543 -2.6166108 -0.0107026 -0.8453919 0.0550267 0.5311968
1781254095.772497 -2.3909113 -0.1149028 -2.1839743 -0.0094259 -0.6723595 0.0435902 0.7388800
1781254097.343004 -2.1800528 -0.1011058 -1.9378613 -0.0088898 -0.4427437 0.0305310 0.8960842
1781254097.643343 -2.1102400 -0.0969203 -1.8998122 -0.0080713 -0.3849297 0.0274620 0.9225019
1781254097.910306 -2.0346084 -0.0974245 -1.8702163 -0.0081497 -0.3287700 0.0245362 0.9440560
1781254098.177264 -1.9484863 -0.0969615 -1.8439597 -0.0077738 -0.2737513 0.0210372 0.9615390
1781254106.719783 -1.1175724 -0.0111282 -0.4184582 -0.0105603 -0.6912104 0.0429197 0.7213006
1781254107.053491 -1.1073886 -0.0068306 -0.3454261 -0.0097360 -0.6519060 0.0402093 0.7571704
1781254107.320453 -1.1022512 -0.0018231 -0.2820421 -0.0093271 -0.6339852 0.0389280 0.7723085
1781254107.587418 -1.0891232 0.0010921 -0.2178469 -0.0087361 -0.6110148 0.0370167 0.7907050
1781254107.821018 -1.0762776 0.0033336 -0.1633281 -0.0087093 -0.5755780 0.0343408 0.8169791
1781254108.354952 -1.0180500 0.0089735 -0.0596814 -0.0074809 -0.4565311 0.0262635 0.8892883
1781254108.755413 -0.9593868 0.0128398 -0.0076304 -0.0049319 -0.3515339 0.0193496 0.9359621
1781254110.724239 -0.4613873 0.0114747 0.0437379 0.0018410 0.0076494 -0.0024533 0.9999660
1781254112.260466 -0.0548542 0.0060979 0.0620095 0.0011129 -0.0512587 0.0016041 0.9986835
1781254113.096806 0.2450857 0.0018065 0.0584432 0.0017566 0.0146988 0.0002050 0.9998904
1781254115.066863 0.6234171 -0.0153424 -0.1884588 0.0088867 0.5648805 -0.0369425 0.8242975
1781254119.005083 0.0010297 -0.0700292 -1.1634067 0.0111268 0.8921321 -0.0560384 0.4481475
1781254120.940468 -0.2747917 -0.1220500 -1.6264333 0.0094845 0.8784435 -0.0451530 0.4756135
1781254126.846679 -1.5706470 -0.1683878 -2.8342106 0.0075021 0.9577791 -0.0573195 0.2816336
1781254127.247126 -1.6854317 -0.1704233 -2.8794768 0.0081612 0.9779945 -0.0580644 0.2002218
1781254128.148136 -1.9714484 -0.1749022 -2.9073346 0.0103469 0.9980271 -0.0593403 0.0177099
1781254129.317347 -2.2999105 -0.1486552 -2.7638392 -0.0105158 -0.9342350 0.0594490 0.3515115
1781254131.453855 -2.3649228 -0.1142909 -2.1705444 -0.0092800 -0.6195945 0.0403697 0.7838284
1781254131.687502 -2.3351309 -0.1118752 -2.1121476 -0.0091139 -0.5743812 0.0375544 0.8176754
1781254132.021282 -2.2815285 -0.1082571 -2.0446134 -0.0089145 -0.5100684 0.0346170 0.8593907
1781254132.321683 -2.2147725 -0.1043027 -1.9894962 -0.0081512 -0.4405023 0.0301270 0.8972088
1781254141.501166 -1.0214422 0.0090672 -0.0499102 -0.0076805 -0.4454044 0.0257281 0.8949268
1781254144.037908 -0.3375975 0.0054537 -0.0290249 0.0020391 0.0177446 -0.0024631 0.9998375
1781254146.341023 0.4543800 -0.0019330 0.0296179 -0.0005860 -0.1076182 0.0073588 0.9941649
1781254146.708186 0.5652189 -0.0001479 0.0707310 -0.0016708 -0.1502012 0.0089578 0.9886135
1781254147.208873 0.6640599 0.0014731 0.1068587 -0.0018111 -0.1746314 0.0095847 0.9845856
