1781254341.179440 0.0000000 0.0000000 0.0000000 -0.0000000 -0.0000000 -0.0000000 1.0000000
1781254343.299146 0.1417107 -0.0053964 0.0054425 -0.0008575 0.0024437 -0.0013822 0.9999957
1781254343.332524 0.1486393 -0.0058359 0.0060569 -0.0009286 0.0018961 -0.0013929 0.9999968
1781254343.599570 0.2080835 -0.0048172 0.0151128 -0.0007162 -0.0063957 -0.0010758 0.9999787
1781254343.933602 0.2863958 -0.0062327 0.0283517 -0.0013956 -0.0163525 -0.0002840 0.9998653
1781254344.267700 0.3685067 -0.0066234 0.0450156 -0.0021535 -0.0280502 -0.0004011 0.9996041
1781254344.601826 0.4566728 -0.0067458 0.0638108 -0.0023248 -0.0379876 0.0001914 0.9992755
1781254344.935656 0.5437949 -0.0053766 0.0863888 -0.0022426 -0.0471243 0.0001242 0.9988865
1781254345.436426 0.6790012 -0.0045565 0.1206369 -0.0021317 -0.0596302 0.0014231 0.9982173
1781254346.137397 0.8827130 -0.0056108 0.1723382 -0.0016596 -0.0609077 0.0022460 0.9981395
1781254346.905116 1.1402488 -0.0047054 0.1961891 0.0007690 -0.0098264 0.0001218 0.9999514
1781254348.173504 1.5299009 -0.0187961 0.1567919 -0.0013745 0.0792693 -0.0063141 0.9968323
1781254349.909043 1.9571472 -0.0295434 0.1521920 -0.0034941 0.0656441 -0.0060131 0.9978189
1781254351.010419 2.2436087 -0.0304578 0.1315226 -0.0011898 0.0816281 -0.0058311 0.9966451
1781254351.811520 2.4712255 -0.0436943 0.0703065 -0.0027762 0.1321876 -0.0080539 0.9911881
1781254352.379071 2.6406722 -0.0510886 0.0016096 -0.0033140 0.1962533 -0.0126039 0.9804667
1781254352.779663 2.7433259 -0.0549772 -0.0544468 -0.0024910 0.2833011 -0.0174261 0.9588695
1781254353.347078 2.8579588 -0.0622205 -0.1348199 -0.0005647 0.3816619 -0.0221588 0.9240362
1781254354.581927 2.9820318 -0.0728754 -0.3226193 0.0036097 0.5779988 -0.0345963 0.8152960
1781254355.216007 3.0039489 -0.0811086 -0.4572845 0.0050176 0.6730974 -0.0401416 0.7384467
1781254355.683225 3.0016415 -0.0840715 -0.5692191 0.0062867 0.7322608 -0.0453818 0.6794814
1781254356.517612 2.9602282 -0.0900636 -0.7326305 0.0095831 0.8148401 -0.0515563 0.5773091
1781254357.318583 2.8631580 -0.0962795 -0.8812199 0.0107896 0.8877653 -0.0571736 0.4566044
1781254358.219731 2.7109680 -0.1033804 -0.9963768 0.0137892 0.9505882 -0.0594134 0.3044042
1781254358.720390 2.6137493 -0.1084233 -1.0290599 0.0142919 0.9728268 -0.0599249 0.2231880
1781254359.187654 2.5297921 -0.1078476 -1.0415072 0.0149297 0.9877983 -0.0606228 0.1426761
1781254359.688295 2.4346223 -0.1080819 -1.0341026 0.0164475 0.9968175 -0.0602449 0.0495481
1781254360.455967 2.2826786 -0.0995051 -0.9898686 -0.0170258 -0.9909047 0.0598145 0.1193328
1781254361.123505 2.1564097 -0.0953231 -0.9142469 -0.0184123 -0.9686314 0.0580430 0.2409254
1781254361.791035 2.0485768 -0.0874146 -0.8321699 -0.0176468 -0.9420388 0.0557100 0.3303755
1781254362.325041 1.9604534 -0.0813126 -0.7484639 -0.0172727 -0.9237094 0.0545632 0.3787948
1781254362.859045 1.8609331 -0.0731067 -0.6525724 -0.0168927 -0.9178259 0.0540892 0.3929182
1781254363.359674 1.7522004 -0.0655340 -0.5725504 -0.0169514 -0.9249662 0.0543429 0.3757619
1781254363.793566 1.6607854 -0.0607576 -0.5205448 -0.0171103 -0.9340450 0.0543454 0.3525815
1781254364.227480 1.5766677 -0.0558494 -0.4819677 -0.0166498 -0.9428356 0.0554606 0.3281890
1781254364.661395 1.4874760 -0.0524576 -0.4577660 -0.0169737 -0.9548994 0.0560038 0.2911061
1781254365.128680 1.3852752 -0.0498469 -0.4444615 -0.0166972 -0.9673730 0.0564675 0.2464188
1781254366.563875 1.0938623 -0.0477209 -0.4807661 -0.0149538 -0.9946718 0.0593413 0.0829646
1781254367.798849 0.8560424 -0.0495608 -0.6127412 0.0142828 0.9948179 -0.0602542 0.0806407
1781254368.866939 0.6956170 -0.0587793 -0.7773699 0.0134073 0.9745002 -0.0574978 0.2164802
1781254369.801882 0.5886887 -0.0699396 -0.9640664 0.0118952 0.9375654 -0.0563950 0.3430004
1781254370.805193 0.5186515 -0.0814142 -1.1842591 0.0114703 0.8910779 -0.0532379 0.4505711
1781254372.273315 0.3558143 -0.0928436 -1.3602839 0.0118298 0.9436661 -0.0557665 0.3259516
1781254373.240993 0.1827014 -0.0952732 -1.3978162 0.0116060 0.9837402 -0.0577650 0.1696580
1781254376.144051 -0.0700729 -0.0723185 -1.3061934 -0.0104846 -0.9944739 0.0627055 0.0835446
1781254378.679990 -0.3307143 -0.0498519 -0.9937840 -0.0113823 -0.9753973 0.0616024 0.2113660
1781254380.115011 -0.5223486 -0.0350946 -0.8138123 -0.0106424 -0.9655138 0.0622750 0.2525704
1781254381.049319 -0.6764466 -0.0244761 -0.6750082 -0.0134372 -0.9577197 0.0618092 0.2806636
1781254381.950273 -0.8020380 -0.0144657 -0.5400488 -0.0144580 -0.9390589 0.0608934 0.3380109
1781254383.084842 -0.8603886 -0.0026355 -0.3891686 -0.0140862 -0.8969449 0.0579973 0.4380957
1781254384.486327 -0.7422867 0.0059890 -0.1358256 -0.0092722 -0.7731429 0.0478988 0.6323527
1781254385.787929 -0.5258026 0.0126674 -0.0394739 -0.0066189 -0.6149353 0.0393972 0.7875650
1781254387.057549 -0.3347622 0.0100092 -0.0009032 -0.0056196 -0.4555032 0.0286671 0.8897547
1781254389.260762 -0.1600284 0.0006259 -0.0456669 -0.0049923 -0.2700270 0.0152686 0.9627187
1781254390.795959 -0.0219898 -0.0028874 -0.0527830 -0.0033330 -0.0903204 0.0047433 0.9958959
1781254398.805847 -0.1723462 -0.1411608 -0.0239970 -0.0257027 -0.1798638 -0.0098476 0.9833064
1781254400.074460 -0.0525336 -0.0726722 0.0772079 -0.1180968 0.0424647 -0.0012759 0.9920929
1781254400.708537 0.0599990 -0.1095151 0.0940182 -0.0708347 0.1632630 -0.0134070 0.9839451
1781254404.546695 -0.0042848 -0.1494113 0.0582414 -0.0006019 0.0350846 -0.0454826 0.9983487
1781254405.514555 0.0432283 -0.2067969 0.0455468 0.0344165 0.0572088 -0.0826071 0.9943434
1781254406.649349 -0.0313254 -0.2627404 -0.0225050 0.0976811 -0.0034365 -0.0726578 0.9925560
1781254410.554235 0.0227101 -0.2717678 0.1495837 0.0084596 0.1529941 -0.0503808 0.9869058
1781254412.289931 -0.1735341 -0.0936547 0.0907010 -0.0052897 -0.0226463 -0.0036865 0.9997228
1781254413.825220 -0.0316880 0.0060530 0.1105581 -0.0002642 0.0176392 0.0009495 0.9998440
