1781254341.179440 0.0000000 0.0000000 0.0000000 -0.0000000 -0.0000000 -0.0000000 1.0000000
1781254343.299146 0.1421903 -0.0032901 0.0065768 -0.0000146 0.0019456 -0.0003939 0.9999980
1781254343.332524 0.1492748 -0.0041793 0.0072477 -0.0002229 0.0013151 -0.0002670 0.9999991
1781254343.532792 0.1938037 -0.0041894 0.0138308 -0.0001534 -0.0049526 0.0001835 0.9999877
1781254343.799981 0.2563118 -0.0042493 0.0238052 -0.0004404 -0.0128142 0.0004899 0.9999177
1781254344.067233 0.3192907 -0.0040857 0.0362950 -0.0009210 -0.0207497 0.0009416 0.9997839
1781254344.367943 0.3943036 -0.0049043 0.0518261 -0.0015753 -0.0313485 0.0009559 0.9995068
1781254344.635209 0.4665196 -0.0027058 0.0695427 -0.0009135 -0.0393128 0.0017557 0.9992250
1781254344.935656 0.5458702 -0.0038111 0.0878553 -0.0018308 -0.0483008 0.0012152 0.9988304
1781254345.236115 0.6252443 -0.0030796 0.1082437 -0.0019009 -0.0569768 0.0019610 0.9983718
1781254345.503197 0.6987843 -0.0040700 0.1274554 -0.0024167 -0.0632927 0.0020951 0.9979899
1781254345.736860 0.7643719 -0.0026473 0.1463796 -0.0015390 -0.0642304 0.0027527 0.9979301
1781254345.970506 0.8313004 -0.0027818 0.1644121 -0.0013540 -0.0655803 0.0023658 0.9978436
1781254346.170775 0.8934821 -0.0033516 0.1776402 -0.0011539 -0.0616555 0.0027036 0.9980932
1781254346.404423 0.9701316 -0.0051360 0.1900955 -0.0012661 -0.0500040 0.0021791 0.9987459
1781254346.638074 1.0488305 -0.0062695 0.1974287 -0.0011368 -0.0331802 0.0016127 0.9994475
1781254346.905116 1.1396029 -0.0101855 0.1939773 -0.0012452 -0.0102453 0.0002593 0.9999467
1781254347.138783 1.2260653 -0.0119401 0.1874364 -0.0006660 0.0093863 -0.0009060 0.9999554
1781254347.372452 1.3073727 -0.0135604 0.1804702 -0.0007230 0.0309053 -0.0026606 0.9995185
1781254347.672870 1.4011726 -0.0136652 0.1693680 -0.0000739 0.0546571 -0.0052096 0.9984916
1781254348.006627 1.4965057 -0.0165277 0.1653342 -0.0008309 0.0729573 -0.0060785 0.9973162
1781254348.373755 1.5934739 -0.0174541 0.1686071 -0.0010572 0.0697072 -0.0067042 0.9975444
1781254348.740888 1.6936135 -0.0196604 0.1720452 -0.0012308 0.0618209 -0.0064223 0.9980659
1781254349.074653 1.7786680 -0.0220046 0.1740808 -0.0013634 0.0561076 -0.0070356 0.9983990
1781254349.274913 1.8274245 -0.0220894 0.1749514 -0.0007094 0.0528087 -0.0067341 0.9985817
1781254349.508548 1.8844167 -0.0248602 0.1719625 -0.0019242 0.0507888 -0.0072595 0.9986812
1781254349.742172 1.9440318 -0.0246783 0.1710435 -0.0015272 0.0521972 -0.0069203 0.9986117
1781254349.975791 2.0058610 -0.0246359 0.1694750 -0.0013221 0.0525512 -0.0066852 0.9985950
1781254350.176033 2.0600460 -0.0242800 0.1676846 -0.0006728 0.0533560 -0.0068716 0.9985517
1781254350.409647 2.1210511 -0.0250686 0.1648949 -0.0004109 0.0556518 -0.0064490 0.9984294
1781254350.609890 2.1760192 -0.0253965 0.1622423 -0.0000038 0.0575082 -0.0067989 0.9983219
1781254350.810155 2.2332327 -0.0270006 0.1577709 0.0002368 0.0585466 -0.0066952 0.9982622
1781254351.043797 2.3016963 -0.0279924 0.1535643 0.0008904 0.0625824 -0.0073559 0.9980123
1781254351.310818 2.3783407 -0.0301413 0.1426686 0.0013825 0.0724142 -0.0078745 0.9973426
1781254351.477705 2.4269254 -0.0337837 0.1320008 0.0006938 0.0846580 -0.0077789 0.9963795
1781254351.711367 2.4964819 -0.0366791 0.1147211 0.0004926 0.1017123 -0.0095285 0.9947681
1781254352.045214 2.5980148 -0.0419592 0.0823734 0.0001074 0.1286091 -0.0118543 0.9916245
1781254352.312299 2.6832874 -0.0467043 0.0511251 -0.0005593 0.1608504 -0.0128306 0.9868953
1781254352.512616 2.7419958 -0.0494491 0.0242516 -0.0005951 0.1977336 -0.0153845 0.9801349
1781254352.813040 2.8187373 -0.0521995 -0.0155794 0.0008378 0.2655257 -0.0188383 0.9639193
1781254353.280323 2.9171388 -0.0580161 -0.0751561 0.0026836 0.3478830 -0.0230393 0.9372510
1781254354.114704 3.0320015 -0.0683394 -0.1900595 0.0049322 0.4757941 -0.0304444 0.8790158
1781254354.848910 3.0658598 -0.0728191 -0.3016255 0.0079775 0.6014075 -0.0378804 0.7980040
1781254355.316124 3.0765803 -0.0750940 -0.4019079 0.0101069 0.6733983 -0.0421755 0.7380068
1781254355.749976 3.0755620 -0.0772175 -0.4975798 0.0114018 0.7292621 -0.0463213 0.6825696
1781254356.617738 3.0287485 -0.0910599 -0.6592932 0.0121392 0.8159400 -0.0498295 0.5758572
1781254357.351956 2.9457426 -0.0946511 -0.7938690 0.0126673 0.8853590 -0.0559131 0.4613596
1781254358.086222 2.8271527 -0.1015342 -0.8899806 0.0133854 0.9394661 -0.0578547 0.3374568
1781254358.586885 2.7402651 -0.1056457 -0.9281719 0.0130364 0.9653890 -0.0590973 0.2536959
1781254358.954022 2.6720080 -0.1080710 -0.9427724 0.0132633 0.9794542 -0.0595029 0.1922316
1781254359.321158 2.6054430 -0.1092649 -0.9495120 0.0138849 0.9898288 -0.0598378 0.1283186
1781254359.621541 2.5462749 -0.1083674 -0.9486735 0.0145883 0.9955075 -0.0601532 0.0716484
1781254359.855181 2.4990716 -0.1067266 -0.9414408 0.0147555 0.9978074 -0.0600516 0.0235893
1781254360.155573 2.4402189 -0.1036258 -0.9266978 -0.0149943 -0.9971483 0.0599221 0.0433573
1781254360.489344 2.3710439 -0.1003789 -0.8980578 -0.0155270 -0.9912544 0.0595230 0.1167500
1781254360.856489 2.2967172 -0.0970092 -0.8660609 -0.0159820 -0.9798130 0.0592727 0.1902572
1781254361.123505 2.2467973 -0.0957351 -0.8324282 -0.0164946 -0.9709262 0.0587596 0.2314684
1781254361.524028 2.1812115 -0.0922590 -0.7866805 -0.0158118 -0.9553984 0.0571628 0.2893033
1781254361.891162 2.1227453 -0.0883075 -0.7391322 -0.0152736 -0.9413859 0.0562510 0.3322577
1781254362.224915 2.0673025 -0.0849349 -0.6879518 -0.0149727 -0.9299095 0.0553144 0.3632968
1781254362.491916 2.0190072 -0.0821019 -0.6420255 -0.0148100 -0.9238465 0.0548694 0.3785203
1781254362.792295 1.9614017 -0.0780659 -0.5882528 -0.0144924 -0.9211641 0.0546405 0.3850469
1781254363.259548 1.8603002 -0.0723155 -0.5126501 -0.0143958 -0.9261166 0.0544695 0.3730064
1781254363.593299 1.7862251 -0.0678199 -0.4707245 -0.0147784 -0.9334967 0.0549469 0.3540429
1781254363.960457 1.7128024 -0.0634800 -0.4336057 -0.0143467 -0.9397773 0.0555995 0.3369295
1781254364.294236 1.6466619 -0.0608674 -0.4077082 -0.0144953 -0.9477637 0.0561457 0.3136581
1781254364.628017 1.5778432 -0.0585171 -0.3917087 -0.0145623 -0.9569265 0.0566265 0.2843821
1781254365.061925 1.4836351 -0.0563660 -0.3790539 -0.0142382 -0.9676151 0.0572096 0.2454494
1781254365.462458 1.3931681 -0.0562017 -0.3767562 -0.0139433 -0.9777374 0.0571740 0.2014107
1781254365.796225 1.3225400 -0.0562142 -0.3834429 -0.0133662 -0.9843647 0.0570373 0.1661153
1781254366.196739 1.2442288 -0.0555826 -0.3984200 -0.0131428 -0.9912353 0.0580547 0.1179389
1781254366.463747 1.1909873 -0.0555866 -0.4107775 -0.0129248 -0.9945475 0.0589100 0.0850749
1781254366.797518 1.1263577 -0.0568063 -0.4339276 -0.0126855 -0.9972408 0.0591412 0.0430384
1781254367.097916 1.0661591 -0.0577205 -0.4638546 -0.0125078 -0.9981517 0.0594295 0.0022176
1781254367.364938 1.0135236 -0.0578039 -0.4956865 0.0126125 0.9975278 -0.0593396 0.0354681
1781254367.732094 0.9489452 -0.0607769 -0.5407331 0.0123905 0.9948785 -0.0586034 0.0814177
1781254368.166005 0.8791268 -0.0639049 -0.6000783 0.0125577 0.9889376 -0.0576724 0.1360834
1781254368.533162 0.8261670 -0.0659942 -0.6575012 0.0122150 0.9815401 -0.0567498 0.1822345
1781254368.700050 0.8032343 -0.0676863 -0.6868182 0.0117099 0.9774340 -0.0561632 0.2033013
1781254368.933693 0.7721446 -0.0694928 -0.7308178 0.0114156 0.9703617 -0.0555428 0.2349102
1781254369.167336 0.7432092 -0.0715309 -0.7772239 0.0106448 0.9618456 -0.0556501 0.2676618
1781254369.434357 0.7120157 -0.0740632 -0.8309461 0.0104909 0.9512402 -0.0556226 0.3032131
1781254369.668074 0.6900040 -0.0766688 -0.8785892 0.0102425 0.9412312 -0.0553907 0.3330327
1781254369.902243 0.6699020 -0.0789198 -0.9297566 0.0097652 0.9296677 -0.0552627 0.3640998
1781254370.169894 0.6496575 -0.0826621 -0.9905592 0.0096376 0.9153163 -0.0541547 0.3989618
1781254370.504503 0.6319159 -0.0886488 -1.0612078 0.0090410 0.8983971 -0.0524308 0.4359494
1781254370.805193 0.6147935 -0.0915130 -1.1248544 0.0092200 0.8876512 -0.0515708 0.4575269
1781254371.339059 0.5750170 -0.0976599 -1.2201817 0.0085987 0.8870551 -0.0511537 0.4587403
1781254371.672717 0.5380760 -0.1001712 -1.2614059 0.0092529 0.9043561 -0.0522426 0.4234681
1781254371.939653 0.5026507 -0.1010045 -1.2846791 0.0089665 0.9204182 -0.0536110 0.3871379
1781254372.173218 0.4669321 -0.1010131 -1.3033049 0.0095041 0.9350163 -0.0545339 0.3502575
1781254372.340048 0.4397695 -0.1013770 -1.3161392 0.0096467 0.9443761 -0.0553347 0.3240352
1781254372.540240 0.4072588 -0.1026520 -1.3288070 0.0099144 0.9543775 -0.0559985 0.2931375
1781254372.740447 0.3730900 -0.1025054 -1.3407971 0.0098482 0.9635468 -0.0567012 0.2612767
1781254372.974036 0.3326138 -0.1031756 -1.3493235 0.0095240 0.9731983 -0.0575530 0.2224455
1781254373.274363 0.2779101 -0.1033789 -1.3571485 0.0097799 0.9833196 -0.0580127 0.1721089
1781254373.541315 0.2261732 -0.1032313 -1.3588377 0.0096653 0.9907734 -0.0582777 0.1219773
1781254373.875004 0.1632727 -0.1028601 -1.3548986 0.0094262 0.9965990 -0.0590051 0.0567455
1781254374.275421 0.0971089 -0.1007278 -1.3417413 -0.0085369 -0.9980050 0.0596310 0.0189025
1781254376.010579 0.0183566 -0.0949895 -1.2648259 -0.0088176 -0.9960523 0.0599864 0.0648362
1781254377.011616 -0.0855243 -0.0824529 -1.1608663 -0.0089852 -0.9909949 0.0611325 0.1187910
1781254377.578871 -0.1431927 -0.0780881 -1.0962873 -0.0095297 -0.9877718 0.0606443 0.1433119
1781254378.246219 -0.2126546 -0.0724813 -1.0102761 -0.0090228 -0.9827161 0.0605716 0.1746959
1781254378.713365 -0.2681006 -0.0679902 -0.9464042 -0.0089052 -0.9779297 0.0606471 0.1997403
1781254379.380858 -0.3547244 -0.0619835 -0.8583848 -0.0085910 -0.9725046 0.0610360 0.2245791
1781254379.981538 -0.4428516 -0.0563635 -0.7873134 -0.0085139 -0.9695611 0.0613112 0.2368961
1781254380.515424 -0.5210880 -0.0506717 -0.7212209 -0.0090564 -0.9677849 0.0613156 0.2440302
1781254380.882476 -0.5886694 -0.0470960 -0.6635034 -0.0100042 -0.9640223 0.0610535 0.2585216
1781254381.282896 -0.6630373 -0.0412278 -0.5998095 -0.0112348 -0.9586936 0.0615584 0.2774725
1781254381.950273 -0.7515280 -0.0356370 -0.5041908 -0.0116939 -0.9437433 0.0606060 0.3248673
1781254382.584290 -0.7993621 -0.0281241 -0.4224691 -0.0116623 -0.9217694 0.0601323 0.3828697
1781254383.552016 -0.8063284 -0.0159649 -0.2693469 -0.0089984 -0.8735472 0.0571140 0.4832932
1781254384.452959 -0.7157775 -0.0047849 -0.1054365 -0.0066938 -0.7852586 0.0525902 0.6168941
1781254385.353952 -0.5822917 0.0007585 -0.0254855 -0.0042539 -0.6893963 0.0474104 0.7228189
1781254386.322583 -0.4064064 0.0042320 0.0069490 -0.0058996 -0.5525088 0.0408006 0.8324870
1781254387.391515 -0.2663509 0.0066379 0.0282153 -0.0054973 -0.4255446 0.0332116 0.9043111
1781254389.461028 -0.1347725 -0.0019779 -0.0317560 -0.0050345 -0.2584565 0.0186048 0.9658306
1781254389.861529 -0.1012536 -0.0000236 -0.0391224 -0.0032980 -0.2151922 0.0149222 0.9764522
1781254390.261994 -0.0609572 -0.0012344 -0.0409041 -0.0027331 -0.1575244 0.0102307 0.9874583
1781254391.363342 -0.0047124 -0.0046438 -0.0592737 -0.0031386 -0.0339162 0.0030117 0.9994152
1781254392.664858 -0.0172013 -0.0057671 -0.0593848 -0.0026752 0.0492237 -0.0010574 0.9987836
1781254396.836654 -0.0406396 -0.0997351 -0.0236930 -0.0004437 0.0405643 -0.0024985 0.9991738
1781254397.203787 -0.0611415 -0.1348096 -0.0325075 0.0331728 0.0319976 -0.0155988 0.9988155
1781254397.737794 -0.0941792 -0.1704393 -0.0584318 0.0690606 -0.0122895 -0.0444923 0.9965441
1781254398.472044 -0.1430049 -0.1546203 -0.0312135 0.0009890 -0.1262932 -0.0181192 0.9918270
1781254399.139741 -0.1724060 -0.1231724 0.0049136 -0.0545914 -0.1615094 -0.0073174 0.9853330
1781254399.640594 -0.1262899 -0.0853412 0.0450218 -0.1011111 -0.0620509 -0.0036273 0.9929315
1781254399.940969 -0.0772017 -0.0746733 0.0678030 -0.1166914 0.0097770 -0.0024970 0.9931170
1781254400.174577 -0.0268189 -0.0722701 0.0835944 -0.1161105 0.0648911 0.0022520 0.9911117
1781254400.374814 0.0199617 -0.0771697 0.0916147 -0.1072304 0.1119486 0.0045992 0.9879009
1781254400.675164 0.0585126 -0.1052622 0.0960477 -0.0757884 0.1603946 -0.0098158 0.9840901
1781254401.209129 0.0612425 -0.1754404 0.0837313 -0.0048116 0.1757783 -0.0447677 0.9833996
1781254402.010057 -0.0204011 -0.2296284 0.0500803 0.0283173 0.0561049 -0.0582139 0.9963240
1781254405.915062 0.0509376 -0.2409313 0.0212888 0.0689515 0.0697284 -0.0599249 0.9933743
1781254410.353977 0.0574642 -0.2583969 0.1044428 0.0055148 0.1197805 -0.0445948 0.9917830
1781254410.954781 -0.0672023 -0.3177137 0.2022316 0.0163864 0.1612823 -0.0432261 0.9858251
1781254412.890704 -0.0713796 -0.0129306 0.1065685 -0.0041357 0.0146039 -0.0243488 0.9995883
1781254413.324585 -0.0342390 0.0050618 0.1076580 0.0016954 0.0176911 0.0065808 0.9998204
