1000.000000 0.0000000 0.0000000 0.0000000 -0.0000000 -0.0000000 -0.0000000 1.0000000
1004.300000 0.0922084 0.0211160 0.3158401 -0.0001161 0.0472861 -0.0030031 0.9988769
1004.333333 0.0926581 0.0217311 0.3210712 -0.0000893 0.0471729 -0.0029824 0.9988823
1004.633333 0.0993081 0.0259380 0.3899224 -0.0015253 0.0523658 -0.0033029 0.9986213
1005.633333 0.1142731 0.0346278 0.5114889 -0.0025853 0.0603260 -0.0035237 0.9981692
1006.233333 0.1240448 0.0408417 0.6188248 -0.0024451 0.0578423 -0.0033804 0.9983170
1006.900000 0.1322121 0.0451841 0.7079728 -0.0021497 0.0585493 -0.0036019 0.9982757
1007.766667 0.1450010 0.0520475 0.8275591 -0.0020764 0.0602685 -0.0038395 0.9981726
1008.466667 0.1608071 0.0595196 0.9323090 -0.0016965 0.0617098 -0.0034886 0.9980866
1009.233333 0.1783517 0.0667953 1.0515695 -0.0011780 0.0620814 -0.0035756 0.9980640
1010.000000 0.1931656 0.0738703 1.1707566 -0.0016033 0.0634651 -0.0039583 0.9979749
1010.566667 0.2036405 0.0764003 1.2320474 -0.0013533 0.0629434 -0.0035271 0.9980100
1011.233333 0.2127925 0.0791586 1.3186865 -0.0013156 0.0622662 -0.0034170 0.9980528
1011.633333 0.2214494 0.0842780 1.3903188 -0.0006965 0.0572896 -0.0032049 0.9983522
1012.366667 0.2354346 0.0911770 1.4943243 -0.0001410 0.0523637 -0.0032108 0.9986230
1013.200000 0.2650848 0.0972941 1.6064638 0.0000697 0.0612117 -0.0042006 0.9981160
1013.966667 0.2885116 0.1028366 1.7042366 -0.0000911 0.0679512 -0.0047911 0.9976771
1014.833333 0.3141193 0.1075024 1.8102456 0.0001731 0.0720778 -0.0051281 0.9973858
1015.600000 0.3343769 0.1102533 1.9107246 0.0005635 0.0739943 -0.0050573 0.9972457
1016.533333 0.3528123 0.1183069 2.0229464 0.0015444 0.0692174 -0.0048636 0.9975886
1017.566667 0.3662418 0.1226215 2.1554635 0.0013860 0.0591200 -0.0042574 0.9982409
1018.466667 0.3763417 0.1306909 2.2920730 0.0004210 0.0448403 -0.0035520 0.9989878
1019.400000 0.3740050 0.1391975 2.4057951 0.0000885 0.0287968 -0.0025068 0.9995821
1020.066667 0.3612821 0.1439346 2.4959288 0.0003523 0.0093434 -0.0021023 0.9999541
1020.800000 0.3361665 0.1493772 2.5872455 -0.0004784 -0.0161475 -0.0016066 0.9998682
1021.433333 0.3049965 0.1555539 2.6757131 -0.0003280 -0.0498388 0.0000322 0.9987572
1022.266667 0.2601641 0.1628616 2.7725410 0.0003139 -0.0959759 0.0024662 0.9953806
1023.400000 0.1723955 0.1654812 2.9091780 -0.0014990 -0.1630351 0.0052058 0.9866054
1024.366667 0.0524182 0.1731094 3.0597150 -0.0024852 -0.2337057 0.0086004 0.9722662
1025.000000 -0.0515886 0.1755526 3.1580477 -0.0028588 -0.2886096 0.0109100 0.9573804
1026.233333 -0.2170382 0.1803490 3.2744083 -0.0035155 -0.3592429 0.0150604 0.9331160
1027.300000 -0.4242097 0.1864567 3.3887804 -0.0020645 -0.4323539 0.0202067 0.9014752
1029.066667 -0.6508219 0.1910772 3.4699190 -0.0031340 -0.5061372 0.0248026 0.8620906
1030.000000 -0.7871448 0.1951412 3.4906201 -0.0052254 -0.5542789 0.0276644 0.8318548
1031.133333 -0.9362812 0.1970689 3.4899549 -0.0067561 -0.6113787 0.0311665 0.7906953
1032.400000 -1.1404159 0.1965621 3.4376121 -0.0055542 -0.6984138 0.0353568 0.7147988
1033.566667 -1.3129375 0.1931158 3.3431172 -0.0065448 -0.7747367 0.0399222 0.6309885
1034.733333 -1.4315500 0.1875226 3.2264957 -0.0069488 -0.8333208 0.0413745 0.5511953
1035.666667 -1.5048316 0.1817341 3.1186037 -0.0075246 -0.8750441 0.0428854 0.4820809
1036.066667 -1.5459533 0.1782720 3.0379553 -0.0078627 -0.8998440 0.0439365 0.4339223
1036.533333 -1.5732450 0.1751189 2.9651787 -0.0085316 -0.9191990 0.0453636 0.3910787
1037.000000 -1.5894058 0.1720439 2.9044991 -0.0089465 -0.9334329 0.0457985 0.3557041
1037.400000 -1.6025143 0.1682111 2.8454452 -0.0088021 -0.9437526 0.0460550 0.3273111
1038.033333 -1.6174698 0.1659041 2.7858696 -0.0084846 -0.9485208 0.0469667 0.3130981
1038.466667 -1.6311677 0.1619387 2.7178819 -0.0080990 -0.9529907 0.0475947 0.2991286
1039.100000 -1.6518002 0.1576278 2.6187351 -0.0075330 -0.9571788 0.0479336 0.2854021
1039.533333 -1.6686261 0.1555370 2.5513899 -0.0075480 -0.9604275 0.0483266 0.2742017
1040.233333 -1.6969409 0.1524191 2.4716005 -0.0079243 -0.9629547 0.0485282 0.2651424
1040.766667 -1.7158480 0.1475037 2.3659415 -0.0081933 -0.9738907 0.0493399 0.2214395
1041.433333 -1.7638617 0.1447929 2.2289591 -0.0075458 -0.9815424 0.0498726 0.1844730
1042.533333 -1.8187125 0.1371655 2.0861783 -0.0072364 -0.9858433 0.0490008 0.1601859
1043.366667 -1.8324740 0.1284825 1.9642800 -0.0077976 -0.9913973 0.0491988 0.1210375
1044.000000 -1.8365319 0.1242750 1.8643181 -0.0082834 -0.9944270 0.0493094 0.0928163
1044.800000 -1.8562417 0.1191029 1.7297672 -0.0082990 -0.9953616 0.0498967 0.0818346
1045.866667 -1.8784945 0.1091456 1.5658348 -0.0082244 -0.9958580 0.0511868 0.0746941
1046.633333 -1.8812745 0.1033195 1.4315109 -0.0077547 -0.9969521 0.0518855 0.0577439
1047.233333 -1.8880744 0.0941801 1.3284068 -0.0080140 -0.9974377 0.0517218 0.0487716
1048.466667 -1.9129579 0.0901386 1.1789049 -0.0084387 -0.9974627 0.0531190 0.0466397
1049.600000 -1.9200947 0.0832240 1.0345736 -0.0076841 -0.9978667 0.0537824 0.0361995
1050.366667 -1.9201405 0.0761007 0.9042748 -0.0079231 -0.9981669 0.0547835 0.0244754
1051.533333 -1.9216404 0.0698751 0.7701074 -0.0081305 -0.9983010 0.0557615 0.0148218
1052.766667 -1.9220934 0.0620242 0.6481596 -0.0075065 -0.9983347 0.0561698 0.0107903
1053.733333 -1.9202760 0.0558503 0.5272187 -0.0073690 -0.9983385 0.0570589 0.0032036
1054.833333 -1.9125117 0.0466422 0.3955224 0.0082486 0.9982355 -0.0574224 0.0126733
1056.100000 -1.8818676 0.0392109 0.2464370 0.0075886 0.9970616 -0.0572661 0.0503127
1057.200000 -1.8110948 0.0324516 0.1419863 0.0068520 0.9927981 -0.0572209 0.1050274
1058.100000 -1.7382969 0.0252839 0.0734545 0.0068655 0.9854237 -0.0556065 0.1606269
1058.900000 -1.6513244 0.0223906 0.0056930 0.0066517 0.9738111 -0.0554899 0.2203828
1060.166667 -1.4957621 0.0149433 -0.0980371 0.0062745 0.9479930 -0.0548536 0.3134659
1063.566667 -1.0976958 -0.0184307 -0.3144097 0.0027374 0.8673083 -0.0449877 0.4957267
1066.900000 -0.6706028 -0.0205716 -0.3489172 0.0041521 0.7644276 -0.0385276 0.6435441
1068.900000 -0.3877526 -0.0189844 -0.3115849 0.0028298 0.6764966 -0.0326633 0.7357156
1070.500000 -0.1948992 -0.0139364 -0.2299280 0.0038453 0.5849532 -0.0284068 0.8105603
1072.533333 -0.0127430 -0.0055277 -0.0764558 0.0027534 0.4690306 -0.0230434 0.8828770
1073.966667 0.0802138 0.0018646 0.0902073 0.0016063 0.3543060 -0.0187314 0.9349405
1075.966667 0.1364218 0.0211939 0.3697880 -0.0010594 0.1914576 -0.0108008 0.9814409
1082.066667 0.1002675 0.0757144 1.2475507 -0.0024993 -0.0508144 0.0024641 0.9987020
1082.733333 0.0316212 0.0795113 1.3270384 -0.0027230 -0.1235824 0.0057713 0.9923138
1083.500000 -0.0658597 0.0838332 1.4106736 -0.0034442 -0.2036948 0.0100243 0.9789771
1084.266667 -0.1962290 0.0887502 1.4914844 -0.0042261 -0.2875235 0.0148082 0.9576498
1084.833333 -0.3110107 0.0923039 1.5292261 -0.0055749 -0.3601691 0.0175851 0.9327046
1085.300000 -0.3983783 0.0960748 1.5472738 -0.0062896 -0.4142964 0.0204702 0.9098901
1085.800000 -0.4786622 0.0973549 1.5559821 -0.0067055 -0.4614219 0.0232306 0.8868514
1086.500000 -0.5823359 0.0999339 1.5638633 -0.0060780 -0.5110196 0.0260735 0.8591520
1087.233333 -0.7112690 0.1024105 1.5577109 -0.0060176 -0.5704461 0.0296344 0.8207782
1088.200000 -0.8200413 0.1028366 1.5565107 -0.0064199 -0.6192049 0.0320988 0.7845469
1088.766667 -0.9036863 0.1033622 1.5572352 -0.0067225 -0.6472105 0.0329513 0.7615692
1089.233333 -0.9747471 0.1059284 1.5615295 -0.0066446 -0.6589720 0.0339356 0.7513722
1089.733333 -1.0630225 0.1081182 1.5667039 -0.0065559 -0.6672326 0.0343812 0.7440267
1090.300000 -1.1312549 0.1093435 1.5685862 -0.0064352 -0.6741566 0.0344218 0.7377579
1090.900000 -1.2088728 0.1089870 1.5692154 -0.0064753 -0.6822829 0.0344209 0.7302489
1091.333333 -1.2561067 0.1094069 1.5686063 -0.0064910 -0.6875356 0.0346582 0.7252940
1091.733333 -1.3040450 0.1108764 1.5663998 -0.0061935 -0.6929168 0.0348393 0.7201487
1092.233333 -1.3666342 0.1108807 1.5639262 -0.0063391 -0.7003767 0.0350494 0.7128841
1092.766667 -1.4350122 0.1096207 1.5582193 -0.0061064 -0.7089157 0.0361048 0.7043420
1093.233333 -1.4994158 0.1106468 1.5498633 -0.0060843 -0.7201722 0.0374570 0.6927568
1093.533333 -1.5559043 0.1102284 1.5318327 -0.0059974 -0.7399346 0.0389629 0.6715227
1093.933333 -1.6168469 0.1089448 1.5043716 -0.0058605 -0.7633073 0.0401129 0.6447625
1094.500000 -1.7200395 0.1078745 1.4412482 -0.0063946 -0.8023765 0.0423246 0.5952812
1095.166667 -1.8121815 0.1055083 1.3713607 -0.0067598 -0.8289613 0.0438016 0.5575473
1095.833333 -1.8645505 0.0999223 1.2803562 -0.0067386 -0.8611385 0.0457018 0.5062673
1097.066667 -1.9314868 0.0935372 1.1087259 -0.0081963 -0.9109979 0.0500892 0.4092758
1098.566667 -1.9588588 0.0758571 0.8871409 -0.0082273 -0.9602690 0.0530099 0.2738717
1108.066667 -1.3320032 0.0018375 -0.1478834 0.0048964 0.9045741 -0.0510094 0.4232254
1112.833333 -0.6390756 -0.0217987 -0.3604590 0.0036836 0.7525427 -0.0379729 0.6574376
1113.733333 -0.5105870 -0.0220784 -0.3425747 0.0033337 0.7111474 -0.0346265 0.7021818
1119.466667 0.0579855 0.0098126 0.2274226 -0.0002849 0.3349198 -0.0178872 0.9420769
1144.400000 -0.6495736 0.1890749 3.4366794 -0.0041477 -0.5431717 0.0263461 0.8391979
1145.033333 -0.7671813 0.1911168 3.4399152 -0.0048610 -0.5893658 0.0286951 0.8073419
1145.766667 -0.8889735 0.1928182 3.4257510 -0.0060175 -0.6389762 0.0318148 0.7685448
1146.366667 -1.0184355 0.1918418 3.3900585 -0.0055823 -0.6908154 0.0347216 0.7221754
1147.433333 -1.1699762 0.1895196 3.3119187 -0.0056618 -0.7535263 0.0382948 0.6562770
1148.033333 -1.2482245 0.1887121 3.2485886 -0.0060231 -0.7890261 0.0400594 0.6130226
1148.300000 -1.2870703 0.1854237 3.2102292 -0.0064812 -0.8080652 0.0403352 0.5876749
1148.833333 -1.3463979 0.1829121 3.1361823 -0.0071341 -0.8396986 0.0417391 0.5413994
1149.500000 -1.4035351 0.1786077 3.0165973 -0.0078112 -0.8812282 0.0438880 0.4705845
1157.700000 -1.7271847 0.1242772 1.8102477 0.0081766 0.9986922 -0.0502885 0.0042690
1158.466667 -1.6630142 0.1156490 1.6864898 0.0086270 0.9948482 -0.0505483 0.0874502
1158.766667 -1.5998490 0.1090731 1.6095421 0.0082921 0.9871878 -0.0504925 0.1511356
1159.500000 -1.5305184 0.1033299 1.5471098 0.0084674 0.9755614 -0.0503153 0.2137207
1160.233333 -1.4592059 0.0998525 1.5024428 0.0084979 0.9624031 -0.0499846 0.2668513
1160.866667 -1.3688598 0.0987056 1.4715466 0.0076372 0.9444845 -0.0494277 0.3247269
1161.566667 -1.2753255 0.0984079 1.4431702 0.0073734 0.9227938 -0.0486821 0.3821352
1162.533333 -1.1505564 0.1019164 1.4256407 0.0077702 0.8887624 -0.0475696 0.4558270
1163.300000 -1.0112631 0.0989106 1.4273784 0.0071574 0.8496518 -0.0446075 0.5254053
1163.966667 -0.9158950 0.0985037 1.4351451 0.0063198 0.8205265 -0.0429419 0.5699582
1164.633333 -0.8280929 0.0982338 1.4375991 0.0059920 0.7927669 -0.0416093 0.6080736
1165.400000 -0.7164255 0.0957156 1.4433377 0.0055470 0.7605754 -0.0399528 0.6479954
1166.466667 -0.5734435 0.0922819 1.4391463 0.0061877 0.7451426 -0.0402799 0.6656590
1167.133333 -0.4757373 0.0903580 1.4419260 0.0065125 0.7317996 -0.0400360 0.6803117
1167.966667 -0.3277966 0.0904757 1.4518969 0.0058973 0.7152320 -0.0398136 0.6977273
1168.933333 -0.2089503 0.0908286 1.4693404 0.0051600 0.6980978 -0.0391453 0.7149130
1169.433333 -0.1323558 0.0920201 1.4974087 0.0048739 0.6777644 -0.0381944 0.7342703
1169.900000 -0.0657891 0.0940429 1.5323714 0.0046615 0.6506593 -0.0363746 0.7584838
1170.333333 -0.0008166 0.0979315 1.5908837 0.0044173 0.6068752 -0.0337973 0.7940660
1171.066667 0.0788059 0.1005500 1.6935108 0.0026072 0.5430948 -0.0306026 0.8391095
1171.533333 0.1207095 0.1036592 1.7605827 0.0029079 0.5013199 -0.0278334 0.8648093
1172.233333 0.1604375 0.1077126 1.8530686 0.0031477 0.4367139 -0.0235812 0.8992859
1172.833333 0.1852148 0.1116168 1.9285094 0.0032620 0.3779205 -0.0209366 0.9255955
1173.666667 0.2201001 0.1192443 2.0350645 0.0039069 0.3178425 -0.0183252 0.9479584
1175.466667 0.2780089 0.1340924 2.3094642 0.0026726 0.2024877 -0.0129254 0.9791959
1177.066667 0.2730275 0.1477154 2.5252557 0.0009082 0.1113120 -0.0064560 0.9937642
1178.300000 0.2349258 0.1563874 2.6756966 -0.0001156 0.0394800 -0.0043544 0.9992109
1191.366667 -1.2011764 0.1949430 3.3769982 -0.0047566 -0.7057737 0.0354845 0.7075321
1224.466667 -0.7871271 -0.0268844 -0.4008574 0.0035094 0.7995994 -0.0408572 0.5991321
1226.500000 -0.5087069 -0.0237720 -0.4336432 0.0044464 0.7616834 -0.0376961 0.6468366
1227.233333 -0.4050706 -0.0239053 -0.4315527 0.0039619 0.7439495 -0.0364719 0.6672280
1228.000000 -0.3228795 -0.0251091 -0.4086258 0.0031907 0.7133715 -0.0349663 0.6999059
1228.400000 -0.2673553 -0.0229371 -0.3859157 0.0034610 0.6885226 -0.0341123 0.7244040
1228.900000 -0.2082757 -0.0215086 -0.3606526 0.0036711 0.6620397 -0.0327361 0.7487446
1229.233333 -0.1562797 -0.0205218 -0.3378784 0.0039304 0.6379477 -0.0310764 0.7694424
1229.533333 -0.1022408 -0.0172799 -0.3080851 0.0043109 0.6113473 -0.0300949 0.7907783
1230.066667 -0.0548910 -0.0157211 -0.2766217 0.0040195 0.5869216 -0.0290083 0.8091139
1230.766667 -0.0101636 -0.0134127 -0.2435589 0.0037096 0.5618094 -0.0281929 0.8267778
1231.300000 0.0310606 -0.0104953 -0.2036532 0.0035645 0.5299367 -0.0269862 0.8476002
1231.633333 0.0812518 -0.0066964 -0.1568070 0.0036957 0.4855755 -0.0247449 0.8738367
1232.066667 0.1107563 -0.0019471 -0.0888941 0.0030390 0.3942713 -0.0213613 0.9187407
