1781254341.466470 0.000000 0.000000 0.000000 0.000000 0.000000 0.000000 1.000000
1781254343.566169 0.198840 -0.003666 0.013683 -0.000500 -0.005285 -0.000928 0.999985
1781254344.568444 0.426034 -0.013032 0.066906 -0.004338 -0.034213 0.001345 0.999404
1781254345.603347 0.712592 -0.015218 0.134479 -0.006255 -0.063741 0.002621 0.997943
1781254346.971877 1.120685 -0.033333 0.175120 -0.007509 0.007420 -0.004646 0.999933
1781254348.006627 1.454593 -0.049584 0.135280 -0.009244 0.086391 -0.011436 0.996153
1781254349.041277 1.723933 -0.057511 0.138901 -0.010488 0.071689 -0.012191 0.997297
1781254350.075912 1.978858 -0.066203 0.123631 -0.011748 0.070241 -0.013079 0.997375
1781254351.277439 2.329322 -0.083214 0.088017 -0.012395 0.082107 -0.015401 0.996427
1781254352.278913 2.632198 -0.100959 -0.004922 -0.010782 0.166477 -0.021693 0.985748
1781254353.380455 2.893661 -0.115629 -0.149358 -0.003367 0.370664 -0.033693 0.928150
1781254354.381690 3.020321 -0.137408 -0.316626 -0.000585 0.514285 -0.041265 0.856626
1781254355.382869 3.071141 -0.151554 -0.522476 0.005601 0.671101 -0.050902 0.739595
1781254356.617738 3.028916 -0.168357 -0.805841 0.010331 0.803006 -0.060579 0.592794
1781254357.685694 2.895697 -0.180276 -1.007574 0.014804 0.899671 -0.066474 0.431223
1781254358.720390 2.720418 -0.183270 -1.120897 0.019039 0.962847 -0.069036 0.260380
1781254359.755049 2.523585 -0.182097 -1.143532 0.021962 0.994776 -0.068160 0.072748
1781254360.823112 2.294776 -0.166265 -1.080421 0.024862 0.984809 -0.065192 -0.159006
1781254361.824411 2.122476 -0.145815 -0.978388 0.024385 0.949573 -0.062096 -0.306368
1781254362.892420 1.919580 -0.116953 -0.795584 0.022645 0.927319 -0.060680 -0.368625
1781254364.093968 1.681193 -0.093901 -0.644171 0.021400 0.944134 -0.061722 -0.323021
1781254365.295569 1.407339 -0.075449 -0.567618 0.018435 0.972044 -0.062242 -0.225649
1781254366.430371 1.183410 -0.071804 -0.601088 0.017047 0.992559 -0.064929 -0.101589
1781254367.498450 0.974941 -0.068382 -0.708792 0.014555 0.996968 -0.066798 0.037172
1781254368.599918 0.802256 -0.073151 -0.861468 0.013131 0.982604 -0.065275 0.173368
1781254369.801882 0.657602 -0.086678 -1.093030 0.008826 0.940597 -0.064825 0.333161
1781254370.871927 0.579234 -0.102535 -1.322876 0.006089 0.894476 -0.060777 0.442925
1781254372.073119 0.445888 -0.109628 -1.463562 0.007017 0.936863 -0.064249 0.343673
1781254373.374470 0.217913 -0.114901 -1.509788 0.008839 0.989367 -0.066933 0.128817
1781254374.508995 0.021073 -0.111837 -1.478082 0.009333 0.995046 -0.067772 -0.072132
1781254376.744667 -0.098754 -0.095496 -1.332119 0.010882 0.989220 -0.067846 -0.129312
1781254377.779077 -0.201046 -0.091584 -1.200886 0.010884 0.982253 -0.065731 -0.175331
1781254378.813489 -0.312485 -0.079631 -1.057831 0.010543 0.971192 -0.065537 -0.228865
1781254380.081643 -0.479776 -0.067365 -0.891771 0.009692 0.962741 -0.065665 -0.262152
1781254381.282896 -0.680098 -0.051850 -0.702147 0.012416 0.951958 -0.064849 -0.299025
1781254382.283969 -0.796754 -0.037471 -0.556334 0.012544 0.921894 -0.064342 -0.381856
1781254383.351799 -0.823401 -0.024301 -0.404103 0.012154 0.878887 -0.061543 -0.472888
1781254384.386224 -0.735828 -0.015886 -0.193418 -0.011534 -0.783433 0.053816 0.619034
1781254385.420692 -0.582221 -0.016130 -0.089929 -0.010768 -0.673169 0.045434 0.738013
1781254386.489688 -0.397744 -0.017551 -0.037257 -0.011512 -0.525917 0.035953 0.849698
1781254387.491707 -0.268076 -0.014834 -0.009049 -0.011581 -0.407915 0.028685 0.912496
1781254388.559839 -0.163636 -0.009429 -0.045553 -0.008062 -0.285980 0.018264 0.958028
1781254390.695832 -0.027889 -0.004626 -0.050205 -0.003475 -0.100534 0.005431 0.994913
1781254391.863950 -0.006147 -0.006430 -0.062382 -0.002405 0.012297 -0.002068 0.999919
1781254397.270538 -0.072565 -0.139689 -0.033236 0.041929 0.029211 -0.022393 0.998442
1781254398.371919 -0.140622 -0.160069 -0.047640 0.012650 -0.102364 -0.028050 0.994271
1781254399.707358 -0.119154 -0.080240 0.050528 -0.105694 -0.045584 -0.006827 0.993330
1781254400.942147 0.075262 -0.121683 0.095127 -0.033836 0.169091 -0.034100 0.984429
1781254401.976686 -0.010372 -0.211490 0.053554 0.030090 0.061672 -0.061228 0.995762
1781254403.011283 -0.163943 -0.182967 0.005331 -0.031894 -0.126404 -0.030580 0.990994
1781254404.112814 -0.058310 -0.116871 0.061437 -0.065799 0.009582 -0.019836 0.997590
1781254405.247560 0.028844 -0.189136 0.061418 0.014707 0.061228 -0.087141 0.994204
1781254406.515843 -0.017924 -0.267287 -0.020638 0.096336 0.020615 -0.071271 0.992580
1781254407.550507 -0.123284 -0.209762 -0.033264 0.008690 -0.094223 -0.035455 0.994882
1781254408.585177 -0.157753 -0.216698 -0.273104 0.007791 -0.023837 -0.031953 0.999175
1781254409.953460 0.071893 -0.224805 -0.004128 -0.004103 0.056723 -0.032604 0.997849
1781254410.988161 -0.075801 -0.313071 0.197139 0.019109 0.155048 -0.040738 0.986882
1781254412.056293 -0.205872 -0.151062 0.094881 0.001026 -0.024594 -0.003593 0.999691
1781254413.157708 -0.042530 0.002676 0.106348 0.003979 0.017458 -0.006561 0.999818
