0.000000 0.000000 0.000000 -0.268076 -0.014834 -0.009049
0.000000 0.000000 0.000000 -0.163636 -0.009429 -0.045553
0.000000 0.000000 0.000000 -0.027889 -0.004626 -0.050205
0.000000 0.000000 0.000000 -0.006147 -0.006430 -0.062382
0.000000 0.000000 0.000000 -0.072565 -0.139689 -0.033236
0.000000 0.000000 0.000000 -0.140622 -0.160069 -0.047640
0.000000 0.000000 0.000000 -0.119154 -0.080240 0.050528
0.000000 0.000000 0.000000 -0.058310 -0.116871 0.061437
0.000000 0.000000 0.000000 -0.205872 -0.151062 0.094881
0.000000 0.000000 0.000000 -0.042530 0.002676 0.106348
0.198840 -0.003666 0.013683 -0.010372 -0.211490 0.053554
0.198840 -0.003666 0.013683 -0.017924 -0.267287 -0.020638
-0.268076 -0.014834 -0.009049 0.000000 0.000000 0.000000
-0.163636 -0.009429 -0.045553 0.000000 0.000000 0.000000
-0.027889 -0.004626 -0.050205 0.000000 0.000000 0.000000
-0.027889 -0.004626 -0.050205 -0.123284 -0.209762 -0.033264
-0.006147 -0.006430 -0.062382 0.000000 0.000000 0.000000
-0.072565 -0.139689 -0.033236 0.000000 0.000000 0.000000
-0.072565 -0.139689 -0.033236 -0.157753 -0.216698 -0.273104
-0.072565 -0.139689 -0.033236 0.071893 -0.224805 -0.004128
-0.072565 -0.139689 -0.033236 -0.075801 -0.313071 0.197139
-0.140622 -0.160069 -0.047640 0.000000 0.000000 0.000000
-0.119154 -0.080240 0.050528 0.000000 0.000000 0.000000
-0.010372 -0.211490 0.053554 0.198840 -0.003666 0.013683
-0.058310 -0.116871 0.061437 0.000000 0.000000 0.000000
-0.017924 -0.267287 -0.020638 0.198840 -0.003666 0.013683
-0.123284 -0.209762 -0.033264 -0.027889 -0.004626 -0.050205
-0.157753 -0.216698 -0.273104 -0.072565 -0.139689 -0.033236
0.071893 -0.224805 -0.004128 -0.072565 -0.139689 -0.033236
-0.075801 -0.313071 0.197139 -0.072565 -0.139689 -0.033236
-0.205872 -0.151062 0.094881 0.000000 0.000000 0.000000
-0.042530 0.002676 0.106348 0.000000 0.000000 0.000000
