1781254169.174269 0.000000 0.000000 0.000000 0.000000 0.000000 0.000000 1.000000
1781254173.516230 0.021338 -0.012336 -0.245562 0.002694 0.049702 0.000077 0.998760
1781254174.618953 0.047557 -0.024223 -0.460513 0.001982 0.069182 -0.000233 0.997602
1781254175.688808 0.177540 -0.031713 -0.563343 0.001361 0.101593 -0.003728 0.994818
1781254176.723131 0.312655 -0.029134 -0.550565 0.000730 0.090279 -0.001788 0.995915
1781254177.790666 0.421978 -0.023995 -0.394860 0.000049 0.049417 0.001021 0.998778
1781254178.825007 0.527610 -0.013890 -0.249864 0.003369 0.070382 -0.000698 0.997514
1781254179.892712 0.706721 -0.012752 -0.263236 0.006007 0.128506 -0.004505 0.991680
1781254180.927077 0.758640 -0.028424 -0.490018 0.003695 0.192949 -0.006994 0.981177
1781254182.028540 0.773562 -0.046496 -0.766993 0.001686 0.211511 -0.008486 0.977337
1781254183.096654 0.748121 -0.071191 -1.027461 -0.000409 0.158567 -0.005988 0.987330
1781254184.231506 0.917717 -0.084206 -1.167964 -0.001181 0.141863 -0.007226 0.989859
1781254185.332848 1.090918 -0.073522 -0.987641 -0.002385 0.137321 -0.007416 0.990496
1781254186.333950 1.249833 -0.051467 -0.729898 -0.000151 0.133036 -0.008410 0.991076
1781254187.368649 1.406848 -0.040756 -0.495281 0.000524 0.052449 -0.005545 0.998608
1781254188.469908 1.632454 -0.034785 -0.417929 0.003689 0.077342 -0.007979 0.996966
1781254189.537733 1.735925 -0.053686 -0.651731 0.003401 0.178545 -0.010426 0.983871
1781254190.572534 1.685449 -0.069701 -0.938311 0.004002 0.179693 -0.007799 0.983684
1781254191.607819 1.743410 -0.077558 -1.137205 0.006531 0.216312 -0.011531 0.976234
1781254192.609015 1.931825 -0.131805 -1.041470 -0.010581 0.243288 -0.013771 0.969799
1781254193.676948 2.135995 -0.114044 -0.765691 -0.009078 0.280234 -0.014884 0.959773
1781254195.011894 2.322913 -0.085260 -0.447251 -0.007741 0.253745 -0.012863 0.967155
1781254196.079871 2.477152 -0.080501 -0.362616 -0.009516 0.180690 -0.007740 0.983464
1781254197.181199 2.636182 -0.093677 -0.544504 -0.008274 0.221240 -0.010759 0.975125
1781254198.349504 2.672201 -0.123532 -0.813826 -0.011956 0.115031 -0.002156 0.993288
1781254199.384399 2.643788 -0.151462 -1.083908 -0.012482 0.103562 -0.000458 0.994545
1781254200.619438 3.053846 -0.070660 -1.097853 0.011890 0.127440 -0.012018 0.991702
1781254201.720917 3.164463 -0.059466 -0.853889 0.012794 0.125299 -0.011453 0.991970
1781254202.722305 3.316791 -0.055962 -0.682688 0.013069 0.068516 -0.010119 0.997513
1781254203.723775 3.519432 -0.057393 -0.693066 0.017308 0.174690 -0.017983 0.984307
1781254204.725202 3.581175 -0.070456 -0.923007 0.016771 0.228736 -0.016791 0.973199
1781254205.726559 3.581311 -0.085112 -1.205288 0.015695 0.254695 -0.016646 0.966751
1781254206.861394 3.611653 -0.094666 -1.507508 0.016338 0.279523 -0.020639 0.959778
1781254207.929473 3.882036 -0.097810 -1.382627 0.015462 0.265799 -0.016973 0.963755
1781254209.030888 4.082284 -0.089240 -1.074587 0.019114 0.297049 -0.019788 0.954466
1781254210.098929 4.209918 -0.089090 -0.882068 0.017810 0.415526 -0.025890 0.909038
1781254211.200353 4.106614 -0.135607 -0.929935 0.009702 0.619808 -0.023124 0.784353
1781254212.201649 4.020229 -0.144612 -1.258948 0.011908 0.755599 -0.033140 0.654087
1781254213.236305 3.897602 -0.153210 -1.611553 0.011499 0.895145 -0.045165 0.443331
1781254214.237615 3.783990 -0.152897 -1.747800 0.014342 0.988543 -0.050115 0.141655
1781254215.305828 3.714802 -0.147860 -1.548808 0.016339 0.986327 -0.050896 -0.155891
1781254216.307140 3.734993 -0.135883 -1.245468 0.015413 0.975078 -0.050577 -0.215472
1781254217.375197 3.584615 -0.125226 -1.099385 0.014891 0.958046 -0.050096 -0.281808
1781254218.376495 3.388845 -0.131832 -1.279789 0.017755 0.976360 -0.051048 -0.209283
1781254219.377836 3.214643 -0.138703 -1.539889 0.017848 0.964253 -0.051554 -0.259305
1781254220.445916 3.005827 -0.141253 -1.678007 0.017898 0.978938 -0.053224 -0.196286
1781254221.480614 2.865524 -0.131395 -1.513593 0.020057 0.978120 -0.052490 -0.200311
1781254222.583008 2.883955 -0.115651 -1.198887 0.019113 0.983103 -0.053954 -0.173877
1781254223.686100 2.854280 -0.098937 -0.931349 0.018926 0.982881 -0.053028 -0.175428
1781254224.720559 2.602202 -0.088701 -0.911729 0.017401 0.980790 -0.053812 -0.186690
1781254225.821745 2.436497 -0.094356 -1.106661 0.018761 0.982766 -0.053618 -0.175912
1781254226.856207 2.286230 -0.095673 -1.161580 0.016140 0.992313 -0.053858 -0.110245
1781254227.924122 2.118654 -0.078609 -0.943094 0.016904 0.980816 -0.053502 -0.186689
1781254228.958570 2.013159 -0.079429 -0.681892 0.016981 0.977845 -0.050299 -0.202487
1781254229.992981 1.833592 -0.079106 -0.678102 0.016305 0.986552 -0.050276 -0.154668
1781254231.060788 1.678052 -0.096255 -1.003918 0.018074 0.972984 -0.050579 -0.224538
1781254232.328763 1.473635 -0.116572 -1.479462 0.018396 0.978413 -0.051467 -0.199300
1781254233.596892 1.261712 -0.121422 -1.794134 0.015114 0.990644 -0.055303 -0.123847
1781254234.598306 1.001416 -0.123391 -1.869704 0.013736 0.993062 -0.054791 -0.103135
1781254235.632760 0.911183 -0.113088 -1.725062 0.014290 0.983964 -0.054170 -0.169340
1781254236.633805 0.924954 -0.101006 -1.479142 0.015193 0.983025 -0.053378 -0.174875
1781254237.701691 1.033593 -0.078755 -1.153142 0.013393 0.978279 -0.054173 -0.199640
1781254238.737003 1.109903 -0.067467 -0.839561 0.013581 0.976208 -0.053034 -0.209810
1781254239.772452 1.040900 -0.052341 -0.603479 0.012843 0.969995 -0.052957 -0.236937
1781254240.773706 0.774612 -0.042417 -0.586404 0.010041 0.976551 -0.053449 -0.208304
1781254241.875040 0.597641 -0.045858 -0.920692 0.009848 0.981943 -0.058295 -0.179704
1781254243.043175 0.479887 -0.055363 -1.145195 0.006989 0.991662 -0.058971 -0.114371
1781254244.211343 0.257047 -0.045937 -0.982478 0.008598 0.984071 -0.058338 -0.167709
1781254245.412807 0.095150 -0.030270 -0.732525 0.012072 0.985857 -0.056733 -0.157233
1781254246.514064 0.080456 -0.013689 -0.436127 0.011035 0.986797 -0.055680 -0.151691
1781254247.581984 -0.060584 -0.007528 -0.296130 0.009293 0.973358 -0.055197 -0.222355
1781254248.716658 -0.197699 -0.018205 -0.527786 0.011185 0.949810 -0.053035 -0.308097
1781254249.717988 -0.226381 -0.017206 -0.576390 -0.009455 -0.850604 0.050457 0.523294
1781254250.786195 -0.129052 -0.005098 -0.327313 -0.006091 -0.679808 0.040971 0.732220
1781254251.887687 0.053854 -0.003575 -0.120567 -0.002639 -0.340047 0.019354 0.940206
1781254252.955813 0.254093 -0.013946 -0.230754 0.000856 -0.057642 0.005883 0.998320
1781254254.124100 0.637976 -0.016346 -0.293019 0.004149 0.070381 -0.001771 0.997510
1781254255.192306 0.792028 -0.017429 -0.312407 0.005878 0.129747 -0.005639 0.991514
