0.527610 -0.013890 -0.249864 0.637976 -0.016346 -0.293019
0.706721 -0.012752 -0.263236 0.792028 -0.017429 -0.312407
1.735925 -0.053686 -0.651731 3.053846 -0.070660 -1.097853
1.735925 -0.053686 -0.651731 3.164463 -0.059466 -0.853889
3.053846 -0.070660 -1.097853 1.735925 -0.053686 -0.651731
3.164463 -0.059466 -0.853889 1.735925 -0.053686 -0.651731
3.584615 -0.125226 -1.099385 2.013159 -0.079429 -0.681892
2.013159 -0.079429 -0.681892 3.584615 -0.125226 -1.099385
2.013159 -0.079429 -0.681892 1.040900 -0.052341 -0.603479
1.473635 -0.116572 -1.479462 0.479887 -0.055363 -1.145195
1.040900 -0.052341 -0.603479 2.013159 -0.079429 -0.681892
0.479887 -0.055363 -1.145195 1.473635 -0.116572 -1.479462
0.637976 -0.016346 -0.293019 0.527610 -0.013890 -0.249864
0.792028 -0.017429 -0.312407 0.706721 -0.012752 -0.263236
