1782375441.782098 0.0000000 0.0000000 0.0000000 -0.0000000 -0.0000000 -0.0000000 1.0000000
1782375449.457792 0.0260015 -0.0093385 0.0427907 0.0032976 -0.0660668 -0.0109048 0.9977502
1782375449.491164 0.0266712 -0.0102230 0.0461462 0.0033583 -0.0704218 -0.0115496 0.9974448
1782375449.691406 0.0220025 -0.0113286 0.0677566 0.0046800 -0.1000755 -0.0156185 0.9948462
1782375450.225386 -0.0025799 -0.0198283 0.1185920 0.0064881 -0.1825581 -0.0272455 0.9827961
1782375451.093100 -0.0552975 -0.0265360 0.1833359 0.0098092 -0.2862493 -0.0409904 0.9572277
1782375452.762334 -0.2052294 -0.0454134 0.3022017 0.0138339 -0.4215015 -0.0581659 0.9048547
1782375453.999052 -0.1496050 -0.0616351 0.4244602 0.0119813 -0.3486893 -0.0466458 0.9360002
1782375455.233531 -0.0507858 -0.0731359 0.5004921 0.0119405 -0.3130032 -0.0422760 0.9487356
1782375456.000922 0.0302974 -0.0810137 0.5639231 0.0121139 -0.3085218 -0.0423346 0.9501976
1782375456.668205 0.1124178 -0.0890196 0.6282026 0.0116206 -0.3042302 -0.0420656 0.9515984
1782375457.068593 0.1761119 -0.0926045 0.6630750 0.0109574 -0.2836317 -0.0388539 0.9580832
1782375457.468971 0.2394658 -0.0969114 0.6961679 0.0106129 -0.2669843 -0.0366858 0.9629439
1782375458.169636 0.3381198 -0.1075326 0.7830489 0.0113566 -0.2894588 -0.0399643 0.9562885
1782375458.937005 0.4228809 -0.1140626 0.8519024 0.0116607 -0.2910385 -0.0401735 0.9557964
1782375459.437444 0.5060989 -0.1162929 0.8923236 0.0110580 -0.2570816 -0.0351471 0.9656870
1782375459.871189 0.5790916 -0.1181405 0.9281932 0.0100900 -0.2326417 -0.0313768 0.9720039
1782375460.738675 0.6977705 -0.1272463 1.0361131 0.0122870 -0.2656830 -0.0360562 0.9633076
1782375461.840372 0.8270316 -0.1384452 1.1378886 0.0129561 -0.2657313 -0.0340728 0.9633577
1782375462.609635 0.9336314 -0.1452886 1.2153615 0.0131216 -0.2460153 -0.0312508 0.9686732
1782375463.243423 1.0283520 -0.1587429 1.3239806 0.0118486 -0.2338854 -0.0285700 0.9717721
1782375463.843849 1.1034852 -0.1700165 1.4220786 0.0100521 -0.1922540 -0.0234731 0.9810129
1782375464.544343 1.1870763 -0.1793177 1.4929868 0.0062800 -0.1089992 -0.0134842 0.9939306
1782375465.044717 1.2650892 -0.1774898 1.4967275 0.0043062 -0.0262575 -0.0015205 0.9996448
1782375465.444995 1.3325008 -0.1785607 1.4972942 0.0012727 0.0558330 0.0088142 0.9984004
1782375465.811929 1.4051287 -0.1763145 1.5003731 -0.0011070 0.1347693 0.0192933 0.9906885
1782375466.278929 1.4775431 -0.1731343 1.4785414 -0.0030249 0.2150075 0.0308089 0.9761217
1782375466.745924 1.5496053 -0.1618647 1.4211473 -0.0041789 0.3079979 0.0445200 0.9503356
1782375467.212931 1.5928843 -0.1526075 1.3527273 -0.0065762 0.4055426 0.0565701 0.9123003
1782375467.746642 1.6122422 -0.1410558 1.2682769 -0.0087340 0.4901848 0.0696595 0.8687866
1782375468.313713 1.6194448 -0.1268359 1.1691602 -0.0098747 0.5758672 0.0826082 0.8132990
1782375468.881217 1.6103311 -0.1111666 1.0574211 -0.0112513 0.6527327 0.0909228 0.7520283
1782375470.683763 1.5213908 -0.0641533 0.7107681 -0.0145694 0.7484689 0.1025753 0.6550269
1782375471.684689 1.4778616 -0.0409252 0.5396193 -0.0152220 0.7512046 0.1018519 0.6519864
1782375472.485423 1.4478227 -0.0215515 0.3931460 -0.0163602 0.7519213 0.1014146 0.6512003
1782375473.819964 1.4563326 0.0165946 0.1300116 -0.0165447 0.7670367 0.1015857 0.6332939
1782375475.888475 1.4526398 0.0639011 -0.2099950 -0.0164366 0.7508550 0.1006295 0.6525491
1782375476.789341 1.5115542 0.0924215 -0.4176013 -0.0153104 0.7444227 0.0991712 0.6601254
1782375477.289809 1.5109221 0.1048054 -0.5306506 -0.0159961 0.7645457 0.1017400 0.6362885
1782375477.690344 1.4993323 0.1146351 -0.6223105 -0.0166937 0.7833507 0.1049163 0.6124341
1782375478.158136 1.4787724 0.1288546 -0.7390026 -0.0181133 0.8063566 0.1073684 0.5813200
1782375478.792806 1.4754527 0.1511539 -0.9060074 -0.0191835 0.8166021 0.1098377 0.5663291
1782375479.293405 1.4569991 0.1666096 -1.0213038 -0.0199299 0.8232873 0.1106407 0.5563807
1782375479.760629 1.4236044 0.1774174 -1.1147239 -0.0208145 0.8374664 0.1126498 0.5343471
1782375480.027611 1.3937361 0.1831005 -1.1664045 -0.0216482 0.8571905 0.1157288 0.5013607
1782375480.361341 1.3517227 0.1877631 -1.2322479 -0.0234980 0.8865459 0.1206232 0.4460205
1782375480.761823 1.3158875 0.1982848 -1.2961082 -0.0244104 0.9190992 0.1238903 0.3732452
1782375481.462685 1.2546406 0.2074669 -1.3879197 -0.0253095 0.9556323 0.1291744 0.2635154
1782375482.163538 1.1671264 0.2207543 -1.5075307 -0.0257457 0.9835832 0.1316029 0.1207557
1782375482.831028 1.0669727 0.2391012 -1.6151184 0.0259072 -0.9908726 -0.1301854 0.0234964
1782375483.632041 0.9625974 0.2392320 -1.6701549 0.0242803 -0.9807368 -0.1286685 0.1449490
1782375484.566494 0.8305142 0.2341930 -1.6388460 0.0220876 -0.9444996 -0.1227822 0.3039034
1782375485.101741 0.7521908 0.2216959 -1.5708637 0.0201788 -0.8963919 -0.1161514 0.4272976
1782375485.536764 0.6961298 0.2081167 -1.4928606 0.0174789 -0.8438540 -0.1082636 0.5252467
1782375485.770469 0.6783954 0.2014060 -1.4547838 0.0160161 -0.8156785 -0.1044918 0.5687649
1782375485.937290 0.6729236 0.1958226 -1.4246593 0.0154547 -0.7955254 -0.1019457 0.5970827
1782375486.204199 0.6677760 0.1896298 -1.3712908 0.0149284 -0.7629086 -0.0972347 0.6389781
1782375486.504465 0.6675643 0.1821191 -1.3141601 0.0140198 -0.7277015 -0.0923138 0.6795087
1782375486.871474 0.6741939 0.1737859 -1.2549599 0.0131091 -0.6881375 -0.0869986 0.7202265
1782375487.238479 0.6900328 0.1669830 -1.1953764 0.0128016 -0.6548718 -0.0819914 0.7511701
1782375487.672212 0.7081234 0.1554612 -1.1126906 0.0126065 -0.6321041 -0.0795136 0.7706900
1782375488.172696 0.7186898 0.1441721 -1.0136194 0.0134719 -0.6357667 -0.0804176 0.7675625
1782375488.639807 0.7194666 0.1344974 -0.9349554 0.0145936 -0.6685131 -0.0859489 0.7385730
1782375489.073541 0.7167556 0.1242464 -0.8601531 0.0151929 -0.6984221 -0.0903584 0.7097966
1782375489.473900 0.7050237 0.1152279 -0.7946235 0.0168188 -0.7372740 -0.0964811 0.6684576
1782375489.807548 0.6849464 0.1086561 -0.7513503 0.0184636 -0.7817696 -0.1024856 0.6148106
1782375490.007741 0.6711098 0.1051846 -0.7285320 0.0193824 -0.8071290 -0.1057476 0.5805038
1782375490.308027 0.6486623 0.0999406 -0.6930673 0.0199585 -0.8392066 -0.1099586 0.5322060
1782375490.641667 0.6251982 0.0943834 -0.6507521 0.0202906 -0.8660232 -0.1135003 0.4865283
1782375491.042012 0.6017548 0.0870393 -0.5976996 0.0207162 -0.8891438 -0.1173082 0.4418518
1782375491.475703 0.5663677 0.0803299 -0.5358824 0.0217116 -0.9141669 -0.1202833 0.3864706
1782375491.775972 0.5362149 0.0733618 -0.4972313 0.0221687 -0.9298404 -0.1229892 0.3460912
1782375491.976151 0.5119246 0.0689943 -0.4719793 0.0230630 -0.9405136 -0.1248000 0.3151624
1782375492.209692 0.4792477 0.0647952 -0.4461273 0.0232981 -0.9519845 -0.1263152 0.2778976
1782375492.343141 0.4580013 0.0619923 -0.4288328 0.0235326 -0.9571487 -0.1269533 0.2592209
1782375492.643405 0.4068880 0.0548206 -0.3868136 0.0235507 -0.9613310 -0.1271570 0.2431445
1782375492.810231 0.3795217 0.0518790 -0.3649375 0.0228766 -0.9574398 -0.1267832 0.2582863
1782375493.010421 0.3498693 0.0467422 -0.3348655 0.0222122 -0.9462749 -0.1248583 0.2974574
1782375493.177244 0.3253581 0.0430592 -0.3119714 0.0218971 -0.9339739 -0.1230155 0.3347842
1782375493.277336 0.3103610 0.0406013 -0.2982026 0.0212162 -0.9251916 -0.1219836 0.3587346
1782375493.377429 0.2944694 0.0382910 -0.2845567 0.0208944 -0.9156290 -0.1208973 0.3828457
1782375493.510884 0.2732200 0.0351521 -0.2673619 0.0203494 -0.9023132 -0.1197967 0.4136007
1782375493.711071 0.2370082 0.0315166 -0.2510157 0.0198927 -0.8831145 -0.1180491 0.4536272
1782375493.911259 0.1948920 0.0290136 -0.2373179 0.0197264 -0.8634233 -0.1158017 0.4906130
1782375494.111445 0.1541716 0.0259046 -0.2182897 0.0187050 -0.8418620 -0.1123720 0.5275329
1782375494.378356 0.1074677 0.0205126 -0.1927074 0.0179244 -0.8157734 -0.1087603 0.5677708
1782375494.711997 0.0603297 0.0157889 -0.1683759 0.0172866 -0.7893287 -0.1049187 0.6046929
1782375495.212469 0.0261339 0.0118623 -0.1483306 0.0170839 -0.7697296 -0.1022714 0.6298929
1782375496.313474 -0.0435511 0.0095578 -0.1372436 0.0197772 -0.8164607 -0.1074102 0.5669779
1782375499.016115 0.0771771 0.0039841 -0.0811849 0.0147532 -0.7449357 -0.0991357 0.6595644
1782375499.449881 0.1196607 -0.0032796 -0.0190033 0.0128502 -0.6848885 -0.0897508 0.7229850
1782375499.650076 0.1440661 -0.0041244 0.0034357 0.0121792 -0.6513525 -0.0854292 0.7538524
1782375500.384089 0.2122742 -0.0056779 0.0610440 0.0104874 -0.5074968 -0.0682323 0.8588838
1782375500.818154 0.2200667 -0.0095882 0.0727511 0.0070710 -0.3759474 -0.0505421 0.9252347
1782375501.419689 0.1713639 -0.0059922 0.0474392 0.0034059 -0.1963576 -0.0260586 0.9801801
1782375502.122066 0.1117448 -0.0032200 0.0077224 -0.0000246 -0.0626062 -0.0071963 0.9980124
1782375502.590552 0.0728820 -0.0021600 0.0006194 -0.0011305 -0.0074124 0.0010566 0.9999713
1782375510.966655 -0.2788993 -0.0466965 0.3153183 0.0167592 -0.5289505 -0.0737855 0.8452729
1782375511.767150 -0.2919069 -0.0654958 0.4629359 0.0149259 -0.4610035 -0.0624265 0.8850740
1782375513.001323 -0.0899172 -0.0881848 0.6120613 0.0110539 -0.2858385 -0.0381901 0.9574528
1782375513.401594 -0.0150713 -0.0905179 0.6303987 0.0099095 -0.2463531 -0.0329768 0.9685683
1782375514.002017 0.0876199 -0.0954544 0.6705518 0.0096394 -0.2382603 -0.0329291 0.9705951
1782375514.569070 0.1760464 -0.0990130 0.7130354 0.0102660 -0.2458669 -0.0333998 0.9686736
1782375515.202850 0.3008790 -0.1046838 0.7638369 0.0097709 -0.2376379 -0.0319660 0.9707785
1782375515.736536 0.4156164 -0.1079098 0.8014210 0.0090459 -0.2164081 -0.0292573 0.9758226
1782375516.470334 0.5538461 -0.1092508 0.8491631 0.0095251 -0.2120528 -0.0288701 0.9767852
1782375517.237525 0.6916623 -0.1162352 0.9363540 0.0103793 -0.2559708 -0.0350139 0.9659944
1782375517.604432 0.7655758 -0.1222402 0.9956914 0.0103840 -0.2516458 -0.0334054 0.9671870
1782375517.838218 0.8257114 -0.1267140 1.0418072 0.0104035 -0.2284422 -0.0294935 0.9730550
1782375518.906922 1.0479751 -0.1495523 1.2497659 0.0076933 -0.0920910 -0.0103296 0.9956673
1782375519.407406 1.1378735 -0.1553673 1.3202211 0.0037871 0.0059335 0.0031405 0.9999703
1782375519.941245 1.2449721 -0.1575732 1.3354557 -0.0004418 0.1163325 0.0180809 0.9930457
1782375520.441704 1.3588092 -0.1523990 1.3173788 -0.0036497 0.2416039 0.0354990 0.9697186
1782375520.741978 1.4270027 -0.1502536 1.2922647 -0.0061755 0.3172319 0.0465541 0.9471845
1782375521.876738 1.5595386 -0.1232701 1.1232381 -0.0100800 0.5482304 0.0802238 0.8324098
1782375526.282998 1.4043183 0.0009728 0.2336042 -0.0154037 0.6814526 0.0917146 0.7259294
1782375527.150705 1.4345415 0.0260227 0.0781248 -0.0140719 0.6275758 0.0836418 0.7739216
1782375527.918283 1.4978521 0.0492438 -0.0840185 -0.0130069 0.6036181 0.0803971 0.7931029
1782375530.487959 1.5363151 0.1320539 -0.7409765 -0.0169581 0.7880483 0.1057404 0.6062270
1782375532.990873 1.3017179 0.2014016 -1.3365194 -0.0238521 0.8858921 0.1195921 0.4475758
1782375533.491432 1.2629759 0.2146021 -1.4368380 -0.0237084 0.8816988 0.1181622 0.4561609
1782375534.525960 1.2222519 0.2223793 -1.5144963 -0.0236687 0.8265877 0.1118658 0.5510705
1782375535.059937 1.1639186 0.2316361 -1.6126313 -0.0230148 0.7918756 0.1083554 0.6005519
1782375535.360303 1.1255301 0.2397116 -1.6900916 -0.0219950 0.7884095 0.1080186 0.6051931
1782375535.660670 1.1034642 0.2492194 -1.7611045 -0.0220067 0.8058448 0.1097807 0.5814449
1782375535.994395 1.0992759 0.2598815 -1.8322369 -0.0229938 0.8241648 0.1119783 0.5546932
1782375536.394867 1.1003244 0.2690835 -1.9162600 -0.0235768 0.8240290 0.1119843 0.5548693
1782375536.528358 1.0901923 0.2746072 -1.9497890 -0.0235300 0.8352411 0.1130497 0.5376229
1782375536.628475 1.0747380 0.2764851 -1.9788440 -0.0237778 0.8481165 0.1157303 0.5164684
1782375536.761967 1.0506510 0.2842267 -2.0235279 -0.0230527 0.8669450 0.1180846 0.4836642
1782375536.928833 1.0141447 0.2876138 -2.0787020 -0.0236765 0.8914195 0.1222407 0.4357385
1782375537.162445 0.9583535 0.2958973 -2.1500499 -0.0239031 0.9220042 0.1262424 0.3652393
1782375537.429430 0.8912134 0.3034382 -2.2118962 -0.0238959 0.9488361 0.1292050 0.2871324
1782375537.629668 0.8315992 0.3035845 -2.2446783 -0.0243906 0.9638762 0.1307096 0.2307876
1782375537.930035 0.7484100 0.3110768 -2.2661965 -0.0251612 0.9820995 0.1304838 0.1334969
1782375538.030158 0.7178152 0.3111696 -2.2715745 -0.0245501 0.9862847 0.1312198 0.0970634
1782375538.197028 0.6548687 0.3117315 -2.2809279 -0.0247566 0.9900242 0.1316303 0.0437330
1782375538.363899 0.5967198 0.3116114 -2.2807930 0.0250964 -0.9909901 -0.1312586 0.0089434
1782375538.564145 0.5307516 0.3118619 -2.2793629 0.0253036 -0.9892302 -0.1301657 0.0619709
1782375538.864505 0.4543390 0.3068721 -2.2717376 0.0248971 -0.9815655 -0.1289393 0.1388668
1782375539.231609 0.3389688 0.2963380 -2.2321024 0.0229832 -0.9629444 -0.1266720 0.2369895
1782375539.598712 0.2076330 0.2854769 -2.1816666 0.0215699 -0.9349961 -0.1228913 0.3319862
1782375539.965822 0.1188550 0.2778507 -2.1261568 0.0196757 -0.9007754 -0.1169696 0.4177735
1782375540.399678 0.1230998 0.2727825 -2.0911851 0.0168249 -0.8598948 -0.1131473 0.4974892
1782375540.633295 0.1567390 0.2673802 -2.0765080 0.0154746 -0.8152891 -0.1080848 0.5686667
1782375541.068168 0.2311609 0.2636831 -2.0337615 0.0120542 -0.7237004 -0.0945387 0.6835020
1782375541.536628 0.2961932 0.2561834 -1.9533978 0.0122659 -0.6773238 -0.0858292 0.7305583
1782375542.037466 0.3601359 0.2474015 -1.8635234 0.0118501 -0.6308618 -0.0788097 0.7717915
1782375542.371122 0.3986737 0.2392739 -1.8061304 0.0117238 -0.6081508 -0.0762371 0.7900652
1782375542.638043 0.4279631 0.2337889 -1.7579546 0.0114854 -0.5954576 -0.0743491 0.7998566
1782375542.871615 0.4488442 0.2284787 -1.7210054 0.0115190 -0.5876200 -0.0734011 0.8057184
1782375543.272020 0.4757354 0.2174464 -1.6507262 0.0115154 -0.5900362 -0.0742223 0.8038754
1782375543.739145 0.4998628 0.2061874 -1.5605116 0.0117640 -0.5984585 -0.0757707 0.7974759
1782375544.206231 0.5250547 0.1952707 -1.4660167 0.0114965 -0.6000215 -0.0755123 0.7963291
1782375544.673312 0.5654276 0.1857889 -1.3826685 0.0106925 -0.5829250 -0.0730403 0.8091658
1782375545.006959 0.6030572 0.1786152 -1.3172274 0.0100321 -0.5634643 -0.0702172 0.8230899
1782375545.240506 0.6320813 0.1733319 -1.2678118 0.0091745 -0.5505466 -0.0682361 0.8319604
1782375546.408221 0.6880612 0.1435940 -1.0247245 0.0116383 -0.5821433 -0.0743555 0.8095956
1782375547.444429 0.7145846 0.1133360 -0.7739955 0.0122626 -0.6126802 -0.0801992 0.7861556
1782375547.979498 0.6858134 0.0946670 -0.6422153 0.0144576 -0.6671550 -0.0878311 0.7395815
1782375548.313888 0.6451120 0.0838438 -0.5711506 0.0160639 -0.7117580 -0.0934778 0.6959916
1782375548.514539 0.6199073 0.0784910 -0.5268091 0.0162481 -0.7271349 -0.0953672 0.6796440
1782375549.148648 0.5716583 0.0585584 -0.3737049 0.0141046 -0.6895961 -0.0894085 0.7185154
1782375549.415428 0.5410178 0.0454744 -0.2920767 0.0125759 -0.6482941 -0.0853296 0.7564889
1782375550.715942 0.3987123 0.0100363 -0.0545110 0.0048190 -0.3304318 -0.0447061 0.9427581
1782375560.589048 -0.0539868 -0.0818483 0.5517774 0.0109109 -0.3842973 -0.0527385 0.9216373
1782375561.122753 0.0645554 -0.0913940 0.6105812 0.0079064 -0.2680822 -0.0367469 0.9626625
1782375562.590405 0.3615124 -0.1112844 0.8316608 0.0087829 -0.1910290 -0.0258077 0.9812058
1782375563.525673 0.5746536 -0.1226856 0.9632868 0.0080374 -0.1813034 -0.0248096 0.9830814
1782375564.260760 0.7337631 -0.1391622 1.1108536 0.0088403 -0.1811258 -0.0233690 0.9831425
1782375564.594958 0.8168360 -0.1458183 1.1762663 0.0087518 -0.1581948 -0.0190524 0.9871853
1782375564.862071 0.8834701 -0.1488476 1.2092787 0.0073929 -0.1145942 -0.0121573 0.9933105
1782375565.863288 1.1464350 -0.1557036 1.2948240 0.0002335 0.0972187 0.0159000 0.9951360
1782375567.231580 1.4749618 -0.1463749 1.2955309 -0.0056582 0.3541893 0.0505617 0.9337888
1782375567.531936 1.5059557 -0.1354944 1.2101665 -0.0082221 0.4520807 0.0657120 0.8895153
1782375567.632054 1.5134366 -0.1307907 1.1765738 -0.0083323 0.4768890 0.0695049 0.8761715
1782375567.765716 1.5161368 -0.1253484 1.1345555 -0.0089450 0.5173796 0.0755804 0.8523649
1782375567.866072 1.5198566 -0.1226252 1.1026534 -0.0098912 0.5468624 0.0800227 0.8333307
1782375567.999889 1.5238540 -0.1169317 1.0601224 -0.0105468 0.5830230 0.0843336 0.8079980
1782375568.133713 1.5266869 -0.1093702 1.0194957 -0.0103497 0.6139211 0.0878430 0.7843962
1782375568.267544 1.5334376 -0.1031393 0.9833020 -0.0113220 0.6394377 0.0905512 0.7634079
1782375568.401384 1.5368618 -0.0946522 0.9402369 -0.0112419 0.6608264 0.0918383 0.7448139
1782375568.568695 1.5382195 -0.0851759 0.8830630 -0.0115168 0.6820037 0.0947827 0.7250894
1782375568.802629 1.5295939 -0.0735331 0.8044381 -0.0124164 0.7013392 0.0965154 0.7061543
1782375569.002823 1.5136218 -0.0649260 0.7411196 -0.0132966 0.7072358 0.0967526 0.7001998
1782375569.236380 1.4907274 -0.0564060 0.6726328 -0.0137615 0.7041854 0.0960399 0.7033562
1782375569.603394 1.4577949 -0.0410782 0.5608039 -0.0140382 0.6975380 0.0949534 0.7100899
1782375569.870318 1.4360642 -0.0315544 0.4741081 -0.0145035 0.6944437 0.0942886 0.7131951
1782375570.170610 1.4231453 -0.0194460 0.3867680 -0.0151745 0.6979619 0.0943642 0.7097284
1782375570.337435 1.4180175 -0.0129565 0.3284805 -0.0156859 0.7080634 0.0955878 0.6994734
1782375570.537625 1.4254510 -0.0013839 0.2525715 -0.0159602 0.7184608 0.0963585 0.6886758
1782375571.104839 1.4288743 0.0283277 0.0656636 -0.0157986 0.7562568 0.1008506 0.6462625
1782375571.505221 1.3855531 0.0168670 -0.0614870 -0.0211488 0.7998229 0.1144256 0.5888488
1782375576.476577 1.0526924 0.2431723 -1.7252527 -0.0255404 0.8992242 0.1205381 0.4197787
1782375577.377406 0.9065624 0.2785573 -2.0375307 -0.0266794 0.9634572 0.1296644 0.2328639
1782375577.944609 0.8059300 0.3071898 -2.2231410 0.0253557 -0.9909908 -0.1315075 0.0002136
1782375578.244908 0.7034492 0.3177845 -2.2901032 0.0247119 -0.9827049 -0.1300651 0.1294734
1782375578.645299 0.5725987 0.3148503 -2.3082397 0.0226436 -0.9404672 -0.1246503 0.3153903
1782375578.945587 0.4683816 0.3003813 -2.2379560 0.0202321 -0.8848847 -0.1173338 0.4503361
1782375579.112412 0.4239423 0.2923022 -2.1771131 0.0189846 -0.8433310 -0.1107580 0.5255141
1782375579.312599 0.3847511 0.2798269 -2.0995965 0.0164963 -0.7879692 -0.1035431 0.6067218
1782375579.479419 0.3683538 0.2679194 -2.0307319 0.0146386 -0.7399116 -0.0958179 0.6656842
1782375579.712967 0.3620887 0.2521868 -1.9444034 0.0124224 -0.6722436 -0.0864921 0.7351554
1782375579.946533 0.3759534 0.2435561 -1.8623337 0.0109829 -0.6079868 -0.0771761 0.7901110
1782375580.113363 0.3968962 0.2360401 -1.8071599 0.0098482 -0.5657116 -0.0714666 0.8214414
1782375580.346923 0.4345749 0.2272148 -1.7294333 0.0085982 -0.5099755 -0.0630256 0.8578337
1782375580.613847 0.4899701 0.2139704 -1.6407299 0.0069137 -0.4527701 -0.0559192 0.8898452
1782375580.847410 0.5318009 0.2088917 -1.5703962 0.0068464 -0.4225716 -0.0528744 0.9047600
1782375581.314540 0.5939230 0.1925361 -1.4337230 0.0080316 -0.4423512 -0.0561541 0.8950462
1782375585.053787 0.5744761 0.0427958 -0.2681458 0.0155431 -0.7231514 -0.0950362 0.6839435
1782375586.790593 0.3358439 -0.0050907 0.0285511 0.0026899 -0.2434849 -0.0322389 0.9693651
1782375587.324423 0.2896124 -0.0017234 0.0133161 0.0000240 -0.0644585 -0.0067208 0.9978977
1782375587.758152 0.2173027 -0.0021582 -0.0140681 -0.0028448 0.0293904 0.0056464 0.9995480
