1782375441.782098 0.0000000 0.0000000 0.0000000 -0.0000000 -0.0000000 -0.0000000 1.0000000
1782375449.457792 0.0239787 -0.0066701 0.0403276 0.0039187 -0.0656694 -0.0109498 0.9977737
1782375449.491164 0.0248237 -0.0070673 0.0434461 0.0041880 -0.0700134 -0.0115980 0.9974698
1782375449.724779 0.0188020 -0.0100727 0.0687935 0.0051114 -0.1054425 -0.0164071 0.9942769
1782375450.325508 -0.0122874 -0.0166234 0.1255296 0.0079304 -0.1965057 -0.0294637 0.9800279
1782375451.226593 -0.0657723 -0.0259516 0.1851160 0.0102959 -0.2949919 -0.0428926 0.9544810
1782375454.566216 -0.1168042 -0.0651831 0.4545450 0.0125716 -0.3250811 -0.0445657 0.9445518
1782375455.867464 0.0110314 -0.0753171 0.5477980 0.0129733 -0.3065131 -0.0422046 0.9508418
1782375456.734937 0.1189221 -0.0863045 0.6313269 0.0124252 -0.3010834 -0.0417629 0.9526019
1782375457.168689 0.1900592 -0.0912907 0.6678150 0.0116578 -0.2782133 -0.0385873 0.9596732
1782375457.569066 0.2527319 -0.0963325 0.7031228 0.0114392 -0.2664423 -0.0370609 0.9630702
1782375458.336457 0.3573313 -0.1093604 0.7984011 0.0118558 -0.2942027 -0.0412211 0.9547801
1782375459.103820 0.4506506 -0.1125716 0.8623397 0.0123871 -0.2799832 -0.0389044 0.9591363
1782375459.570899 0.5302629 -0.1163200 0.9009329 0.0112064 -0.2480076 -0.0344748 0.9680796
1782375460.438391 0.6544406 -0.1219505 0.9900817 0.0122859 -0.2493285 -0.0345063 0.9677261
1782375461.372598 0.7627522 -0.1332673 1.1008666 0.0144032 -0.2849742 -0.0384333 0.9576561
1782375462.007613 0.8464710 -0.1357284 1.1457671 0.0143392 -0.2568273 -0.0330911 0.9657842
1782375462.776427 0.9540389 -0.1469078 1.2350683 0.0140177 -0.2428200 -0.0306885 0.9694845
1782375463.443557 1.0480531 -0.1617063 1.3495765 0.0121575 -0.2205901 -0.0277990 0.9748946
1782375464.110710 1.1287979 -0.1720688 1.4466293 0.0098043 -0.1589529 -0.0199413 0.9870360
1782375464.711137 1.2045993 -0.1763308 1.4881163 0.0073631 -0.0823658 -0.0095830 0.9965289
1782375465.244859 1.2898045 -0.1718915 1.4876877 0.0054775 0.0160251 0.0039151 0.9998490
1782375465.845287 1.3991075 -0.1688477 1.4933400 0.0014931 0.1469755 0.0211554 0.9889128
1782375466.512419 1.4991689 -0.1621762 1.4457853 -0.0013488 0.2644597 0.0379556 0.9636486
1782375467.112860 1.5688508 -0.1479816 1.3637168 -0.0039811 0.3933411 0.0547682 0.9177513
1782375467.679925 1.5911068 -0.1352599 1.2760518 -0.0060839 0.4860612 0.0692854 0.8711527
1782375468.280356 1.5958341 -0.1222762 1.1733712 -0.0082034 0.5769725 0.0832687 0.8124664
1782375469.014843 1.5800362 -0.1004035 1.0275189 -0.0094131 0.6708106 0.0942019 0.7355613
1782375470.149957 1.5262005 -0.0685550 0.8186795 -0.0105101 0.7377462 0.1025812 0.6671561
1782375471.484503 1.4549727 -0.0340792 0.5722250 -0.0123084 0.7565563 0.1042402 0.6454496
1782375472.485423 1.4135693 -0.0115346 0.3886590 -0.0139323 0.7560926 0.1043558 0.6459410
1782375473.986785 1.4204019 0.0310090 0.0879110 -0.0150245 0.7682558 0.1051195 0.6312742
1782375476.055304 1.4243761 0.0855142 -0.2539415 -0.0135174 0.7533872 0.1026601 0.6493735
1782375476.922801 1.4705750 0.1130282 -0.4611827 -0.0127084 0.7506641 0.1026869 0.6525315
1782375477.489993 1.4620751 0.1293379 -0.5882508 -0.0133285 0.7765173 0.1059065 0.6209888
1782375477.890814 1.4416651 0.1417780 -0.6837734 -0.0141417 0.7987616 0.1086924 0.5915791
1782375478.425491 1.4304070 0.1594459 -0.8244343 -0.0155775 0.8123174 0.1109136 0.5723600
1782375478.993046 1.4191766 0.1807501 -0.9672041 -0.0160864 0.8224742 0.1129257 0.5572479
1782375479.493644 1.3926907 0.1959802 -1.0759953 -0.0167304 0.8288007 0.1140206 0.5475481
1782375479.860748 1.3605603 0.2043406 -1.1472290 -0.0175968 0.8456076 0.1168322 0.5205654
1782375480.227849 1.3141316 0.2135283 -1.2207608 -0.0189427 0.8764582 0.1211292 0.4656070
1782375480.628326 1.2687079 0.2207241 -1.2894393 -0.0207903 0.9099479 0.1264440 0.3944294
1782375481.195689 1.2260524 0.2318440 -1.3740472 -0.0219941 0.9436877 0.1316864 0.3027020
1782375481.863173 1.1537386 0.2429334 -1.4652326 -0.0232663 0.9724796 0.1354340 0.1881481
1782375482.430530 1.0717844 0.2557680 -1.5720159 -0.0241712 0.9887287 0.1363626 0.0568918
1782375483.031281 0.9870244 0.2687628 -1.6464316 0.0251992 -0.9886956 -0.1350245 0.0601204
1782375483.899028 0.8716693 0.2722620 -1.6812387 0.0234253 -0.9722472 -0.1312246 0.1922672
1782375484.767169 0.7556839 0.2611661 -1.6290727 0.0220814 -0.9269001 -0.1252929 0.3530869
1782375485.034822 0.7170019 0.2530070 -1.5972242 0.0216355 -0.9008965 -0.1219526 0.4159867
1782375485.670376 0.6398753 0.2338051 -1.4885718 0.0190002 -0.8242264 -0.1104544 0.5550582
1782375485.903927 0.6311032 0.2254987 -1.4494894 0.0181622 -0.7958447 -0.1069555 0.5957028
1782375486.137472 0.6279891 0.2180064 -1.4053485 0.0177460 -0.7666590 -0.1029145 0.6335044
1782375486.437740 0.6248215 0.2112726 -1.3475736 0.0171354 -0.7311903 -0.0975700 0.6749424
1782375486.871474 0.6364161 0.1989291 -1.2778065 0.0163009 -0.6833195 -0.0909086 0.7242544
1782375487.371934 0.6596143 0.1875463 -1.1902857 0.0159690 -0.6398270 -0.0841527 0.7637307
1782375487.939138 0.6805270 0.1732640 -1.0802307 0.0164926 -0.6186972 -0.0819188 0.7811729
1782375488.506343 0.6844924 0.1599254 -0.9804296 0.0180692 -0.6551167 -0.0880997 0.7501560
1782375489.006814 0.6817273 0.1474613 -0.8952816 0.0178472 -0.6885889 -0.0934921 0.7188783
1782375489.540625 0.6661370 0.1346267 -0.8090343 0.0194981 -0.7409009 -0.1016896 0.6635849
1782375489.941010 0.6412342 0.1272635 -0.7590114 0.0216991 -0.7954303 -0.1090397 0.5957601
1782375490.241297 0.6191363 0.1209858 -0.7248874 0.0218257 -0.8286512 -0.1136699 0.5476677
1782375490.574942 0.5960361 0.1138827 -0.6808654 0.0219014 -0.8582013 -0.1177330 0.4991491
1782375490.941928 0.5749508 0.1071258 -0.6340829 0.0217072 -0.8799686 -0.1210550 0.4588353
1782375491.375622 0.5437885 0.0984947 -0.5705551 0.0222487 -0.9056127 -0.1248748 0.4046936
1782375491.775972 0.5029190 0.0926216 -0.5186594 0.0230382 -0.9273502 -0.1278763 0.3509111
1782375492.376504 0.4199181 0.0790096 -0.4455955 0.0239509 -0.9561394 -0.1321986 0.2602832
1782375493.043786 0.3120902 0.0642340 -0.3504256 0.0225890 -0.9417775 -0.1294083 0.3095131
1782375493.410793 0.2571675 0.0558746 -0.3015041 0.0219113 -0.9098594 -0.1254290 0.3948966
1782375493.777801 0.1909859 0.0489858 -0.2665823 0.0209110 -0.8740964 -0.1214502 0.4698596
1782375494.411719 0.0743896 0.0381623 -0.2120246 0.0201281 -0.8086017 -0.1124106 0.5771672
1782375495.045646 0.0069236 0.0308525 -0.1750311 0.0192389 -0.7706215 -0.1065231 0.6280328
1782375496.480288 -0.0695749 0.0261768 -0.1575537 0.0216695 -0.8175517 -0.1121167 0.5644197
1782375499.016115 0.0562764 0.0179022 -0.1023806 0.0168164 -0.7405473 -0.1029945 0.6638517
1782375499.516614 0.1118364 0.0077531 -0.0310073 0.0149672 -0.6690928 -0.0921183 0.7372957
1782375500.317362 0.2013725 -0.0000040 0.0480648 0.0121559 -0.5202327 -0.0722744 0.8508741
1782375500.884983 0.2139640 -0.0054165 0.0705851 0.0077370 -0.3528417 -0.0486850 0.9343836
1782375502.490154 0.0780973 -0.0003935 -0.0021244 -0.0004283 -0.0153918 -0.0003520 0.9998814
1782375507.998018 0.0260755 -0.0109551 0.0506812 0.0033327 -0.0781368 -0.0123603 0.9968604
1782375510.366265 -0.2087068 -0.0393260 0.2633943 0.0151787 -0.4650899 -0.0670917 0.8825870
1782375511.466958 -0.3111602 -0.0553476 0.3941168 0.0166708 -0.5059843 -0.0709919 0.8594546
1782375512.367557 -0.2156335 -0.0776944 0.5562549 0.0134118 -0.3570128 -0.0484206 0.9327472
1782375516.537039 0.5645611 -0.1095227 0.8510332 0.0098967 -0.2134299 -0.0297897 0.9764540
1782375517.738011 0.7975607 -0.1219797 1.0166686 0.0116484 -0.2383959 -0.0314164 0.9705899
1782375518.906922 1.0415461 -0.1470447 1.2427713 0.0088280 -0.0896822 -0.0103755 0.9958773
1782375520.441704 1.3435386 -0.1478989 1.3111267 -0.0019059 0.2467405 0.0359407 0.9684130
1782375521.876738 1.5353808 -0.1168638 1.1242028 -0.0081026 0.5553356 0.0817886 0.8275551
1782375522.378015 1.5310230 -0.1018284 1.0237640 -0.0089771 0.6273821 0.0906813 0.7733615
1782375522.778845 1.5118709 -0.0902069 0.9482567 -0.0088705 0.6564118 0.0933852 0.7485480
1782375523.279434 1.5025407 -0.0746896 0.8529274 -0.0091710 0.6827683 0.0964203 0.7241867
1782375523.946897 1.4745278 -0.0531877 0.7195102 -0.0108046 0.7113072 0.0991803 0.6957647
1782375524.681116 1.4260898 -0.0356207 0.5737489 -0.0119253 0.7209677 0.1002584 0.6855739
1782375525.048206 1.4100032 -0.0229768 0.4801763 -0.0126303 0.7235824 0.1004485 0.6827732
1782375525.615526 1.3834668 -0.0079259 0.3593102 -0.0137229 0.7221150 0.0998239 0.6843952
1782375525.949262 1.3716568 0.0014404 0.2860602 -0.0133657 0.7052143 0.0972739 0.7021624
1782375526.750227 1.3806854 0.0286706 0.1424996 -0.0120278 0.6545233 0.0887087 0.7507231
1782375527.551183 1.4208649 0.0503540 0.0007381 -0.0106717 0.6145856 0.0831801 0.7843798
1782375528.185264 1.4740808 0.0727061 -0.1607295 -0.0102436 0.6215859 0.0854633 0.7786027
1782375530.554703 1.4893395 0.1543824 -0.7673848 -0.0142504 0.7892078 0.1080765 0.6043736
1782375532.590420 1.2883344 0.2182015 -1.2609613 -0.0195387 0.8755503 0.1216369 0.4671557
1782375533.024244 1.2426168 0.2301702 -1.3614846 -0.0202616 0.8868290 0.1233708 0.4448634
1782375533.391320 1.2113297 0.2408690 -1.4424480 -0.0200403 0.8849307 0.1224798 0.4488817
1782375534.258985 1.1827354 0.2480615 -1.5035938 -0.0199396 0.8436788 0.1173585 0.5234838
1782375534.926441 1.1216726 0.2595124 -1.6041925 -0.0186856 0.8007268 0.1125586 0.5880630
1782375535.360303 1.0674700 0.2744241 -1.7108629 -0.0172591 0.7885944 0.1101692 0.6047180
1782375535.727415 1.0439814 0.2871847 -1.7946761 -0.0175854 0.8107464 0.1124722 0.5742221
1782375536.228004 1.0456343 0.3024154 -1.8955357 -0.0178614 0.8217453 0.1136812 0.5581149
1782375536.995579 0.9482309 0.3285887 -2.1082439 -0.0203874 0.9027421 0.1266696 0.4106042
1782375537.729790 0.7603202 0.3510214 -2.2559128 -0.0222698 0.9721481 0.1330010 0.1916841
1782375538.230402 0.5855424 0.3468417 -2.2911642 -0.0237471 0.9898885 0.1366746 0.0296131
1782375538.797759 0.4173745 0.3443310 -2.2826602 0.0249701 -0.9824374 -0.1346914 0.1266949
1782375539.398474 0.2287915 0.3303310 -2.2171726 0.0237014 -0.9490658 -0.1290584 0.2864547
1782375539.899075 0.0803733 0.3144698 -2.1445148 0.0213242 -0.9042318 -0.1227534 0.4084626
1782375540.466426 0.0842218 0.3063644 -2.0920773 0.0181899 -0.8469111 -0.1164059 0.5185176
1782375541.436236 0.2437208 0.2866836 -1.9789349 0.0148810 -0.6813115 -0.0923362 0.7259939
1782375542.738145 0.4041134 0.2498241 -1.7494153 0.0131235 -0.5867884 -0.0779679 0.8058711
1782375543.305387 0.4388310 0.2430303 -1.6540428 0.0146193 -0.5863900 -0.0779852 0.8061336
1782375544.106143 0.4845201 0.2194657 -1.4963117 0.0144849 -0.5969817 -0.0796525 0.7981594
1782375544.673312 0.5283104 0.2096166 -1.4065130 0.0136717 -0.5775048 -0.0765034 0.8126799
1782375546.174683 0.6543351 0.1733711 -1.0982356 0.0146222 -0.5555410 -0.0739546 0.8280647
1782375547.645148 0.6808789 0.1245069 -0.7474946 0.0151293 -0.6204622 -0.0858309 0.7793785
1782375548.748454 0.5686427 0.0867852 -0.4913917 0.0175617 -0.7215415 -0.0985088 0.6851026
1782375551.082773 0.3412318 0.0113207 -0.0261051 0.0042626 -0.2318143 -0.0311952 0.9722504
1782375558.687718 -0.0250262 -0.0217631 0.1935796 0.0140302 -0.4191469 -0.0599711 0.9058270
1782375561.122753 0.0602234 -0.0851011 0.6103821 0.0098084 -0.2674609 -0.0365814 0.9628242
1782375564.327595 0.7467245 -0.1376915 1.1209736 0.0104681 -0.1776911 -0.0228945 0.9837643
1782375565.062315 0.9200302 -0.1437664 1.2162472 0.0089709 -0.0708704 -0.0059750 0.9974273
1782375566.130272 1.2180178 -0.1510571 1.3238578 0.0018081 0.1536613 0.0219619 0.9878778
1782375567.264953 1.4612660 -0.1364629 1.2813814 -0.0032189 0.3707041 0.0528446 0.9272408
1782375568.200627 1.5018070 -0.1012194 1.0036136 -0.0091207 0.6344495 0.0913463 0.7674937
1782375570.637718 1.3962809 0.0118290 0.2062751 -0.0144202 0.7256601 0.1002297 0.6805611
1782375571.204935 1.3807589 0.0457377 0.0223356 -0.0144117 0.7699289 0.1057153 0.6291472
1782375572.739701 1.2173091 0.0445138 -0.5325567 -0.0111906 0.8005065 0.1312110 0.5846776
1782375573.807362 1.2954695 0.1651214 -0.8764331 -0.0163988 0.8292967 0.1137909 0.5468543
1782375576.309760 1.0152875 0.2658718 -1.6774149 -0.0219516 0.8952362 0.1241209 0.4273924
1782375576.643393 0.9712248 0.2694401 -1.7772789 -0.0236404 0.9093521 0.1281233 0.3951004
1782375577.811142 0.7853063 0.3387080 -2.1933880 -0.0242847 0.9890748 0.1354123 0.0529613
1782375578.178175 0.6718491 0.3501989 -2.2882600 0.0239885 -0.9848792 -0.1363802 0.1041058
1782375578.745396 0.4806061 0.3490725 -2.3023863 0.0227697 -0.9225482 -0.1268696 0.3637177
1782375579.612875 0.3177938 0.2875939 -1.9868560 0.0157613 -0.6957487 -0.0947196 0.7118381
1782375580.146729 0.3619395 0.2629493 -1.8009055 0.0131575 -0.5534573 -0.0732986 0.8295416
1782375583.984105 0.6767544 0.1053024 -0.6105525 0.0182162 -0.6908273 -0.0949063 0.7165324
1782375584.953424 0.6436859 0.0536984 -0.4052888 0.0160024 -0.7240073 -0.1026487 0.6819242
1782375586.790593 0.3309775 0.0001486 0.0263967 0.0039586 -0.2423736 -0.0328414 0.9696189
1782375587.624695 0.2390395 0.0025889 -0.0119071 -0.0011562 0.0140314 0.0036165 0.9998944
