1781254003.037697 0.000000 0.000000 0.000000 0.000000 0.000000 0.000000 1.000000
1781254008.483815 0.178985 -0.000096 0.002123 0.002549 0.048302 -0.003895 0.998822
1781254009.652199 0.309395 0.007706 0.009372 0.005841 0.082744 -0.005765 0.996537
1781254010.720764 0.424533 0.005554 0.012172 0.005569 0.120725 -0.008526 0.992634
1781254011.890980 0.554596 0.002129 -0.004724 0.005805 0.197897 -0.014463 0.980099
1781254013.026935 0.673614 0.000583 -0.045305 0.007479 0.290660 -0.020967 0.956567
1781254014.027738 0.751445 0.002321 -0.117861 0.010827 0.422941 -0.028129 0.905656
1781254015.028651 0.801796 -0.007275 -0.202976 0.011807 0.543132 -0.034759 0.838845
1781254016.029701 0.826732 -0.015632 -0.292729 0.012010 0.656260 -0.040638 0.753344
1781254017.030823 0.802169 -0.019397 -0.379113 0.013200 0.776804 -0.043828 0.628077
1781254018.065317 0.751698 -0.022656 -0.519086 0.016674 0.838760 -0.048494 0.542082
1781254019.066365 0.669514 -0.024576 -0.634877 0.018752 0.883213 -0.052005 0.465703
1781254020.067689 0.562655 -0.032511 -0.767727 0.018203 0.914516 -0.053336 0.400605
1781254021.269154 0.453846 -0.037703 -0.899454 0.017279 0.925410 -0.053711 0.374743
1781254022.337068 0.296829 -0.049205 -1.072103 0.014876 0.936875 -0.053262 0.345265
1781254023.338216 0.177033 -0.050483 -1.205474 0.015748 0.938702 -0.055719 0.339833
1781254024.439505 0.053803 -0.050639 -1.363097 0.014325 0.937192 -0.055032 0.344147
1781254025.574221 -0.051120 -0.066305 -1.520942 0.012410 0.916316 -0.050777 0.397029
1781254026.708718 -0.125246 -0.075225 -1.660210 0.012249 0.907526 -0.050419 0.416778
1781254027.710245 -0.203435 -0.078606 -1.827276 0.013213 0.907523 -0.051653 0.416604
1781254028.745898 -0.320846 -0.086259 -1.959582 0.014130 0.926648 -0.052848 0.371929
1781254030.181130 -0.504191 -0.091767 -2.147345 0.012964 0.942657 -0.053237 0.329236
1781254031.316035 -0.652745 -0.095648 -2.293757 0.009076 0.938433 -0.053760 0.341131
1781254032.384214 -0.765235 -0.099061 -2.404783 0.010552 0.935086 -0.056494 0.349730
1781254033.619322 -0.962759 -0.110152 -2.565491 0.009443 0.939634 -0.055010 0.337598
1781254034.787630 -1.117904 -0.119783 -2.747498 0.008763 0.930997 -0.054145 0.360882
1781254036.089504 -1.298738 -0.127219 -2.936358 0.007238 0.936987 -0.055709 0.344819
1781254037.090880 -1.443757 -0.134801 -3.092843 0.008069 0.940195 -0.053833 0.336260
1781254038.526116 -1.692601 -0.146050 -3.236258 0.009780 0.973720 -0.057415 0.220176
1781254039.727782 -1.937675 -0.142091 -3.230060 0.009775 0.998214 -0.058694 -0.005296
1781254040.729984 -2.099474 -0.129898 -3.141991 0.009854 0.979565 -0.059543 -0.191858
1781254041.733055 -2.268010 -0.117720 -3.006298 0.010512 0.934304 -0.058395 -0.351504
1781254042.934332 -2.383074 -0.106165 -2.839865 0.008752 0.869528 -0.053772 -0.490870
1781254043.935476 -2.412756 -0.095356 -2.659168 -0.007104 -0.770576 0.045767 0.635663
1781254045.069994 -2.361592 -0.084265 -2.458442 -0.007172 -0.682836 0.041865 0.729336
1781254046.071077 -2.343442 -0.076349 -2.219585 -0.007237 -0.691002 0.042327 0.721576
1781254047.305801 -2.285418 -0.067499 -2.030140 -0.006709 -0.564960 0.034773 0.824358
1781254048.440445 -2.065608 -0.066461 -1.943675 -0.005579 -0.387183 0.024761 0.921654
1781254049.441615 -1.820732 -0.066115 -1.860794 -0.004740 -0.280758 0.019743 0.959564
1781254050.876690 -1.510756 -0.066645 -1.817939 -0.003440 -0.155429 0.010601 0.987784
1781254052.011366 -1.280414 -0.069344 -1.760648 -0.004114 -0.184478 0.011182 0.982764
1781254053.246128 -1.075036 -0.053886 -1.563660 -0.004536 -0.302118 0.016116 0.953123
1781254054.314035 -0.970473 -0.040121 -1.390527 -0.004332 -0.389120 0.021179 0.920933
1781254055.548816 -0.915991 -0.031983 -1.216495 -0.005217 -0.483186 0.027395 0.875074
1781254056.550001 -0.898910 -0.024701 -1.079589 -0.006474 -0.560963 0.031488 0.827217
1781254057.552509 -0.920617 -0.010357 -0.906546 -0.008084 -0.655443 0.036736 0.754307
1781254058.553932 -1.006450 0.005701 -0.730393 -0.007298 -0.762349 0.043186 0.645682
1781254059.589121 -1.126047 0.011994 -0.597888 -0.008455 -0.840569 0.046863 0.539607
1781254061.193126 -1.189871 0.029977 -0.281647 -0.005435 -0.685048 0.037761 0.727498
1781254062.227614 -1.112093 0.042299 -0.109922 -0.002395 -0.582035 0.031227 0.812561
1781254063.262053 -1.047005 0.054193 0.091212 -0.001262 -0.514565 0.026219 0.857049
1781254064.463368 -0.903678 0.077559 0.140211 0.005871 -0.259442 0.010921 0.965679
1781254065.464526 -0.665142 0.086699 0.129708 0.010746 -0.039604 -0.000909 0.999157
1781254066.465726 -0.426586 0.064120 0.065569 0.012534 0.083348 -0.008466 0.996406
1781254067.466850 -0.200713 0.044129 0.057686 0.010417 0.049212 -0.007588 0.998705
1781254068.568138 0.026583 0.027188 0.068806 0.006161 0.001341 -0.002022 0.999978
1781254069.736213 0.294946 0.012342 0.056981 0.004493 -0.034813 0.001121 0.999383
1781254070.937647 0.583837 0.007765 0.048857 0.005144 0.066774 -0.006945 0.997731
1781254071.938799 0.811051 0.000881 -0.009378 0.006652 0.236265 -0.018548 0.971489
1781254073.340288 0.979880 -0.011008 -0.250597 0.012788 0.543094 -0.033251 0.838916
1781254074.641857 0.949101 -0.022707 -0.367544 0.012480 0.684284 -0.040616 0.727977
1781254076.812411 0.723966 -0.018227 -0.422185 0.015434 0.803011 -0.046138 0.593975
1781254078.114106 0.544786 -0.026093 -0.728346 0.017611 0.866333 -0.052067 0.496433
1781254079.183945 0.355742 -0.039395 -0.971493 0.016060 0.892297 -0.051523 0.448212
1781254080.219116 0.181138 -0.047822 -1.173014 0.015321 0.897193 -0.051942 0.438306
1781254081.320374 0.058113 -0.055313 -1.383498 0.013067 0.873829 -0.050559 0.483421
1781254082.421633 -0.039398 -0.066370 -1.585652 0.012172 0.849675 -0.048918 0.524892
1781254083.489462 -0.206147 -0.080073 -1.800711 0.013226 0.883133 -0.048642 0.466406
1781254084.490582 -0.396149 -0.088309 -2.026943 0.013906 0.911258 -0.051173 0.408408
1781254085.491721 -0.525572 -0.091512 -2.164567 0.012841 0.925447 -0.052492 0.375003
1781254086.492867 -0.737787 -0.095595 -2.375921 0.011089 0.930481 -0.055982 0.361868
1781254087.494040 -0.947326 -0.109619 -2.535222 0.009472 0.935463 -0.053261 0.349259
1781254088.595366 -1.127752 -0.119432 -2.719298 0.008568 0.925560 -0.052987 0.374777
1781254089.830158 -1.340518 -0.131884 -2.989470 0.007922 0.926266 -0.053710 0.372939
1781254091.165086 -1.641011 -0.136332 -3.145323 0.011241 0.985129 -0.058348 0.161213
1781254092.299717 -1.929536 -0.133969 -3.093487 0.013105 0.993498 -0.056724 -0.097834
1781254093.300787 -2.165920 -0.117654 -2.929121 0.012409 0.946288 -0.056164 -0.318167
1781254094.602367 -2.335534 -0.096004 -2.604604 -0.007990 -0.838650 0.049118 0.542392
1781254095.739034 -2.366888 -0.078654 -2.295783 -0.007875 -0.722642 0.044173 0.689765
1781254096.742316 -2.286661 -0.071923 -2.104633 -0.006721 -0.594848 0.036710 0.802972
1781254097.776825 -2.054014 -0.066423 -1.941997 -0.006067 -0.400312 0.025432 0.916006
1781254098.911386 -1.688972 -0.068793 -1.843234 -0.004241 -0.188576 0.013282 0.981960
1781254100.079318 -1.378063 -0.069883 -1.768503 -0.004245 -0.147873 0.009510 0.988952
1781254101.213852 -1.128270 -0.056640 -1.611707 -0.004605 -0.236279 0.013377 0.971582
1781254102.214908 -0.976168 -0.039492 -1.406800 -0.004662 -0.375079 0.021210 0.926739
1781254103.215930 -0.917377 -0.031358 -1.189395 -0.006292 -0.521463 0.030077 0.852720
1781254104.750921 -0.948750 -0.005354 -0.849960 -0.007875 -0.684621 0.038540 0.727837
1781254105.818775 -1.049101 0.010015 -0.607808 -0.007614 -0.784900 0.043763 0.618028
1781254106.853267 -1.080881 0.020070 -0.375552 -0.006563 -0.673720 0.037757 0.737992
1781254107.854390 -1.034182 0.034662 -0.142967 -0.003288 -0.571592 0.031403 0.819930
1781254108.888903 -0.890113 0.033458 0.014290 0.000405 -0.316001 0.014802 0.948643
1781254109.890020 -0.613482 0.029937 0.089847 0.002920 -0.089367 0.002001 0.995992
1781254110.891092 -0.362370 0.020716 0.057154 0.003789 -0.000564 -0.002249 0.999990
1781254111.926207 -0.117195 0.020465 0.070181 0.003742 -0.045671 -0.000672 0.998949
1781254113.464978 0.401302 0.010406 0.056726 0.005929 0.099528 -0.006252 0.994997
1781254114.799910 0.698980 -0.000677 -0.134805 0.011108 0.468379 -0.029901 0.882951
1781254115.801005 0.663130 -0.015717 -0.360322 0.014544 0.729778 -0.041492 0.682268
1781254116.835537 0.515188 -0.022881 -0.654543 0.017111 0.831202 -0.049305 0.553516
1781254117.936988 0.304985 -0.036246 -0.923043 0.016041 0.887081 -0.051212 0.458484
1781254118.938347 0.148478 -0.046225 -1.184237 0.014512 0.887555 -0.051914 0.457537
1781254119.939409 0.003449 -0.056928 -1.460608 0.013712 0.874116 -0.051094 0.482827
1781254120.940467 -0.137890 -0.072581 -1.749936 0.013262 0.863808 -0.049838 0.501175
1781254121.941487 -0.348870 -0.084465 -1.996468 0.014796 0.906819 -0.052017 0.418036
1781254123.376346 -0.614173 -0.093972 -2.289928 0.010751 0.937657 -0.053949 0.343181
1781254124.377404 -0.845617 -0.103146 -2.450397 0.010517 0.938602 -0.055161 0.340402
1781254125.511950 -1.083744 -0.112542 -2.694877 0.009821 0.930643 -0.055542 0.361556
1781254126.813308 -1.361393 -0.128341 -2.928835 0.008364 0.950186 -0.055129 0.306656
1781254127.947912 -1.692962 -0.126744 -3.026066 0.012739 0.995078 -0.059529 0.078189
1781254128.983086 -2.038158 -0.118173 -2.965523 0.013138 0.978597 -0.058842 -0.196758
1781254130.018590 -2.311764 -0.098128 -2.706725 0.006978 0.872314 -0.052890 -0.486028
1781254131.253583 -2.358657 -0.079418 -2.327008 -0.006732 -0.697114 0.043337 0.715618
1781254132.788977 -2.051495 -0.068289 -1.970254 -0.004881 -0.358777 0.023174 0.933123
1781254133.790399 -1.696424 -0.072518 -1.874516 -0.004486 -0.202132 0.014226 0.979245
1781254134.925524 -1.326604 -0.064708 -1.713082 -0.004963 -0.253790 0.016391 0.967108
1781254135.993704 -1.055190 -0.047713 -1.477873 -0.005297 -0.347775 0.019773 0.937355
1781254137.095225 -0.909721 -0.033169 -1.174180 -0.006968 -0.526079 0.030234 0.849870
1781254138.163340 -0.951892 -0.007047 -0.881883 -0.008416 -0.702662 0.039979 0.710350
1781254139.498501 -1.116297 0.014142 -0.550415 -0.008023 -0.807796 0.044903 0.587695
1781254140.566606 -1.089944 0.027180 -0.247665 -0.005617 -0.639532 0.035445 0.767927
1781254141.634677 -0.950310 0.035877 -0.017813 -0.001392 -0.407781 0.021139 0.912834
1781254142.702768 -0.689590 0.028211 0.053482 0.001550 -0.121254 0.005242 0.992607
1781254143.737501 -0.380792 0.018194 -0.003451 0.004242 0.011392 -0.004523 0.999916
1781254144.805615 -0.060375 0.000930 -0.022039 -0.000231 -0.042363 0.000349 0.999102
1781254145.840355 0.323505 0.009413 0.014049 0.003348 -0.077361 0.004701 0.996987
1781254146.908461 0.650418 0.009166 0.105200 -0.000702 -0.172469 0.007717 0.984985
