1781254341.179440 0.0000000 0.0000000 0.0000000 -0.0000000 -0.0000000 -0.0000000 1.0000000
1781254343.199015 0.1197318 -0.0040431 0.0026783 -0.0006051 0.0048616 -0.0014785 0.9999869
1781254343.332524 0.1474461 -0.0044987 0.0057263 -0.0007052 0.0019208 -0.0015053 0.9999968
1781254343.632970 0.2152116 -0.0047735 0.0156385 -0.0007285 -0.0076911 -0.0012461 0.9999694
1781254343.933602 0.2859176 -0.0064915 0.0265092 -0.0017126 -0.0167206 -0.0007502 0.9998584
1781254344.301114 0.3789629 -0.0081136 0.0430856 -0.0030194 -0.0290018 -0.0004124 0.9995747
1781254344.668591 0.4782369 -0.0075532 0.0657917 -0.0026631 -0.0414601 -0.0002150 0.9991366
1781254345.503197 0.7028347 -0.0094423 0.1230217 -0.0039535 -0.0650132 0.0002790 0.9978765
1781254346.003884 0.8518282 -0.0096611 0.1638779 -0.0028677 -0.0681497 0.0011565 0.9976704
1781254346.371043 0.9732137 -0.0101957 0.1879022 -0.0023255 -0.0560386 0.0006435 0.9984257
1781254346.838355 1.1353327 -0.0107597 0.2019246 -0.0013260 -0.0248880 -0.0004855 0.9996893
1781254347.339071 1.3149940 -0.0144517 0.1919019 -0.0007106 0.0188322 -0.0035654 0.9998161
1781254347.906501 1.4876050 -0.0174349 0.1786857 -0.0006381 0.0610907 -0.0067390 0.9981093
1781254349.041277 1.7894752 -0.0223122 0.1934257 -0.0006206 0.0476435 -0.0071682 0.9988385
1781254350.409647 2.1452425 -0.0350972 0.1844131 -0.0029528 0.0444612 -0.0076514 0.9989775
1781254351.077175 2.3414612 -0.0379088 0.1788365 -0.0016991 0.0477995 -0.0077646 0.9988254
1781254351.744751 2.5398507 -0.0475864 0.1438685 -0.0020991 0.0886370 -0.0096321 0.9960153
1781254352.312299 2.7221994 -0.0560569 0.0888402 -0.0024934 0.1434785 -0.0127079 0.9895687
1781254352.679530 2.8286061 -0.0642981 0.0394351 -0.0036057 0.2164104 -0.0169513 0.9761487
1781254353.313700 2.9727273 -0.0738285 -0.0406123 -0.0012843 0.3329299 -0.0228030 0.9426749
1781254354.682046 3.1558118 -0.0901105 -0.2728653 0.0033572 0.5426579 -0.0353789 0.8392017
1781254355.382868 3.2018695 -0.0972555 -0.4414101 0.0064144 0.6456432 -0.0432794 0.7623848
1781254356.016980 3.2081330 -0.1108673 -0.6081245 0.0060656 0.7174357 -0.0493337 0.6948493
1781254356.984850 3.1500533 -0.1249699 -0.8475361 0.0074606 0.8092650 -0.0574343 0.5845818
1781254357.785826 3.0416417 -0.1410561 -1.0040104 0.0088276 0.8827693 -0.0602151 0.4658482
1781254358.486752 2.9201627 -0.1533055 -1.0963459 0.0096309 0.9341220 -0.0616073 0.3514653
1781254358.920646 2.8429260 -0.1550698 -1.1345792 0.0110766 0.9567856 -0.0632607 0.2836136
1781254359.354534 2.7667775 -0.1562951 -1.1561451 0.0124618 0.9756406 -0.0644816 0.2093139
1781254359.688295 2.7002728 -0.1563782 -1.1659591 0.0142984 0.9869421 -0.0647060 0.1468125
1781254359.955311 2.6446359 -0.1549136 -1.1660016 0.0143996 0.9936343 -0.0650913 0.0908115
1781254360.489344 2.5273483 -0.1473870 -1.1515820 -0.0164970 -0.9973195 0.0659948 0.0269518
1781254361.123505 2.3961864 -0.1445905 -1.1049783 -0.0182522 -0.9873458 0.0650746 0.1434586
1781254361.690909 2.2938731 -0.1406484 -1.0541860 -0.0180631 -0.9725226 0.0632249 0.2233296
1781254362.224915 2.1931674 -0.1341091 -0.9939169 -0.0178823 -0.9583197 0.0621064 0.2782920
1781254362.692169 2.0933821 -0.1282797 -0.9285407 -0.0172302 -0.9518818 0.0615152 0.2997334
1781254363.259548 1.9583697 -0.1209624 -0.8592077 -0.0171786 -0.9554310 0.0614137 0.2882442
1781254363.726810 1.8476689 -0.1151453 -0.8199700 -0.0171335 -0.9628988 0.0617864 0.2621351
1781254364.127346 1.7641631 -0.1111792 -0.7984403 -0.0164549 -0.9685302 0.0625598 0.2403431
1781254364.661395 1.6489285 -0.1079208 -0.7899371 -0.0166953 -0.9786532 0.0632932 0.1948159
1781254365.095303 1.5540824 -0.1061791 -0.7973112 -0.0161180 -0.9860142 0.0637728 0.1531316
1781254365.462458 1.4722794 -0.1066468 -0.8106244 -0.0152308 -0.9915165 0.0637098 0.1122687
1781254366.163363 1.3330264 -0.1086084 -0.8560439 -0.0136919 -0.9973310 0.0645008 0.0313548
1781254366.730762 1.2307580 -0.1103616 -0.9107367 0.0128232 0.9970253 -0.0656015 0.0383752
1781254367.164671 1.1522260 -0.1119159 -0.9676174 0.0121571 0.9929777 -0.0656477 0.0976617
1781254367.798849 1.0547441 -0.1168886 -1.0673403 0.0108385 0.9815196 -0.0649595 0.1796722
1781254369.033826 0.9122297 -0.1340589 -1.2905474 0.0071807 0.9399918 -0.0603797 0.3357354
1781254370.136436 0.8476497 -0.1531505 -1.5360143 0.0044578 0.8769701 -0.0573987 0.4770838
1781254371.172229 0.8232038 -0.1704947 -1.7540790 0.0030057 0.8368188 -0.0535000 0.5448514
1781254372.206583 0.7735564 -0.1616439 -1.8280139 0.0090196 0.9052700 -0.0584460 0.4207004
1781254372.740447 0.6892647 -0.1641881 -1.8767583 0.0094039 0.9385798 -0.0613055 0.3394425
1781254373.774898 0.4957494 -0.1671122 -1.9332863 0.0105649 0.9847777 -0.0644720 0.1610737
1781254375.443318 0.3620938 -0.1655278 -1.9131800 0.0104269 0.9969240 -0.0656219 0.0415626
1781254378.079385 0.0390341 -0.1353465 -1.6865468 -0.0127593 -0.9948577 0.0669328 0.0749361
1781254379.814695 -0.2203059 -0.1179644 -1.5106946 -0.0133462 -0.9871596 0.0681791 0.1438389
1781254381.216160 -0.4838595 -0.0926417 -1.3744400 -0.0151013 -0.9798748 0.0712169 0.1858641
1781254382.784510 -0.6779374 -0.0767363 -1.1900045 -0.0177344 -0.9477978 0.0681473 0.3109997
1781254384.719905 -0.6486400 -0.0473342 -0.8153522 -0.0171971 -0.8246453 0.0594632 0.5622530
1781254386.389424 -0.3924263 -0.0462902 -0.6406954 -0.0185477 -0.6348539 0.0439753 0.7711568
1781254388.593215 -0.1287774 -0.0442183 -0.5856898 -0.0173438 -0.4033873 0.0265104 0.9144807
1781254391.964066 0.0419819 -0.0414374 -0.5561976 -0.0148175 -0.1064725 0.0063262 0.9941851
1781254398.839236 -0.1333465 -0.1858253 -0.5571687 -0.0386349 -0.3062330 -0.0027317 0.9511684
