1781254169.108723 0.0000000 0.0000000 0.0000000 -0.0000000 -0.0000000 -0.0000000 1.0000000
1781254173.349385 0.0125999 -0.0159648 -0.2246845 0.0012095 0.0467909 -0.0006214 0.9989038
1781254173.449492 0.0152024 -0.0173235 -0.2403730 0.0011449 0.0482794 -0.0005699 0.9988331
1781254173.883283 0.0281906 -0.0216083 -0.3174657 0.0013999 0.0569696 -0.0003428 0.9983749
1781254174.485012 0.0469646 -0.0303192 -0.4458276 0.0009435 0.0675554 -0.0006697 0.9977149
1781254175.388462 0.1351829 -0.0365598 -0.5541515 0.0006885 0.0826771 -0.0026967 0.9965725
1781254175.989159 0.2346124 -0.0389623 -0.5922412 0.0006119 0.1175898 -0.0043003 0.9930528
1781254177.256855 0.3781100 -0.0320769 -0.4818474 -0.0010431 0.0575160 0.0004264 0.9983439
1781254178.024197 0.4457827 -0.0277145 -0.3620286 -0.0004159 0.0522544 0.0009103 0.9986333
1781254178.491328 0.4933884 -0.0233557 -0.2857774 0.0010889 0.0748274 -0.0003694 0.9971958
1781254179.125312 0.5877565 -0.0209635 -0.2331166 0.0022619 0.0456700 0.0005384 0.9989539
1781254179.592433 0.6757635 -0.0227427 -0.2388299 0.0031487 0.0673404 -0.0013944 0.9977241
1781254180.259725 0.7430657 -0.0284335 -0.3218210 0.0026439 0.1360027 -0.0041254 0.9906964
1781254180.993810 0.7762626 -0.0416486 -0.4978778 0.0009568 0.1865841 -0.0062557 0.9824186
1781254182.162065 0.7954103 -0.0621459 -0.7932483 -0.0010927 0.1985783 -0.0075853 0.9800551
1781254184.531885 0.9975609 -0.0855517 -1.1103235 -0.0007727 0.1297213 -0.0060170 0.9915320
1781254185.800010 1.1857798 -0.0683699 -0.8083355 -0.0015275 0.1277379 -0.0068805 0.9917829
1781254187.101659 1.3773233 -0.0478354 -0.4635273 -0.0005601 0.0623586 -0.0044162 0.9980439
1781254188.803626 1.6940407 -0.0451796 -0.3819138 0.0012955 0.1246338 -0.0066156 0.9921799
1781254191.006882 1.7332704 -0.0798520 -0.9786387 0.0030574 0.1510082 -0.0071140 0.9885022
1781254193.109595 2.1446466 -0.0745930 -0.7959171 0.0032473 0.2362860 -0.0136535 0.9715822
1781254194.210926 2.3146796 -0.0613047 -0.5142344 0.0042826 0.2442321 -0.0141403 0.9696043
1781254195.312259 2.4567423 -0.0482316 -0.2650119 0.0030138 0.1804405 -0.0107986 0.9835220
1781254196.480359 2.6581204 -0.0526071 -0.2783653 0.0021348 0.1584260 -0.0108097 0.9873094
1781254197.247957 2.7614479 -0.0637071 -0.4128615 0.0023465 0.1619522 -0.0101318 0.9867438
1781254199.117356 2.8364561 -0.0912553 -0.8853722 0.0008029 0.0661101 -0.0045205 0.9978018
1781254200.452539 3.0844767 -0.1111408 -0.9932604 -0.0008249 0.1153604 -0.0094200 0.9932787
1781254201.987925 3.2552323 -0.0899844 -0.6491152 -0.0002034 0.0936444 -0.0074831 0.9955776
1781254203.089523 3.4362772 -0.0822780 -0.5044431 -0.0001156 0.0529290 -0.0064889 0.9985772
1781254203.556868 3.5422719 -0.0836119 -0.5032675 0.0014663 0.1123945 -0.0101297 0.9936110
1781254204.024210 3.6119304 -0.0889284 -0.5638308 0.0016405 0.1713183 -0.0126947 0.9851326
1781254204.691820 3.6544540 -0.0988861 -0.7342456 0.0026784 0.1943700 -0.0120360 0.9808508
1781254205.459544 3.6713588 -0.1146709 -0.9488491 0.0021213 0.2187444 -0.0121339 0.9757045
1781254207.161796 3.8076890 -0.1501376 -1.3300247 -0.0006157 0.2571867 -0.0165245 0.9662203
1781254208.864009 4.1408582 -0.1261556 -0.8865550 -0.0001344 0.2568576 -0.0134603 0.9663555
1781254211.200353 4.2527766 -0.1217812 -0.7741917 0.0033831 0.5584659 -0.0342565 0.8288130
1781254211.267107 4.1964908 -0.0871209 -0.6563854 0.0107867 0.6163611 -0.0461557 0.7860358
1781254212.168273 4.1855865 -0.1400748 -1.0867720 0.0071188 0.7093170 -0.0435656 0.7035060
1781254213.136177 4.0880804 -0.1873148 -1.4338107 -0.0019111 0.8475657 -0.0476491 0.5285437
1781254214.237616 3.9683063 -0.1982391 -1.6162138 0.0002446 0.9735461 -0.0582603 0.2209383
1781254215.939994 3.8525662 -0.1668518 -1.2056402 -0.0057705 -0.9899878 0.0650879 0.1251178
1781254218.309739 3.4951761 -0.1676063 -1.1551659 -0.0074680 -0.9901838 0.0641304 0.1239664
1781254219.244326 3.3695307 -0.1848244 -1.4129568 -0.0087890 -0.9825670 0.0649231 0.1739826
1781254220.178899 3.2100432 -0.1974443 -1.6173548 -0.0075640 -0.9900706 0.0648978 0.1244636
1781254221.013325 3.0400634 -0.1973086 -1.5726446 -0.0088275 -0.9893121 0.0646724 0.1303887
1781254221.914533 2.9900010 -0.1837116 -1.3446279 -0.0087987 -0.9919339 0.0641365 0.1089776
1781254222.783800 2.9509163 -0.1698173 -1.1086695 -0.0083745 -0.9942871 0.0646295 0.0845346
1781254223.752841 2.8541014 -0.1547373 -0.8857300 -0.0070001 -0.9934291 0.0639252 0.0946740
1781254224.253386 2.7178426 -0.1524616 -0.8803522 -0.0066225 -0.9895372 0.0641921 0.1290410
1781254225.221087 2.5354617 -0.1615871 -1.0091184 -0.0074926 -0.9944791 0.0639291 0.0828755
1781254225.921853 2.4655108 -0.1721700 -1.1590282 -0.0073492 -0.9937812 0.0634681 0.0911964
1781254226.589248 2.3800969 -0.1765719 -1.2236912 -0.0048743 -0.9978915 0.0634046 0.0129894
1781254227.690506 2.1532900 -0.1701523 -1.0781336 -0.0056718 -0.9937429 0.0630614 0.0920121
1781254228.758368 1.9695182 -0.1560740 -0.8312351 -0.0056540 -0.9910593 0.0622301 0.1178850
1781254230.326664 1.7238586 -0.1620290 -0.9005563 -0.0042354 -0.9958498 0.0615889 0.0668725
1781254231.628051 1.5999444 -0.1960995 -1.4237084 -0.0063420 -0.9876204 0.0623808 0.1437864
1781254232.695798 1.5125141 -0.2197811 -1.7889708 -0.0050028 -0.9933692 0.0640584 0.0953366
1781254233.964136 1.3120626 -0.2444541 -2.0770209 -0.0016373 -0.9980165 0.0626895 0.0055137
1781254235.532654 1.0458738 -0.2429972 -2.0308757 -0.0023252 -0.9947539 0.0632259 0.0803849
1781254237.034227 1.0420747 -0.2123750 -1.6134057 -0.0036631 -0.9914545 0.0631084 0.1141131
1781254239.305185 1.0624210 -0.1697159 -0.9373602 -0.0047605 -0.9909436 0.0632344 0.1183624
1781254240.873828 0.7016225 -0.1762822 -0.9180257 -0.0020870 -0.9911576 0.0620454 0.1172718
1781254241.908414 0.6090027 -0.1992427 -1.2598994 -0.0027830 -0.9933705 0.0635227 0.0957715
1781254242.976422 0.5417303 -0.2135703 -1.4892038 -0.0004056 -0.9974740 0.0636818 0.0314657
1781254244.144590 0.3030371 -0.2072991 -1.3645530 -0.0022595 -0.9942734 0.0636622 0.0858052
1781254245.980116 0.0621552 -0.1829626 -0.9621757 -0.0055558 -0.9959415 0.0606598 0.0662575
1781254247.281627 -0.1008900 -0.1678023 -0.6858008 -0.0028802 -0.9901874 0.0608233 0.1257824
1781254249.284003 -0.2682269 -0.1874304 -1.0324996 -0.0048658 -0.9320738 0.0590855 0.3573845
1781254250.619304 -0.2134353 -0.1783161 -0.8043343 -0.0055613 -0.7662351 0.0515423 0.6404656
1781254251.353629 -0.1344001 -0.1563540 -0.5702124 -0.0052023 -0.5942948 0.0446484 0.8029901
1781254251.787551 -0.0697244 -0.1522285 -0.4855582 -0.0053338 -0.4502362 0.0365724 0.8921443
1781254252.889055 0.1442079 -0.1487919 -0.5394432 -0.0036410 -0.1647152 0.0203189 0.9861252
1781254254.157480 0.5818563 -0.1407257 -0.5244675 -0.0006606 -0.0312901 0.0115234 0.9994437
