1781254169.041763 0.0000000 0.0000000 0.0000000 -0.0000000 -0.0000000 -0.0000000 1.0000000
1781254173.316015 0.0085282 -0.0139666 -0.2198619 0.0018936 0.0464038 -0.0009818 0.9989205
1781254173.349385 0.0090104 -0.0150876 -0.2247072 0.0014624 0.0473160 -0.0008449 0.9988785
1781254173.582968 0.0151930 -0.0170517 -0.2607978 0.0018579 0.0512774 -0.0007948 0.9986824
1781254173.983386 0.0275552 -0.0223567 -0.3388362 0.0014020 0.0599023 -0.0005990 0.9982031
1781254174.685928 0.0513608 -0.0303934 -0.4776863 0.0012988 0.0660388 -0.0008395 0.9978158
1781254175.488577 0.1452993 -0.0344746 -0.5616608 0.0011045 0.0878059 -0.0029971 0.9961325
1781254176.055904 0.2409181 -0.0358320 -0.5945261 0.0014967 0.1206892 -0.0045969 0.9926786
1781254177.256855 0.3713554 -0.0307806 -0.4830117 -0.0007789 0.0587947 0.0002693 0.9982698
1781254177.957474 0.4340854 -0.0256436 -0.3745000 0.0002886 0.0513007 0.0009349 0.9986828
1781254178.624800 0.5038295 -0.0194564 -0.2703006 0.0023353 0.0754696 -0.0008002 0.9971451
1781254179.158679 0.5873323 -0.0198424 -0.2331173 0.0027691 0.0453560 0.0003924 0.9989670
1781254179.458972 0.6477859 -0.0200640 -0.2332517 0.0034390 0.0462190 -0.0002548 0.9989254
1781254179.625798 0.6765905 -0.0204621 -0.2406116 0.0037602 0.0744531 -0.0016973 0.9972160
1781254179.792620 0.6976210 -0.0219691 -0.2569578 0.0035969 0.1099173 -0.0037289 0.9939272
1781254180.126255 0.7258797 -0.0243494 -0.2987538 0.0034244 0.1327607 -0.0044275 0.9911323
1781254180.560037 0.7497745 -0.0311555 -0.3938178 0.0023484 0.1596643 -0.0053631 0.9871540
1781254181.093909 0.7685232 -0.0417955 -0.5253224 0.0010901 0.1952561 -0.0071791 0.9807254
1781254181.761493 0.7778535 -0.0549035 -0.6975059 -0.0003457 0.2062559 -0.0079683 0.9784656
1781254182.963139 0.7614211 -0.0724708 -0.9825495 -0.0003330 0.1590038 -0.0059758 0.9872599
1781254184.264882 0.9398461 -0.0856725 -1.1364633 -0.0004422 0.1331984 -0.0064364 0.9910684
1781254185.266109 1.0939772 -0.0748809 -0.9553673 -0.0015409 0.1266340 -0.0059995 0.9919302
1781254185.866746 1.1852218 -0.0638694 -0.7932934 -0.0009239 0.1296485 -0.0074293 0.9915318
1781254186.300571 1.2509713 -0.0569975 -0.6751416 -0.0009166 0.1228012 -0.0068332 0.9924074
1781254186.634358 1.2961004 -0.0520219 -0.5834419 -0.0003256 0.1074570 -0.0066371 0.9941875
1781254186.968144 1.3454038 -0.0467142 -0.4949682 0.0002763 0.0799596 -0.0050518 0.9967853
1781254187.368649 1.4015707 -0.0433463 -0.4252587 0.0000456 0.0414506 -0.0037264 0.9991336
1781254187.702364 1.4582545 -0.0416785 -0.3877400 0.0004218 0.0253084 -0.0030347 0.9996750
1781254188.069446 1.5399719 -0.0377715 -0.3434403 0.0011693 0.0136495 -0.0028073 0.9999022
1781254188.403164 1.6200480 -0.0374118 -0.3357843 0.0022284 0.0474848 -0.0039198 0.9988618
1781254188.736883 1.6753389 -0.0441250 -0.3775045 0.0012798 0.1193080 -0.0068302 0.9928330
1781254189.270807 1.7302343 -0.0529222 -0.4996898 0.0014638 0.1459612 -0.0069177 0.9892651
1781254189.871381 1.7566075 -0.0639831 -0.6587818 0.0017859 0.1706868 -0.0067727 0.9853005
1781254190.873230 1.7162327 -0.0821177 -0.9579067 0.0019354 0.1586863 -0.0068490 0.9873034
1781254191.541071 1.7985201 -0.0931695 -1.0782365 0.0022994 0.1783774 -0.0101924 0.9839067
1781254192.508898 2.0119257 -0.0864450 -0.9637895 0.0010899 0.2048751 -0.0119013 0.9787152
1781254193.142966 2.1351700 -0.0783561 -0.8023731 0.0018114 0.2379407 -0.0140536 0.9711763
1781254193.676948 2.2232761 -0.0696029 -0.6615931 0.0034369 0.2421151 -0.0138516 0.9701426
1781254194.177551 2.2966685 -0.0626404 -0.5351774 0.0042224 0.2472102 -0.0140266 0.9688511
1781254194.611411 2.3618143 -0.0558691 -0.4215544 0.0046382 0.2349452 -0.0129876 0.9719108
1781254195.078640 2.4158854 -0.0499779 -0.3242008 0.0042212 0.2049774 -0.0113127 0.9786922
1781254195.646006 2.4938560 -0.0462757 -0.2383939 0.0024132 0.1491382 -0.0094037 0.9887688
1781254196.346864 2.6161401 -0.0514319 -0.2726447 0.0020407 0.1525183 -0.0099619 0.9882483
1781254196.914213 2.7206664 -0.0586504 -0.3619651 0.0021435 0.1768519 -0.0111019 0.9841725
1781254197.448232 2.7592616 -0.0664805 -0.4667441 0.0028306 0.1444077 -0.0084415 0.9894782
1781254198.149203 2.7932963 -0.0741589 -0.6176733 0.0014440 0.0743555 -0.0041205 0.9972222
1781254198.783505 2.8088431 -0.0887539 -0.8124638 -0.0002871 0.0714076 -0.0038900 0.9974396
1781254199.451157 2.8439562 -0.0989168 -0.9716847 0.0003039 0.0442968 -0.0034794 0.9990124
1781254199.918468 2.9457848 -0.1060119 -1.0273076 -0.0000750 0.0690108 -0.0062070 0.9975966
1781254200.252262 3.0274463 -0.1080120 -1.0291218 0.0002978 0.1147096 -0.0090479 0.9933578
1781254201.053377 3.1296725 -0.1013008 -0.9072319 -0.0006179 0.0944546 -0.0070273 0.9955042
1781254201.687541 3.2012262 -0.0899579 -0.7450464 0.0005171 0.1011170 -0.0075453 0.9948458
1781254202.054677 3.2467062 -0.0854732 -0.6532179 0.0006510 0.0970119 -0.0075792 0.9952542
1781254202.321709 3.2836661 -0.0810312 -0.5940037 0.0012556 0.0714571 -0.0065419 0.9974214
1781254202.622155 3.3370411 -0.0789791 -0.5539012 0.0009938 0.0425960 -0.0051109 0.9990788
1781254202.889221 3.3816049 -0.0785440 -0.5356815 0.0009802 0.0480073 -0.0053388 0.9988323
1781254203.122907 3.4260640 -0.0786645 -0.5256008 0.0012489 0.0621498 -0.0064483 0.9980452
1781254203.289818 3.4631815 -0.0790912 -0.5234501 0.0018580 0.0798168 -0.0076048 0.9967788
1781254203.523487 3.5165784 -0.0786459 -0.5255328 0.0031684 0.1135927 -0.0103584 0.9934683
1781254203.757157 3.5593491 -0.0819895 -0.5492360 0.0032655 0.1558705 -0.0121809 0.9876970
1781254204.024210 3.5897682 -0.0858464 -0.5894001 0.0026571 0.1794928 -0.0127428 0.9836732
1781254204.491539 3.6207857 -0.0940090 -0.6995834 0.0023525 0.1925562 -0.0119819 0.9812100
1781254204.825343 3.6274617 -0.1007737 -0.8029958 0.0029130 0.2091156 -0.0124074 0.9778079
1781254205.526298 3.6378026 -0.1140703 -0.9960622 0.0025947 0.2296697 -0.0127713 0.9731814
1781254206.527613 3.6449378 -0.1418160 -1.3091842 0.0000307 0.2384255 -0.0133536 0.9710690
1781254208.396746 4.0220909 -0.1266273 -1.0644240 0.0014735 0.2546969 -0.0133791 0.9669273
1781254209.097639 4.1423283 -0.1142016 -0.8401325 0.0019635 0.2758257 -0.0152232 0.9610851
1781254209.998800 4.2347989 -0.1091753 -0.6648325 -0.0005382 0.3691124 -0.0209263 0.9291490
1781254211.433990 4.2057986 -0.1194960 -0.8700497 0.0069293 0.6103414 -0.0369544 0.7912457
1781254211.968015 4.1674519 -0.1225041 -1.0321088 0.0098989 0.6907678 -0.0420486 0.7217852
1781254212.301778 4.1239605 -0.1348111 -1.1434438 0.0084138 0.7435499 -0.0427225 0.6672612
1781254212.735667 4.0997291 -0.1291040 -1.2764211 0.0144030 0.8147253 -0.0507722 0.5774404
1781254213.336436 4.0537472 -0.1448741 -1.4335051 0.0126670 0.8924057 -0.0535373 0.4478675
1781254214.037351 3.9770739 -0.1491983 -1.5371447 0.0127149 0.9644132 -0.0567868 0.2579164
1781254214.471286 3.9135740 -0.1480170 -1.5272994 0.0127640 0.9965214 -0.0585017 0.0579649
1781254214.905253 3.8786511 -0.1463536 -1.4404242 -0.0140874 -0.9947009 0.0576867 0.0839284
1781254215.739730 3.8785310 -0.1264904 -1.1834035 -0.0147258 -0.9846023 0.0591821 0.1638259
1781254216.807793 3.8420105 -0.1089936 -0.8802543 -0.0148678 -0.9768341 0.0582724 0.2053739
1781254217.341820 3.7312229 -0.1079118 -0.8577948 -0.0144802 -0.9658852 0.0569130 0.2522240
1781254218.042724 3.5709498 -0.1098562 -0.9780225 -0.0167604 -0.9808066 0.0578745 0.1854404
1781254218.643519 3.4787905 -0.1190947 -1.1099005 -0.0175265 -0.9799577 0.0577498 0.1898441
1781254219.110814 3.3997891 -0.1244515 -1.2391803 -0.0177918 -0.9740235 0.0579278 0.2181883
1781254219.411213 3.3380597 -0.1274611 -1.3306181 -0.0178964 -0.9720283 0.0578763 0.2269163
1781254219.845122 3.2528093 -0.1306830 -1.4369332 -0.0175209 -0.9769855 0.0583589 0.2044182
1781254220.479293 3.1363873 -0.1298271 -1.4695363 -0.0172007 -0.9848503 0.0595476 0.1619511
1781254220.979949 3.0274143 -0.1279795 -1.4123847 -0.0180153 -0.9821185 0.0584031 0.1780668
1781254221.714263 3.0015070 -0.1156962 -1.2453412 -0.0193584 -0.9847025 0.0587446 0.1628967
1781254222.181560 3.0015719 -0.1092581 -1.0954429 -0.0186757 -0.9854974 0.0589149 0.1580356
1781254222.951142 2.9819305 -0.0979083 -0.8958933 -0.0183237 -0.9891736 0.0594096 0.1329300
1781254223.652730 2.9332948 -0.0848291 -0.7165972 -0.0175912 -0.9883837 0.0587312 0.1390643
1781254224.019799 2.8444812 -0.0803072 -0.6882715 -0.0164743 -0.9824877 0.0585434 0.1761229
1781254224.587083 2.6987703 -0.0777051 -0.6952970 -0.0163961 -0.9856428 0.0588822 0.1573926
1781254225.087615 2.6019611 -0.0778637 -0.7707731 -0.0174330 -0.9893761 0.0595989 0.1314494
1781254225.821745 2.5118275 -0.0869716 -0.9158282 -0.0178025 -0.9878606 0.0584561 0.1428195
1781254226.422395 2.4365599 -0.0902643 -0.9916691 -0.0163121 -0.9946544 0.0588061 0.0832982
1781254226.856207 2.3489568 -0.0885085 -0.9840143 -0.0155730 -0.9952915 0.0588108 0.0754556
1781254227.223270 2.2739193 -0.0840808 -0.9343165 -0.0155449 -0.9901449 0.0575421 0.1267295
1781254227.657132 2.2005296 -0.0773967 -0.8354564 -0.0156539 -0.9879023 0.0581389 0.1429122
1781254227.924122 2.1569185 -0.0726930 -0.7706760 -0.0158880 -0.9864501 0.0581908 0.1525698
1781254228.324586 2.0888951 -0.0638953 -0.6707149 -0.0157948 -0.9842967 0.0584792 0.1658034
1781254228.925203 2.0282946 -0.0564401 -0.5233522 -0.0152441 -0.9838168 0.0576290 0.1689704
1781254229.826140 1.8683407 -0.0495486 -0.4926975 -0.0134794 -0.9883491 0.0577676 0.1401691
1781254230.660362 1.7449719 -0.0579163 -0.7154955 -0.0145843 -0.9866801 0.0582021 0.1512027
1781254231.027420 1.6972046 -0.0667439 -0.8570360 -0.0153162 -0.9799336 0.0586320 0.1898892
1781254231.361105 1.6449838 -0.0729920 -1.0102352 -0.0150080 -0.9782490 0.0584232 0.1984704
1781254231.794889 1.5838244 -0.0812768 -1.1802996 -0.0151056 -0.9805067 0.0583792 0.1870038
1781254232.128561 1.5438986 -0.0884701 -1.2981337 -0.0146959 -0.9831967 0.0587874 0.1721982
1781254232.629065 1.4891164 -0.0982561 -1.4541348 -0.0144616 -0.9863700 0.0597868 0.1526125
1781254232.962727 1.4482105 -0.1018797 -1.5584967 -0.0138383 -0.9900127 0.0610226 0.1263314
1781254233.229650 1.4019805 -0.1070219 -1.6221876 -0.0130386 -0.9928509 0.0611623 0.1016677
1781254233.563506 1.3334227 -0.1087400 -1.6906818 -0.0124320 -0.9940522 0.0609863 0.0893660
1781254233.897365 1.2642453 -0.1123257 -1.7401525 -0.0115007 -0.9959803 0.0608157 0.0647494
1781254234.197841 1.1914057 -0.1128831 -1.7707957 -0.0107748 -0.9963714 0.0607295 0.0586501
1781254234.531565 1.0974584 -0.1126610 -1.7863100 -0.0113100 -0.9960331 0.0610047 0.0637848
1781254234.898639 1.0194082 -0.1130197 -1.7702614 -0.0114614 -0.9927133 0.0602311 0.1037366
1781254235.832967 0.9763277 -0.1033169 -1.6010107 -0.0125837 -0.9885930 0.0596875 0.1377059
1781254236.600436 0.9880474 -0.0906190 -1.4036891 -0.0136048 -0.9878279 0.0595463 0.1430568
1781254236.900754 1.0137132 -0.0848624 -1.2967621 -0.0140559 -0.9855026 0.0590288 0.1584385
1781254237.468062 1.0599054 -0.0752749 -1.1226058 -0.0137401 -0.9831469 0.0592319 0.1724095
1781254238.035441 1.0930535 -0.0640772 -0.9605193 -0.0130988 -0.9851771 0.0598867 0.1602126
1781254238.703578 1.1319730 -0.0510742 -0.7456565 -0.0137437 -0.9822810 0.0595957 0.1771539
1781254239.505443 1.1023054 -0.0428839 -0.5363157 -0.0145340 -0.9825196 0.0583957 0.1761646
1781254240.039460 0.9905952 -0.0370876 -0.4737585 -0.0136558 -0.9721236 0.0578265 0.2268157
1781254240.807080 0.7782460 -0.0375471 -0.5093399 -0.0119268 -0.9829159 0.0583705 0.1741463
1781254241.474558 0.6849746 -0.0469007 -0.6911473 -0.0130342 -0.9840605 0.0602397 0.1668121
1781254241.941787 0.6313637 -0.0555341 -0.8682532 -0.0131828 -0.9870127 0.0608713 0.1480766
1781254242.242144 0.6016160 -0.0617740 -0.9857125 -0.0123104 -0.9889969 0.0608046 0.1342997
1781254242.475779 0.5808610 -0.0657098 -1.0542905 -0.0120639 -0.9904971 0.0604820 0.1229305
1781254243.076550 0.5357409 -0.0662792 -1.0722356 -0.0105630 -0.9945058 0.0613600 0.0841527
1781254243.510441 0.4696018 -0.0629546 -1.0361490 -0.0111746 -0.9919267 0.0609308 0.1106528
1781254243.844204 0.3945103 -0.0578502 -0.9768441 -0.0120799 -0.9893632 0.0609457 0.1315301
1781254244.077838 0.3386008 -0.0560389 -0.9368193 -0.0127480 -0.9883025 0.0605113 0.1394064
1781254244.311468 0.2772743 -0.0534141 -0.9032326 -0.0135308 -0.9884934 0.0605577 0.1379513
1781254244.611839 0.1993706 -0.0505884 -0.8645184 -0.0148260 -0.9886323 0.0599825 0.1370711
1781254245.112453 0.1335149 -0.0437575 -0.7642094 -0.0162641 -0.9894161 0.0593829 0.1313965
1781254245.479550 0.1304274 -0.0393063 -0.6507217 -0.0162281 -0.9900953 0.0580255 0.1268108
1781254245.880004 0.1254962 -0.0325867 -0.5233133 -0.0156844 -0.9908432 0.0571283 0.1213262
1781254246.413946 0.0939219 -0.0250577 -0.3947199 -0.0149729 -0.9911337 0.0565815 0.1192828
1781254246.881162 0.0509419 -0.0181304 -0.2675507 -0.0140336 -0.9889807 0.0559635 0.1363396
1781254248.049199 -0.1413985 -0.0181439 -0.3387390 -0.0141927 -0.9871507 0.0566195 0.1487492
1781254248.649912 -0.1845053 -0.0236130 -0.4632998 -0.0144107 -0.9643970 0.0542402 0.2584352
1781254249.417535 -0.2074507 -0.0251651 -0.5428462 -0.0121429 -0.8956585 0.0514525 0.4415893
1781254250.352278 -0.1385786 -0.0222630 -0.4102701 -0.0082532 -0.7674930 0.0432184 0.6395456
1781254250.953087 -0.0877060 -0.0066659 -0.2715999 -0.0055873 -0.6480739 0.0397595 0.7605184
1781254251.387008 -0.0097724 -0.0052185 -0.1745982 -0.0045131 -0.5148669 0.0315967 0.8566757
1781254251.787551 0.0505956 -0.0030324 -0.1118321 -0.0023883 -0.3720440 0.0239064 0.9279041
1781254252.722159 0.1901206 -0.0135244 -0.1999704 -0.0009128 -0.1120049 0.0078437 0.9936763
1781254253.523262 0.4441544 -0.0061428 -0.2593461 0.0071984 0.0380057 -0.0028099 0.9992477
