1781254295.233998 0.000000 0.000000 0.000000 0.000000 0.000000 0.000000 1.000000
1781254297.971435 0.480858 -0.005728 0.082880 -0.001558 -0.042334 0.000405 0.999102
1781254298.973095 0.835384 0.006348 0.189578 0.002718 -0.039700 -0.001728 0.999206
1781254299.974485 1.207062 -0.001643 0.278744 0.003535 -0.040787 -0.001106 0.999161
1781254301.076382 1.685023 -0.007571 0.325645 0.004041 0.027204 -0.006331 0.999602
1781254302.077672 2.110061 -0.027051 0.369081 -0.000244 0.030274 -0.008708 0.999504
1781254303.245869 2.590921 -0.028053 0.390056 0.007303 0.077069 -0.015168 0.996884
1781254304.313863 2.962287 -0.041352 0.303290 0.011317 0.241231 -0.019198 0.970212
1781254305.448747 3.193837 -0.047608 0.058312 0.019535 0.522748 -0.032933 0.851627
1781254306.450039 3.261099 -0.055850 -0.288115 0.025505 0.753758 -0.044155 0.655171
1781254307.484687 3.097968 -0.074192 -0.594283 0.023624 0.927595 -0.049014 0.369605
1781254308.753077 2.728015 -0.061685 -0.792357 0.026089 0.998164 -0.051492 0.018342
1781254309.787761 2.393595 -0.055941 -0.650943 0.021376 0.948614 -0.047316 -0.312148
1781254310.855875 2.027010 -0.049478 -0.474433 0.020368 0.957277 -0.049352 -0.284201
1781254311.923929 1.645148 -0.042139 -0.459355 0.019646 0.989874 -0.055775 -0.129046
1781254313.025319 1.286433 -0.057845 -0.606870 0.019276 0.993228 -0.059453 0.097937
1781254314.093374 1.024913 -0.073328 -0.862042 0.017979 0.958067 -0.056378 0.280368
1781254315.194788 0.892602 -0.083257 -1.177066 0.016351 0.905953 -0.057849 0.419089
1781254316.229441 0.840637 -0.090698 -1.302656 0.015229 0.911535 -0.058670 0.406730
1781254318.465640 0.621019 -0.099124 -1.433874 0.017034 0.987187 -0.061633 0.146192
1781254319.533612 0.293713 -0.087065 -1.358961 0.017572 0.975631 -0.060792 -0.210095
1781254320.534804 0.010365 -0.072362 -1.117937 0.014950 0.920587 -0.054724 -0.386395
1781254321.669510 -0.349538 -0.043533 -0.797569 0.014195 0.880974 -0.053567 -0.469908
1781254322.770877 -0.538877 -0.017447 -0.463456 -0.012080 -0.748411 0.045634 0.661553
1781254323.905679 -0.391292 -0.004115 -0.203653 -0.007267 -0.363641 0.022977 0.931227
1781254325.007093 0.002972 -0.003225 -0.068714 -0.002528 -0.130697 0.006044 0.991401
1781254326.108552 0.126819 -0.008233 -0.053650 -0.003185 -0.081648 0.003173 0.996651
