1781254341.498186 0.0000000 0.0000000 0.0000000 -0.0000000 -0.0000000 -0.0000000 1.0000000
1781254343.265769 0.1334605 -0.0021866 0.0050465 0.0000179 0.0035711 -0.0014199 0.9999926
1781254343.299146 0.1405627 -0.0023266 0.0059369 0.0000406 0.0026200 -0.0014977 0.9999955
1781254343.499413 0.1846242 -0.0036727 0.0115284 -0.0002591 -0.0038806 -0.0011574 0.9999918
1781254343.733175 0.2385014 -0.0037529 0.0208726 -0.0002157 -0.0100471 -0.0007566 0.9999492
1781254344.000416 0.3015291 -0.0054862 0.0307674 -0.0013297 -0.0181715 -0.0004564 0.9998339
1781254344.301114 0.3758766 -0.0054201 0.0469484 -0.0019402 -0.0276039 -0.0000104 0.9996171
1781254344.701974 0.4827079 -0.0036457 0.0721520 -0.0016766 -0.0412399 0.0001673 0.9991478
1781254345.069192 0.5805135 -0.0046043 0.0953936 -0.0022269 -0.0522977 0.0005234 0.9986289
1781254345.436426 0.6790563 -0.0042359 0.1204918 -0.0020165 -0.0602866 0.0013369 0.9981782
1781254345.703482 0.7533141 -0.0044799 0.1414052 -0.0022187 -0.0643884 0.0015823 0.9979212
1781254345.870372 0.8014638 -0.0049412 0.1543882 -0.0019249 -0.0636340 0.0017201 0.9979700
1781254346.070640 0.8605261 -0.0041910 0.1694216 -0.0012619 -0.0622737 0.0017131 0.9980569
1781254346.304287 0.9388734 -0.0052723 0.1838649 -0.0012392 -0.0554070 0.0022015 0.9984607
1781254346.537936 1.0143371 -0.0062466 0.1935448 -0.0011400 -0.0399532 0.0014769 0.9991998
1781254346.771595 1.0947207 -0.0077079 0.1960299 -0.0010604 -0.0231013 0.0007168 0.9997324
1781254346.905116 1.1398039 -0.0108584 0.1925856 -0.0012678 -0.0104659 -0.0000331 0.9999444
1781254347.138783 1.2256109 -0.0131488 0.1855186 -0.0009125 0.0094375 -0.0009399 0.9999546
1781254347.505979 1.3500026 -0.0144165 0.1731248 -0.0002900 0.0422197 -0.0036490 0.9991016
1781254347.873125 1.4571574 -0.0174165 0.1634554 -0.0011279 0.0680141 -0.0063322 0.9976636
1781254348.273629 1.5634651 -0.0194143 0.1641294 -0.0016407 0.0729095 -0.0069621 0.9973130
1781254348.640758 1.6644278 -0.0220733 0.1673929 -0.0018658 0.0647431 -0.0068518 0.9978767
1781254348.941148 1.7423192 -0.0235208 0.1703265 -0.0020274 0.0590876 -0.0074007 0.9982233
1781254349.208160 1.8096585 -0.0268468 0.1702743 -0.0027504 0.0539176 -0.0070271 0.9985169
1781254349.508548 1.8814536 -0.0285273 0.1689208 -0.0030243 0.0522260 -0.0075763 0.9986020
1781254349.808920 1.9605243 -0.0286778 0.1661658 -0.0024270 0.0523374 -0.0071253 0.9986011
1781254350.109286 2.0401156 -0.0278180 0.1643755 -0.0018068 0.0544526 -0.0073277 0.9984878
1781254350.376273 2.1098666 -0.0283140 0.1607367 -0.0013183 0.0573732 -0.0071036 0.9983267
1781254350.609890 2.1739264 -0.0288928 0.1575939 -0.0009328 0.0588198 -0.0071659 0.9982425
1781254350.810155 2.2301800 -0.0303997 0.1534277 -0.0007073 0.0602400 -0.0072526 0.9981573
1781254351.043797 2.2980535 -0.0317553 0.1482754 -0.0001407 0.0643653 -0.0075385 0.9978979
1781254351.310818 2.3730907 -0.0344251 0.1369693 0.0001123 0.0747451 -0.0081233 0.9971696
1781254351.544460 2.4413702 -0.0388491 0.1214769 -0.0008491 0.0913160 -0.0084301 0.9957860
1781254351.778136 2.5102005 -0.0414471 0.1025638 -0.0005657 0.1098376 -0.0102715 0.9938964
1781254352.045214 2.5908506 -0.0457509 0.0756246 -0.0007494 0.1314125 -0.0121714 0.9912528
1781254352.278913 2.6647570 -0.0500082 0.0480622 -0.0013962 0.1582190 -0.0127948 0.9873202
1781254352.479229 2.7239971 -0.0513410 0.0224241 -0.0005187 0.1941008 -0.0151582 0.9808643
1781254352.746286 2.7937710 -0.0553454 -0.0142295 0.0000854 0.2538596 -0.0182330 0.9670692
1781254353.213568 2.8917139 -0.0616080 -0.0721696 0.0013574 0.3445147 -0.0237572 0.9384794
1781254354.081330 3.0164702 -0.0764078 -0.1937999 0.0026748 0.4736021 -0.0305726 0.8802041
1781254354.782164 3.0527463 -0.0764723 -0.3022814 0.0069618 0.5948568 -0.0384767 0.8028802
1781254355.316124 3.0658073 -0.0776723 -0.4121206 0.0097411 0.6767485 -0.0440574 0.7348303
1781254355.783352 3.0649061 -0.0810519 -0.5125935 0.0109817 0.7365518 -0.0485590 0.6745465
1781254356.651112 3.0113471 -0.0978982 -0.6735046 0.0117635 0.8225956 -0.0510560 0.5662079
1781254357.351956 2.9279618 -0.0998884 -0.8043725 0.0131847 0.8869969 -0.0568871 0.4580683
1781254358.086222 2.8041790 -0.1067350 -0.9013553 0.0145690 0.9402946 -0.0582143 0.3350297
1781254358.553507 2.7211752 -0.1108061 -0.9385223 0.0150294 0.9647893 -0.0590785 0.2558621
1781254358.954022 2.6472778 -0.1114821 -0.9567132 0.0156544 0.9798046 -0.0595378 0.1902453
1781254359.254406 2.5936899 -0.1113708 -0.9636197 0.0165596 0.9885197 -0.0599001 0.1377189
1781254359.521413 2.5438752 -0.1110146 -0.9623656 0.0170793 0.9941206 -0.0598349 0.0886134
1781254359.821804 2.4846518 -0.1094569 -0.9548268 0.0176559 0.9976715 -0.0597477 0.0277482
1781254360.188950 2.4096365 -0.1055015 -0.9355388 -0.0176360 -0.9966908 0.0592291 0.0528053
1781254360.489344 2.3456435 -0.1017003 -0.9105889 -0.0183065 -0.9909965 0.0590593 0.1187558
1781254360.823112 2.2808030 -0.1000886 -0.8764760 -0.0188313 -0.9805955 0.0578790 0.1863542
1781254361.123505 2.2218277 -0.0969370 -0.8412213 -0.0190938 -0.9704769 0.0575757 0.2334417
1781254361.524028 2.1560431 -0.0923130 -0.7948905 -0.0184292 -0.9548410 0.0560263 0.2912047
1781254361.891162 2.0978143 -0.0881410 -0.7470552 -0.0178921 -0.9407778 0.0550015 0.3340535
1781254362.258290 2.0358453 -0.0832854 -0.6912972 -0.0174126 -0.9281076 0.0543626 0.3679102
1781254362.491916 1.9952977 -0.0807434 -0.6514772 -0.0174913 -0.9229739 0.0536301 0.3807060
1781254362.892420 1.9156960 -0.0750065 -0.5811918 -0.0170956 -0.9210847 0.0535337 0.3852855
1781254363.292923 1.8284969 -0.0697899 -0.5162108 -0.0172270 -0.9257447 0.0533984 0.3739634
1781254363.593299 1.7615654 -0.0654827 -0.4758841 -0.0174480 -0.9328367 0.0537699 0.3558373
1781254364.027212 1.6753577 -0.0611721 -0.4335139 -0.0169955 -0.9404975 0.0540215 0.3350483
1781254364.360992 1.6084098 -0.0575072 -0.4103287 -0.0170921 -0.9488144 0.0553458 0.3104772
1781254364.694772 1.5387522 -0.0545594 -0.3969142 -0.0172209 -0.9574729 0.0557907 0.2825538
1781254365.028548 1.4666438 -0.0522503 -0.3876154 -0.0170000 -0.9661282 0.0560095 0.2513371
1781254365.328947 1.3972293 -0.0511814 -0.3842022 -0.0166927 -0.9742087 0.0562050 0.2178985
1781254365.562591 1.3458526 -0.0499361 -0.3844866 -0.0164037 -0.9796363 0.0565582 0.1919505
1781254365.829601 1.2916695 -0.0488826 -0.3924578 -0.0160592 -0.9846033 0.0571666 0.1644096
1781254366.129987 1.2319245 -0.0492504 -0.4023939 -0.0159248 -0.9898834 0.0578855 0.1285552
1781254366.430371 1.1708302 -0.0494613 -0.4161713 -0.0156666 -0.9939708 0.0584850 0.0914117
1781254366.630629 1.1329694 -0.0495990 -0.4296321 -0.0154677 -0.9959421 0.0587312 0.0664141
1781254366.964406 1.0672617 -0.0507247 -0.4564799 -0.0150023 -0.9978821 0.0591042 0.0226472
1781254367.231427 1.0137743 -0.0520219 -0.4856004 0.0151677 0.9980293 -0.0592989 0.0138278
1781254367.565205 0.9504216 -0.0529056 -0.5256776 0.0151366 0.9964660 -0.0585645 0.0582798
1781254367.798849 0.9128993 -0.0536010 -0.5557847 0.0148868 0.9943200 -0.0589266 0.0873712
1781254368.166005 0.8548707 -0.0556681 -0.6070014 0.0151609 0.9892498 -0.0578980 0.1334268
1781254368.466406 0.8101355 -0.0579467 -0.6534016 0.0147811 0.9834663 -0.0567074 0.1713476
1781254368.700050 0.7772880 -0.0590985 -0.6928623 0.0144016 0.9778777 -0.0564232 0.2009085
1781254368.900316 0.7497582 -0.0614198 -0.7303312 0.0135965 0.9716026 -0.0557922 0.2295447
1781254369.167336 0.7149657 -0.0636385 -0.7834945 0.0133420 0.9623283 -0.0558401 0.2657596
1781254369.367602 0.6909983 -0.0658483 -0.8237739 0.0134638 0.9545925 -0.0555294 0.2923840
1781254369.634623 0.6658614 -0.0682907 -0.8777751 0.0127702 0.9433011 -0.0559417 0.3269410
1781254369.902243 0.6418881 -0.0716355 -0.9364814 0.0126941 0.9304121 -0.0553125 0.3620949
1781254370.169894 0.6208095 -0.0751168 -0.9978233 0.0124942 0.9160521 -0.0543614 0.3971616
1781254370.504503 0.6029370 -0.0796611 -1.0690738 0.0119523 0.8991553 -0.0530191 0.4342417
1781254370.905295 0.5799134 -0.0832090 -1.1517785 0.0118987 0.8861848 -0.0521549 0.4602335
1781254371.339059 0.5456170 -0.0878441 -1.2270663 0.0115489 0.8879756 -0.0518290 0.4568148
1781254371.672717 0.5084597 -0.0894936 -1.2666683 0.0120835 0.9052277 -0.0529655 0.4214397
1781254371.939653 0.4717512 -0.0908348 -1.2882782 0.0118022 0.9212717 -0.0541734 0.3849474
1781254372.139851 0.4410991 -0.0916466 -1.3038381 0.0121272 0.9338163 -0.0547830 0.3533255
1781254372.340048 0.4079318 -0.0916493 -1.3191985 0.0122863 0.9450514 -0.0555501 0.3219335
1781254372.540240 0.3757568 -0.0924119 -1.3319014 0.0125361 0.9550258 -0.0562415 0.2908702
1781254372.773817 0.3355382 -0.0916544 -1.3442701 0.0125408 0.9655961 -0.0570462 0.2534020
1781254373.074146 0.2837870 -0.0927040 -1.3554580 0.0120901 0.9772121 -0.0579026 0.2038571
1781254373.541315 0.1968523 -0.0919844 -1.3617984 0.0121326 0.9911326 -0.0580392 0.1189140
1781254374.108582 0.0944907 -0.0919942 -1.3506926 0.0112934 0.9981951 -0.0583879 0.0083572
1781254376.477724 -0.0533970 -0.0776083 -1.2247829 -0.0122481 -0.9938825 0.0595438 0.0922064
1781254377.512136 -0.1665151 -0.0672230 -1.1051674 -0.0127060 -0.9878637 0.0596234 0.1428602
1781254378.379685 -0.2555248 -0.0589175 -0.9902875 -0.0123251 -0.9806664 0.0591848 0.1861146
1781254379.047112 -0.3389794 -0.0523456 -0.9014449 -0.0120453 -0.9740227 0.0591633 0.2182532
1781254379.714589 -0.4347494 -0.0462856 -0.8162998 -0.0116112 -0.9703504 0.0596310 0.2339432
1781254380.315218 -0.5156836 -0.0392778 -0.7480177 -0.0121118 -0.9676315 0.0601030 0.2448067
1781254380.815738 -0.6012381 -0.0336485 -0.6750435 -0.0132824 -0.9639461 0.0595497 0.2590084
1781254381.282896 -0.6877649 -0.0270838 -0.6014196 -0.0146976 -0.9576793 0.0599128 0.2811492
1781254382.017012 -0.7811695 -0.0202074 -0.4955952 -0.0152547 -0.9399848 0.0586092 0.3357989
1781254382.851251 -0.8308945 -0.0126475 -0.3910904 -0.0151465 -0.9115455 0.0567726 0.4069796
1781254384.119282 -0.7678695 0.0029481 -0.1634809 -0.0099891 -0.8117572 0.0505470 0.5817177
1781254385.387322 -0.5879089 0.0108247 -0.0402436 -0.0073951 -0.6793352 0.0431089 0.7325235
1781254386.489688 -0.3995416 0.0075179 -0.0018410 -0.0067143 -0.5279183 0.0337622 0.8485972
1781254387.959079 -0.2262408 0.0013847 0.0019936 -0.0065514 -0.3563385 0.0223482 0.9340667
1781254390.228623 -0.0672160 -0.0013225 -0.0447490 -0.0033128 -0.1598013 0.0094840 0.9870981
1781254391.964066 -0.0042499 -0.0055721 -0.0679954 -0.0031294 0.0233060 -0.0015980 0.9997222
1781254398.338544 -0.1361337 -0.1586568 -0.0403178 0.0167668 -0.0976165 -0.0282795 0.9946809
1781254400.007714 -0.0652978 -0.0721153 0.0714919 -0.1180790 0.0273467 -0.0027507 0.9926237
1781254400.441558 0.0299992 -0.0799104 0.0928331 -0.1020997 0.1267620 0.0019244 0.9866627
1781254400.842028 0.0644106 -0.1250600 0.0908283 -0.0504840 0.1695491 -0.0246240 0.9839198
1781254401.275874 0.0555187 -0.1779927 0.0818078 0.0027366 0.1730469 -0.0496000 0.9836601
1781254403.545400 -0.1451806 -0.1070909 0.0494604 -0.1064736 -0.0729167 -0.0072049 0.9916121
1781254404.813695 0.0304490 -0.1630139 0.0704395 0.0095110 0.0561094 -0.0572963 0.9967339
1781254405.547929 0.0460026 -0.2102153 0.0434982 0.0374500 0.0580493 -0.0808490 0.9943296
1781254405.881686 0.0473912 -0.2355271 0.0242242 0.0666610 0.0717266 -0.0627826 0.9932119
1781254410.153718 0.0741093 -0.2449994 0.0480144 0.0037227 0.0909116 -0.0401430 0.9950426
1781254410.520859 0.0272455 -0.2723000 0.1405111 0.0076398 0.1483222 -0.0497116 0.9876593
1781254410.921401 -0.0583032 -0.3161678 0.1967295 0.0140888 0.1635213 -0.0457638 0.9853771
1781254411.121682 -0.1104940 -0.3300788 0.1957702 0.0224952 0.1377868 -0.0384455 0.9894598
1781254411.388724 -0.1749107 -0.3144180 0.1753865 0.0285165 0.0838922 -0.0260183 0.9957269
1781254411.689149 -0.2126708 -0.2523790 0.1299196 0.0247190 0.0216187 -0.0101450 0.9994092
1781254412.156423 -0.1939776 -0.1278167 0.0909332 -0.0039563 -0.0276170 -0.0037903 0.9996036
1781254412.890704 -0.0726892 -0.0123755 0.1062459 -0.0043606 0.0152187 -0.0255746 0.9995476
1781254413.224459 -0.0395110 0.0036183 0.1064803 0.0017866 0.0164223 -0.0027348 0.9998598
