1781254341.179440 0.0000000 0.0000000 0.0000000 -0.0000000 -0.0000000 -0.0000000 1.0000000
1781254343.299146 0.1415942 -0.0043400 0.0051176 -0.0005455 0.0021475 -0.0008887 0.9999972
1781254343.332524 0.1488003 -0.0048015 0.0057051 -0.0005773 0.0015212 -0.0009256 0.9999983
1781254343.532792 0.1928156 -0.0042024 0.0129345 -0.0002827 -0.0045784 -0.0004563 0.9999894
1781254343.799981 0.2548555 -0.0042672 0.0226633 -0.0005505 -0.0122789 -0.0002035 0.9999244
1781254344.067233 0.3177219 -0.0044871 0.0348755 -0.0011663 -0.0202225 0.0001770 0.9997948
1781254344.434775 0.4096687 -0.0032771 0.0554606 -0.0009429 -0.0322342 0.0005916 0.9994797
1781254344.768739 0.4991144 -0.0035502 0.0752808 -0.0015592 -0.0428630 0.0005677 0.9990796
1781254345.102577 0.5880761 -0.0040159 0.0962436 -0.0019788 -0.0519019 0.0010146 0.9986497
1781254345.436426 0.6776364 -0.0037635 0.1191182 -0.0021552 -0.0599729 0.0015728 0.9981965
1781254345.736860 0.7641701 -0.0052827 0.1420048 -0.0024115 -0.0639243 0.0022209 0.9979494
1781254346.003884 0.8420995 -0.0043024 0.1631514 -0.0015247 -0.0644052 0.0021400 0.9979204
1781254346.237531 0.9177478 -0.0054818 0.1791426 -0.0013201 -0.0593975 0.0024932 0.9982304
1781254346.437801 0.9831410 -0.0062216 0.1888306 -0.0014712 -0.0480627 0.0018113 0.9988416
1781254346.638074 1.0495778 -0.0080592 0.1939323 -0.0016078 -0.0332639 0.0015766 0.9994441
1781254346.871736 1.1308211 -0.0092635 0.1932889 -0.0012787 -0.0145634 0.0004805 0.9998931
1781254347.105402 1.2156349 -0.0107862 0.1876056 -0.0002253 0.0062356 -0.0006977 0.9999803
1781254347.305689 1.2852867 -0.0152505 0.1798092 -0.0013915 0.0245860 -0.0019789 0.9996948
1781254347.639495 1.3928928 -0.0166103 0.1669634 -0.0008374 0.0529189 -0.0043255 0.9985891
1781254348.006627 1.4981171 -0.0196883 0.1616985 -0.0019907 0.0723374 -0.0060339 0.9973600
1781254348.340379 1.5855660 -0.0206589 0.1650935 -0.0024815 0.0692811 -0.0067577 0.9975712
1781254348.740888 1.6949466 -0.0209313 0.1698516 -0.0018365 0.0613704 -0.0062781 0.9980937
1781254349.007900 1.7641509 -0.0229663 0.1714757 -0.0021051 0.0562980 -0.0067711 0.9983888
1781254349.174783 1.8039540 -0.0234039 0.1721329 -0.0016453 0.0544833 -0.0065547 0.9984918
1781254349.441795 1.8679495 -0.0241875 0.1715402 -0.0019060 0.0509093 -0.0067062 0.9986790
1781254349.708798 1.9366441 -0.0262431 0.1687325 -0.0023468 0.0509161 -0.0067938 0.9986771
1781254350.009164 2.0173318 -0.0261849 0.1662673 -0.0018798 0.0520384 -0.0063704 0.9986230
1781254350.276153 2.0876703 -0.0266470 0.1636050 -0.0017130 0.0542237 -0.0064300 0.9985067
1781254350.509767 2.1494944 -0.0268212 0.1611639 -0.0010454 0.0563371 -0.0067046 0.9983888
1781254350.643268 2.1870334 -0.0291623 0.1570010 -0.0014219 0.0568527 -0.0066320 0.9983596
1781254350.843532 2.2436798 -0.0296384 0.1540982 -0.0009954 0.0585844 -0.0068118 0.9982587
1781254351.077175 2.3130589 -0.0321084 0.1477747 -0.0010228 0.0614025 -0.0067441 0.9980898
1781254351.310818 2.3780272 -0.0352740 0.1371512 -0.0009801 0.0725007 -0.0074102 0.9973404
1781254351.511082 2.4384489 -0.0377031 0.1252071 -0.0015885 0.0851909 -0.0080352 0.9963310
1781254351.744751 2.5058682 -0.0405413 0.1071441 -0.0011706 0.1045392 -0.0098753 0.9944711
1781254352.045214 2.5975270 -0.0447443 0.0779563 -0.0011745 0.1290855 -0.0120880 0.9915591
1781254352.278913 2.6719666 -0.0474890 0.0505659 -0.0009664 0.1557318 -0.0129983 0.9877134
1781254352.412457 2.7119756 -0.0507913 0.0324203 -0.0016895 0.1775801 -0.0144346 0.9839991
1781254352.546002 2.7507944 -0.0518308 0.0153058 -0.0007321 0.2058418 -0.0157058 0.9784590
1781254352.779663 2.8108149 -0.0557532 -0.0178979 -0.0004427 0.2581028 -0.0179368 0.9659508
1781254353.080059 2.8747346 -0.0582320 -0.0534206 0.0008545 0.3209628 -0.0219096 0.9468380
1781254353.747593 2.9933808 -0.0675048 -0.1432228 0.0031444 0.4121313 -0.0262470 0.9107409
1781254354.515182 3.0548365 -0.0751611 -0.2584491 0.0047776 0.5455928 -0.0354584 0.8372864
1781254355.015773 3.0746894 -0.0797629 -0.3460345 0.0067719 0.6264297 -0.0396658 0.7784386
1781254355.382868 3.0829017 -0.0852913 -0.4297888 0.0073390 0.6802089 -0.0433532 0.7316984
1781254355.783352 3.0837383 -0.0854302 -0.5137465 0.0090155 0.7321692 -0.0481792 0.6793569
1781254356.617738 3.0374291 -0.0997055 -0.6592312 0.0103065 0.8169696 -0.0513729 0.5742955
1781254357.218463 2.9702334 -0.1036385 -0.7731571 0.0112575 0.8743631 -0.0564436 0.4818471
1781254357.885957 2.8668098 -0.1085131 -0.8735557 0.0129330 0.9258984 -0.0588308 0.3729396
1781254358.453375 2.7657750 -0.1111851 -0.9287789 0.0141014 0.9592414 -0.0606519 0.2756420
1781254358.753766 2.7077420 -0.1150630 -0.9442792 0.0144146 0.9716029 -0.0608382 0.2282079
1781254359.120903 2.6434474 -0.1153537 -0.9572048 0.0150000 0.9842693 -0.0610671 0.1651053
1781254359.387910 2.5941365 -0.1143253 -0.9600661 0.0160193 0.9910336 -0.0616403 0.1174574
1781254359.621541 2.5481308 -0.1144359 -0.9579023 0.0166949 0.9953011 -0.0615569 0.0728548
1781254359.855181 2.5001006 -0.1131315 -0.9499964 0.0169902 0.9976580 -0.0613432 0.0250377
1781254360.188950 2.4330227 -0.1091864 -0.9334579 -0.0171943 -0.9967996 0.0609471 0.0487887
1781254360.489344 2.3705404 -0.1065709 -0.9070196 -0.0176245 -0.9913321 0.0605179 0.1152723
1781254360.856489 2.2978082 -0.1052290 -0.8716036 -0.0185064 -0.9800058 0.0595318 0.1889502
1781254361.123505 2.2479327 -0.1027410 -0.8393652 -0.0189797 -0.9711258 0.0590539 0.2303628
1781254361.524028 2.1823556 -0.0988810 -0.7937345 -0.0181497 -0.9556722 0.0573050 0.2882315
1781254361.857787 2.1285472 -0.0941383 -0.7507337 -0.0179696 -0.9430578 0.0567850 0.3272530
1781254362.191540 2.0740180 -0.0908877 -0.7014328 -0.0176143 -0.9312053 0.0555316 0.3598093
1781254362.491916 2.0198920 -0.0866781 -0.6515201 -0.0173226 -0.9241388 0.0549485 0.3776877
1781254362.859045 1.9481602 -0.0817640 -0.5850672 -0.0172589 -0.9218346 0.0547036 0.3833153
1781254363.292923 1.8526425 -0.0748918 -0.5170641 -0.0173758 -0.9268489 0.0549354 0.3709869
1781254363.626677 1.7789444 -0.0716074 -0.4746014 -0.0175036 -0.9342142 0.0551103 0.3519947
1781254363.960457 1.7141684 -0.0677153 -0.4423841 -0.0169524 -0.9400067 0.0555260 0.3361799
1781254364.260858 1.6541452 -0.0647138 -0.4171655 -0.0169014 -0.9470084 0.0561958 0.3158028
1781254364.628017 1.5775719 -0.0617165 -0.3992747 -0.0170882 -0.9572105 0.0566146 0.2832858
1781254365.028548 1.4921956 -0.0590581 -0.3895843 -0.0167743 -0.9668279 0.0571949 0.2483772
1781254365.395703 1.4092019 -0.0571219 -0.3888581 -0.0161483 -0.9763966 0.0576865 0.2075121
1781254365.629345 1.3568343 -0.0571721 -0.3893350 -0.0162947 -0.9812198 0.0579561 0.1832575
1781254365.929729 1.2945350 -0.0570149 -0.3978857 -0.0160006 -0.9869181 0.0582505 0.1494776
1781254366.263491 1.2294796 -0.0567699 -0.4114309 -0.0156293 -0.9922320 0.0591920 0.1082954
1781254366.530499 1.1785125 -0.0570106 -0.4278438 -0.0154735 -0.9952085 0.0597156 0.0758594
1781254366.764140 1.1332982 -0.0566031 -0.4460802 -0.0149474 -0.9969682 0.0604701 0.0466312
1781254366.997783 1.0882578 -0.0567376 -0.4667305 -0.0148972 -0.9979270 0.0606041 0.0157180
1781254367.231427 1.0406929 -0.0579102 -0.4926816 0.0150267 0.9978992 -0.0607041 0.0169246
1781254367.498450 0.9906436 -0.0588947 -0.5254365 0.0149084 0.9966615 -0.0601662 0.0531387
1781254367.732094 0.9499132 -0.0600395 -0.5544726 0.0147211 0.9947202 -0.0599082 0.0820121
1781254368.065871 0.8972089 -0.0616109 -0.6001450 0.0144192 0.9903302 -0.0595065 0.1244876
1781254368.332895 0.8566753 -0.0632028 -0.6408459 0.0144555 0.9855417 -0.0587447 0.1582647
1781254368.599918 0.8195394 -0.0656425 -0.6845930 0.0139132 0.9797401 -0.0581004 0.1911549
1781254368.800183 0.7925767 -0.0677625 -0.7193397 0.0134768 0.9744549 -0.0573509 0.2167185
1781254369.033826 0.7617561 -0.0706423 -0.7654296 0.0129906 0.9667185 -0.0569884 0.2490763
1781254369.234091 0.7370415 -0.0718901 -0.8065282 0.0128667 0.9591098 -0.0571944 0.2768964
1781254369.601246 0.6994675 -0.0748175 -0.8809565 0.0119683 0.9436818 -0.0573636 0.3256237
1781254369.835335 0.6782115 -0.0773106 -0.9316647 0.0122826 0.9326287 -0.0573093 0.3560457
1781254370.136436 0.6538306 -0.0815898 -1.0006087 0.0117032 0.9165117 -0.0561821 0.3958700
1781254370.471040 0.6369512 -0.0854191 -1.0729645 0.0114073 0.8995579 -0.0550348 0.4331703
1781254370.738459 0.6223502 -0.0901401 -1.1291571 0.0110904 0.8891234 -0.0537375 0.4543666
1781254371.205595 0.5902630 -0.0949486 -1.2175488 0.0107091 0.8832392 -0.0531706 0.4657755
1781254371.439156 0.5687450 -0.0972617 -1.2509956 0.0107178 0.8904913 -0.0532300 0.4517488
1781254371.706084 0.5369641 -0.0989564 -1.2800388 0.0111623 0.9058602 -0.0544883 0.4199093
1781254371.939653 0.5058052 -0.1000373 -1.2998450 0.0109519 0.9200467 -0.0553524 0.3877243
1781254372.106485 0.4801478 -0.1009558 -1.3124994 0.0112257 0.9307180 -0.0559145 0.3612638
1781254372.340048 0.4417360 -0.1019476 -1.3292651 0.0118875 0.9441205 -0.0563404 0.3245318
1781254372.573606 0.4036862 -0.1026621 -1.3422149 0.0115085 0.9556998 -0.0573330 0.2884759
1781254372.840557 0.3593531 -0.1028919 -1.3554620 0.0115938 0.9677879 -0.0579444 0.2447341
1781254373.140885 0.3061089 -0.1031660 -1.3665975 0.0113599 0.9789991 -0.0589983 0.1948099
1781254373.541315 0.2290404 -0.1030499 -1.3705077 0.0113993 0.9907151 -0.0589065 0.1219988
1781254374.008477 0.1418254 -0.1019762 -1.3639004 0.0112667 0.9976906 -0.0596366 0.0304988
1781254374.475627 0.0752025 -0.1000515 -1.3431181 -0.0108374 -0.9970064 0.0599971 0.0475513
1781254376.577826 -0.0352158 -0.0876206 -1.2225705 -0.0117567 -0.9934503 0.0603246 0.0963286
1781254377.311930 -0.1187064 -0.0812019 -1.1402018 -0.0124964 -0.9896917 0.0603425 0.1292785
1781254377.945916 -0.1823179 -0.0743879 -1.0584508 -0.0117321 -0.9854127 0.0603287 0.1586967
1781254378.546516 -0.2496800 -0.0691641 -0.9801126 -0.0114069 -0.9796350 0.0600093 0.1912697
1781254379.147236 -0.3253795 -0.0634186 -0.8999220 -0.0114943 -0.9740311 0.0599933 0.2180188
1781254379.714589 -0.4096288 -0.0582647 -0.8280985 -0.0113356 -0.9712959 0.0604877 0.2297761
1781254380.315218 -0.4915452 -0.0517600 -0.7606274 -0.0114123 -0.9685928 0.0608115 0.2408313
1781254380.782370 -0.5722369 -0.0466229 -0.6928113 -0.0127674 -0.9654379 0.0604858 0.2531958
1781254381.216160 -0.6549792 -0.0395620 -0.6246293 -0.0138177 -0.9598754 0.0609373 0.2733771
1781254381.850163 -0.7447461 -0.0334578 -0.5344663 -0.0142119 -0.9475789 0.0600173 0.3135129
1781254382.584290 -0.8038563 -0.0248065 -0.4386742 -0.0140950 -0.9221606 0.0591131 0.3820037
1781254383.585385 -0.8093121 -0.0099702 -0.2816116 -0.0108803 -0.8706831 0.0563500 0.4884847
1781254384.653162 -0.6941000 0.0044068 -0.1018628 -0.0078629 -0.7674053 0.0514161 0.6390490
1781254385.721105 -0.5014763 0.0046180 -0.0345474 -0.0070736 -0.6323569 0.0430394 0.7734483
1781254386.890568 -0.3199308 0.0042949 0.0004896 -0.0071326 -0.4829931 0.0336065 0.8749499
1781254389.194007 -0.1531663 -0.0054064 -0.0446141 -0.0063851 -0.2777422 0.0179652 0.9604664
1781254391.129714 -0.0083326 -0.0057821 -0.0602346 -0.0037693 -0.0514776 0.0032792 0.9986616
1781254392.764976 -0.0237787 -0.0068246 -0.0615150 -0.0030835 0.0558703 -0.0017697 0.9984317
1781254397.537541 -0.0808116 -0.1660863 -0.0526105 0.0598252 0.0052130 -0.0341522 0.9976109
1781254398.371919 -0.1370487 -0.1564056 -0.0393766 0.0131489 -0.1045142 -0.0256747 0.9941050
1781254398.906014 -0.1705535 -0.1364393 -0.0199804 -0.0315890 -0.1838829 -0.0075308 0.9824116
1781254399.507031 -0.1412283 -0.0950173 0.0319509 -0.0898310 -0.0904862 -0.0027381 0.9918342
1781254399.907596 -0.0855521 -0.0763850 0.0630453 -0.1163445 0.0023038 -0.0036601 0.9931995
1781254400.174577 -0.0280562 -0.0734700 0.0821708 -0.1168199 0.0653807 0.0013982 0.9909977
1781254400.374814 0.0176353 -0.0771103 0.0902427 -0.1072741 0.1129455 0.0035530 0.9877869
1781254400.675164 0.0589757 -0.1052383 0.0940683 -0.0759448 0.1602824 -0.0104515 0.9840898
1781254401.409364 0.0413190 -0.1965248 0.0771385 0.0103167 0.1594877 -0.0568731 0.9855064
1781254402.543991 -0.1072155 -0.2230335 0.0088624 0.0225046 -0.0630737 -0.0448835 0.9967450
1781254403.011283 -0.1632554 -0.1820354 0.0048678 -0.0308730 -0.1282572 -0.0280987 0.9908620
1781254404.880444 0.0385902 -0.1667249 0.0707303 0.0094357 0.0595409 -0.0598062 0.9963880
1781254405.648051 0.0498541 -0.2179023 0.0381338 0.0456986 0.0639892 -0.0752698 0.9940581
1781254406.482466 -0.0097637 -0.2649631 -0.0200800 0.0986779 0.0240326 -0.0697946 0.9923779
1781254410.387353 0.0463955 -0.2595320 0.1131380 0.0056049 0.1268126 -0.0467685 0.9908077
1781254410.654364 0.0003103 -0.2865846 0.1698487 0.0062356 0.1655328 -0.0520967 0.9848076
1781254410.988161 -0.0740281 -0.3204936 0.1957073 0.0179950 0.1570043 -0.0432243 0.9864875
1781254411.355344 -0.1636073 -0.3182126 0.1769314 0.0281887 0.0889821 -0.0267694 0.9952743
1781254413.324585 -0.0348577 0.0041441 0.1055266 0.0012559 0.0177311 0.0061750 0.9998229
