1781254170.680425 0.000000 0.000000 0.000000 0.000000 0.000000 0.000000 1.000000
1781254172.782130 -0.009397 -0.005620 -0.125159 0.001663 0.044981 -0.001668 0.998985
1781254173.916651 0.010773 -0.022299 -0.311513 0.000992 0.068355 -0.000630 0.997660
1781254174.987366 0.062445 -0.030000 -0.499847 0.001504 0.068844 -0.001549 0.997625
1781254176.089277 0.225560 -0.036334 -0.582379 0.001547 0.132778 -0.006535 0.991123
1781254177.090050 0.325596 -0.038926 -0.504800 -0.002100 0.078900 -0.001642 0.996879
1781254178.257747 0.431263 -0.027161 -0.326723 0.000025 0.080887 -0.001933 0.996721
1781254179.358875 0.598519 -0.026316 -0.248457 0.001836 0.056696 -0.001810 0.998388
1781254180.426566 0.714276 -0.038451 -0.379143 0.000415 0.165907 -0.007803 0.986110
1781254181.694731 0.737642 -0.064927 -0.698787 -0.002809 0.222955 -0.011043 0.974762
1781254182.829625 0.719251 -0.089429 -0.961317 -0.004400 0.186704 -0.009866 0.982357
1781254183.830976 0.794183 -0.100664 -1.128091 -0.003964 0.128908 -0.008672 0.991611
1781254185.132627 1.016570 -0.098752 -1.000909 -0.005446 0.144451 -0.009021 0.989456
1781254186.133689 1.181235 -0.075365 -0.736271 -0.003724 0.147609 -0.011710 0.988970
1781254187.168416 1.332580 -0.059823 -0.483955 -0.002525 0.083530 -0.009665 0.996455
1781254188.169558 1.543960 -0.059061 -0.370852 -0.003333 0.035530 -0.007552 0.999335
1781254189.370906 1.696429 -0.071687 -0.553874 -0.000487 0.173573 -0.012859 0.984737
1781254190.472309 1.677838 -0.097038 -0.864286 -0.001091 0.178990 -0.012207 0.983775
1781254191.507697 1.714037 -0.118048 -1.093719 -0.000707 0.196539 -0.015125 0.980379
1781254192.709131 1.979304 -0.098380 -0.936513 0.001611 0.241136 -0.018902 0.970306
1781254193.777069 2.180972 -0.078927 -0.671891 0.006007 0.265355 -0.019887 0.963927
1781254194.878399 2.342132 -0.061385 -0.402211 0.008314 0.244743 -0.019275 0.969361
1781254196.480359 2.593409 -0.063258 -0.336031 0.007085 0.186770 -0.018663 0.982201
1781254197.548370 2.705361 -0.075814 -0.535848 0.007807 0.158271 -0.016465 0.987228
1781254198.583196 2.745383 -0.088437 -0.800184 0.005590 0.093431 -0.012500 0.995532
1781254199.584674 2.777944 -0.115716 -1.042355 0.001650 0.062830 -0.011646 0.997955
1781254200.586058 3.005144 -0.117149 -1.053546 0.004531 0.136732 -0.016746 0.990456
1781254201.787669 3.149791 -0.100598 -0.790071 0.006149 0.122828 -0.015121 0.992294
1781254202.855838 3.316801 -0.082609 -0.602959 0.010504 0.072759 -0.015581 0.997173
1781254203.990828 3.525011 -0.092142 -0.657224 0.014159 0.204255 -0.022344 0.978560
1781254205.159148 3.563555 -0.106883 -0.962482 0.015448 0.245331 -0.021495 0.969078
1781254206.227211 3.555993 -0.125120 -1.274081 0.013764 0.255214 -0.021459 0.966548
1781254207.261929 3.692481 -0.140776 -1.413975 0.012992 0.284997 -0.024115 0.958137
1781254208.396746 3.933335 -0.131590 -1.143445 0.014504 0.279099 -0.022124 0.959898
1781254209.531531 4.132403 -0.124283 -0.827367 0.016165 0.312377 -0.023908 0.949520
1781254210.666331 4.167332 -0.125572 -0.774935 0.017618 0.489206 -0.031853 0.871409
1781254211.901262 4.105760 -0.140238 -1.141076 0.023109 0.691282 -0.039748 0.721121
1781254212.969298 4.003876 -0.153666 -1.533834 0.022176 0.841107 -0.048168 0.538263
1781254214.070727 3.884878 -0.175754 -1.738748 0.011709 0.967441 -0.053762 0.247043
1781254215.105547 3.787614 -0.165239 -1.594001 0.015577 0.991897 -0.056523 -0.112710
1781254216.340517 3.783224 -0.141170 -1.205103 0.015873 0.980345 -0.056463 -0.188370
1781254217.408573 3.617780 -0.128617 -1.048213 0.014527 0.964861 -0.054779 -0.256577
1781254218.543385 3.398890 -0.136914 -1.268542 0.016586 0.979897 -0.056213 -0.190698
1781254219.678234 3.196693 -0.157312 -1.576520 0.017361 0.972843 -0.055372 -0.224074
1781254220.813063 2.963242 -0.155337 -1.610838 0.017996 0.983581 -0.056642 -0.170401
1781254221.814398 2.907588 -0.141596 -1.378926 0.019685 0.984118 -0.056264 -0.167211
1781254223.085024 2.900218 -0.126732 -1.032667 0.018485 0.988734 -0.056546 -0.137353
1781254224.119908 2.745454 -0.101245 -0.871884 0.016697 0.980268 -0.056785 -0.188605
1781254225.254458 2.523635 -0.100239 -0.981158 0.017584 0.987752 -0.057943 -0.143802
1781254226.455767 2.380988 -0.107939 -1.161470 0.016403 0.993762 -0.058027 -0.093814
1781254227.657132 2.154315 -0.092753 -1.007624 0.015208 0.986490 -0.057809 -0.152529
1781254228.691633 2.007478 -0.079981 -0.750734 0.015559 0.981389 -0.056716 -0.182802
1781254229.692667 1.876388 -0.072976 -0.640330 0.012820 0.984460 -0.056080 -0.165919
1781254230.893945 1.674198 -0.086331 -0.953390 0.015258 0.979902 -0.057104 -0.190520
1781254232.028460 1.500240 -0.108247 -1.390514 0.015555 0.979869 -0.057442 -0.190564
1781254233.096188 1.363059 -0.124739 -1.713431 0.014623 0.989888 -0.060777 -0.127333
1781254234.131067 1.152516 -0.132558 -1.872024 0.011404 0.995474 -0.061067 -0.071913
1781254235.432549 0.915819 -0.122414 -1.793604 0.011474 0.987688 -0.060852 -0.143661
1781254236.567068 0.915885 -0.107577 -1.516481 0.013207 0.986097 -0.059715 -0.154508
1781254237.601564 1.012750 -0.089502 -1.202885 0.012139 0.980746 -0.059084 -0.185738
1781254238.803854 1.081459 -0.069113 -0.842868 0.013847 0.978695 -0.059000 -0.196174
1781254240.072836 0.944365 -0.056179 -0.587547 0.013703 0.968002 -0.057183 -0.243955
1781254241.107445 0.687545 -0.056680 -0.682083 0.011292 0.979023 -0.058558 -0.194825
1781254242.308897 0.533505 -0.076356 -1.100829 0.010346 0.986305 -0.061619 -0.152636
1781254244.511716 0.177209 -0.055460 -0.955917 0.011362 0.984616 -0.063000 -0.162581
1781254245.679778 0.095844 -0.035745 -0.661771 0.012653 0.986794 -0.061688 -0.149237
1781254246.680927 0.047556 -0.022032 -0.401869 0.011441 0.986843 -0.059830 -0.149768
1781254247.949082 -0.151659 -0.015487 -0.383376 0.009773 0.983922 -0.060300 -0.167830
1781254249.017013 -0.234733 -0.026674 -0.571337 0.011416 0.925709 -0.057991 -0.373589
1781254250.118602 -0.208261 -0.025531 -0.512426 -0.010437 -0.795203 0.050745 0.604126
1781254251.153359 -0.083185 -0.011326 -0.242488 -0.006526 -0.580395 0.036581 0.813487
1781254252.455127 0.102817 -0.014449 -0.172011 -0.003060 -0.165528 0.010359 0.986146
1781254253.556641 0.449664 -0.023546 -0.275230 0.001522 0.046010 -0.002289 0.998937
1781254254.791723 0.759148 -0.035335 -0.323984 0.001281 0.127692 -0.007876 0.991782
