0.431263 -0.027161 -0.326723 0.449664 -0.023546 -0.275230
0.714276 -0.038451 -0.379143 0.759148 -0.035335 -0.323984
1.696429 -0.071687 -0.553874 3.005144 -0.117149 -1.053546
1.696429 -0.071687 -0.553874 3.149791 -0.100598 -0.790071
3.005144 -0.117149 -1.053546 1.696429 -0.071687 -0.553874
3.149791 -0.100598 -0.790071 1.696429 -0.071687 -0.553874
3.617780 -0.128617 -1.048213 1.876388 -0.072976 -0.640330
1.876388 -0.072976 -0.640330 3.617780 -0.128617 -1.048213
0.449664 -0.023546 -0.275230 0.431263 -0.027161 -0.326723
0.759148 -0.035335 -0.323984 0.714276 -0.038451 -0.379143
