1781254002.971368 0.0000000 0.0000000 0.0000000 -0.0000000 -0.0000000 -0.0000000 1.0000000
1781254007.849235 0.0957133 -0.0010643 0.0006244 0.0020759 0.0228249 -0.0023619 0.9997345
1781254007.882638 0.0994924 -0.0013927 0.0005590 0.0021458 0.0240387 -0.0021832 0.9997064
1781254008.049663 0.1178725 -0.0015668 0.0000401 0.0022115 0.0321520 -0.0025827 0.9994772
1781254008.984511 0.2190101 -0.0031442 -0.0040674 0.0026439 0.0684721 -0.0042117 0.9976407
1781254009.919333 0.3119247 -0.0033038 -0.0049814 0.0031767 0.0913352 -0.0053317 0.9958009
1781254010.720764 0.3917580 -0.0042879 -0.0018757 0.0031589 0.1235239 -0.0076839 0.9923068
1781254011.556141 0.4743237 -0.0041425 -0.0070115 0.0041875 0.1756556 -0.0121401 0.9843679
1781254012.359874 0.5593615 -0.0086145 -0.0359493 0.0039401 0.2502468 -0.0181390 0.9680042
1781254013.260383 0.6314676 -0.0114472 -0.0710818 0.0047664 0.3223440 -0.0228352 0.9463351
1781254013.860917 0.6642600 -0.0149436 -0.1113301 0.0052598 0.4168757 -0.0297095 0.9084626
1781254014.761746 0.6991885 -0.0227896 -0.1890071 0.0064384 0.5240856 -0.0358383 0.8508869
1781254015.495757 0.7163702 -0.0300602 -0.2613823 0.0073130 0.6120788 -0.0411083 0.7896938
1781254016.330037 0.7128342 -0.0345267 -0.3236553 0.0081769 0.7065934 -0.0461279 0.7060674
1781254017.431261 0.6705857 -0.0407525 -0.4255763 0.0095255 0.8178427 -0.0513469 0.5730672
1781254019.934159 0.4458689 -0.0547929 -0.7247323 0.0135731 0.9184253 -0.0606446 0.3906826
1781254021.869858 0.2296816 -0.0693418 -0.9660854 0.0135200 0.9362475 -0.0609587 0.3457484
1781254023.137990 0.0564898 -0.0789824 -1.1388758 0.0129319 0.9433206 -0.0619456 0.3257939
1781254024.472881 -0.1105777 -0.0914457 -1.3178799 0.0108725 0.9416738 -0.0602241 0.3309161
1781254025.741060 -0.2204087 -0.1013282 -1.4898512 0.0103203 0.9191722 -0.0577352 0.3894646
1781254026.742086 -0.2890189 -0.1092956 -1.6070451 0.0108699 0.9146720 -0.0576768 0.3999130
1781254027.342703 -0.3439841 -0.1141552 -1.7133769 0.0111968 0.9122875 -0.0588084 0.4051515
1781254027.944196 -0.4062567 -0.1189138 -1.8013448 0.0116583 0.9216886 -0.0591227 0.3832216
1781254028.412120 -0.4639626 -0.1228478 -1.8584671 0.0119140 0.9314100 -0.0598566 0.3588187
1781254029.079676 -0.5440021 -0.1269427 -1.9444088 0.0114910 0.9357932 -0.0604377 0.3471403
1781254029.613715 -0.6185353 -0.1307994 -2.0104511 0.0107285 0.9432797 -0.0602155 0.3263164
1781254030.214507 -0.7088158 -0.1352740 -2.0869446 0.0100271 0.9488419 -0.0597574 0.3098832
1781254030.715194 -0.7752237 -0.1389642 -2.1451106 0.0091325 0.9492347 -0.0597282 0.3087113
1781254031.215895 -0.8454261 -0.1417238 -2.2052281 0.0087984 0.9472707 -0.0596874 0.3147035
1781254031.749982 -0.9058158 -0.1458047 -2.2601519 0.0081082 0.9442840 -0.0598938 0.3235348
1781254032.284072 -0.9638169 -0.1497011 -2.3123996 0.0074576 0.9425070 -0.0596388 0.3287374
1781254032.751408 -1.0240350 -0.1510380 -2.3639874 0.0080811 0.9428632 -0.0599879 0.3276358
1781254033.051840 -1.0714343 -0.1526997 -2.4009163 0.0079803 0.9445005 -0.0599211 0.3229004
1781254033.285511 -1.1160264 -0.1548734 -2.4308686 0.0079926 0.9463669 -0.0595906 0.3174505
1781254033.519179 -1.1589732 -0.1564931 -2.4621730 0.0081828 0.9474730 -0.0598792 0.3140741
1781254033.919752 -1.2222872 -0.1594989 -2.5220826 0.0079593 0.9436517 -0.0602119 0.3253192
1781254034.286943 -1.2785492 -0.1619403 -2.5831356 0.0075426 0.9386073 -0.0607325 0.3395160
1781254034.687495 -1.3359115 -0.1656331 -2.6359596 0.0077110 0.9409778 -0.0605648 0.3329162
1781254035.121413 -1.3988752 -0.1706724 -2.6909838 0.0079667 0.9434942 -0.0596901 0.3258716
1781254035.555358 -1.4702094 -0.1745657 -2.7536139 0.0075181 0.9455992 -0.0602686 0.3196144
1781254036.122890 -1.5507112 -0.1803065 -2.8260789 0.0072072 0.9476439 -0.0590892 0.3137316
1781254036.490099 -1.6073925 -0.1830965 -2.8804131 0.0076118 0.9482728 -0.0586794 0.3118933
1781254036.790491 -1.6567786 -0.1842846 -2.9247749 0.0080112 0.9497383 -0.0586167 0.3074037
1781254037.157633 -1.7118289 -0.1875241 -2.9793024 0.0084819 0.9498770 -0.0584439 0.3069953
1781254037.458025 -1.7549624 -0.1909713 -3.0251839 0.0081236 0.9485136 -0.0577670 0.3113182
1781254037.725046 -1.7960372 -0.1926207 -3.0581601 0.0083749 0.9524184 -0.0581495 0.2990781
1781254038.025444 -1.8464990 -0.1946632 -3.0832229 0.0084301 0.9604057 -0.0586749 0.2722261
1781254038.459357 -1.9222441 -0.1947200 -3.1028638 0.0096207 0.9771479 -0.0604992 0.2035416
1781254038.960053 -2.0175631 -0.1952364 -3.1090722 0.0101727 0.9922316 -0.0611600 0.1078539
1781254040.195091 -2.2174561 -0.1885730 -3.0478899 -0.0090290 -0.9890362 0.0624352 0.1335203
1781254040.830380 -2.3067994 -0.1771140 -2.9752007 -0.0097266 -0.9645274 0.0627074 0.2562420
1781254041.298956 -2.3727026 -0.1689616 -2.9064581 -0.0093710 -0.9389220 0.0617209 0.3384202
1781254041.899891 -2.4664228 -0.1550762 -2.8121881 -0.0076267 -0.9077893 0.0629508 0.4146053
1781254042.834218 -2.5275326 -0.1523591 -2.6872253 -0.0093505 -0.8475330 0.0581067 0.5274695
1781254043.601757 -2.5324593 -0.1429611 -2.5620053 -0.0073183 -0.7624409 0.0514930 0.6449642
1781254044.436038 -2.4917841 -0.1357508 -2.4338999 -0.0075757 -0.6794347 0.0463620 0.7322306
1781254045.103359 -2.4423041 -0.1311007 -2.3216856 -0.0079151 -0.6307025 0.0426774 0.7748099
1781254045.637247 -2.4105430 -0.1259882 -2.1945782 -0.0083025 -0.6294695 0.0424462 0.7758206
1781254046.071077 -2.3990765 -0.1195665 -2.0949130 -0.0080800 -0.6425154 0.0436342 0.7649868
1781254046.538271 -2.3902946 -0.1134111 -2.0076137 -0.0080273 -0.6365796 0.0439752 0.7699144
1781254046.838613 -2.3725951 -0.1110313 -1.9672170 -0.0082915 -0.5952513 0.0418027 0.8024086
1781254047.239061 -2.3262296 -0.1102740 -1.9307196 -0.0087410 -0.5287957 0.0376250 0.8478698
1781254047.672892 -2.2707131 -0.1087910 -1.9037389 -0.0092718 -0.4645319 0.0333658 0.8848791
1781254048.106729 -2.1938972 -0.1065889 -1.8835580 -0.0088102 -0.3981801 0.0294289 0.9167928
1781254048.540564 -2.0973392 -0.1047658 -1.8646830 -0.0078963 -0.3264888 0.0255090 0.9448238
1781254048.907662 -2.0116398 -0.1064700 -1.8464262 -0.0075461 -0.2838738 0.0234140 0.9585461
1781254049.308126 -1.9170957 -0.1072127 -1.8250144 -0.0080343 -0.2494068 0.0212696 0.9681319
1781254049.641862 -1.8412437 -0.1051816 -1.8113563 -0.0075724 -0.2205118 0.0194689 0.9751606
1781254049.942230 -1.7859125 -0.1051853 -1.8038671 -0.0073263 -0.1928439 0.0176949 0.9810425
1781254050.376091 -1.7145029 -0.1050376 -1.7985363 -0.0068312 -0.1561167 0.0150457 0.9876004
1781254050.776572 -1.6326047 -0.1062214 -1.8000122 -0.0065922 -0.1203002 0.0120205 0.9926429
1781254051.143671 -1.5493996 -0.1066462 -1.8039517 -0.0065223 -0.0989756 0.0104135 0.9950140
1781254051.544144 -1.4576964 -0.1065769 -1.7944356 -0.0061783 -0.1023557 0.0104875 0.9946734
1781254051.877875 -1.3801289 -0.1039422 -1.7672443 -0.0064758 -0.1297552 0.0120699 0.9914514
1781254052.078112 -1.3366576 -0.1023568 -1.7424141 -0.0061562 -0.1545513 0.0132041 0.9878774
1781254052.378462 -1.2727649 -0.0995001 -1.6985952 -0.0062027 -0.1928314 0.0157143 0.9810865
1781254052.712185 -1.2124259 -0.0965978 -1.6501215 -0.0066518 -0.2304483 0.0177837 0.9728993
1781254053.079273 -1.1655071 -0.0934879 -1.6005553 -0.0069919 -0.2579842 0.0191215 0.9659346
1781254053.579848 -1.1092756 -0.0877864 -1.5290837 -0.0069866 -0.2890139 0.0200590 0.9570892
1781254053.846828 -1.0827430 -0.0851502 -1.4854089 -0.0072336 -0.3143587 0.0214754 0.9490338
1781254054.113805 -1.0599953 -0.0822786 -1.4420865 -0.0072363 -0.3415191 0.0236920 0.9395483
1781254054.414150 -1.0395826 -0.0795917 -1.3985050 -0.0069586 -0.3669657 0.0249231 0.9298745
1781254054.714513 -1.0219252 -0.0765861 -1.3515155 -0.0069398 -0.3938785 0.0264586 0.9187555
1781254055.014873 -1.0080266 -0.0737770 -1.3057541 -0.0070624 -0.4197016 0.0279495 0.9072042
1781254055.515448 -0.9908381 -0.0705149 -1.2429428 -0.0075346 -0.4554387 0.0307437 0.8897043
1781254055.915854 -0.9798191 -0.0667292 -1.1919110 -0.0080127 -0.4826541 0.0322516 0.8751804
1781254056.349611 -0.9716605 -0.0628885 -1.1317941 -0.0083946 -0.5188971 0.0344299 0.8541019
1781254056.783926 -0.9662694 -0.0586089 -1.0552505 -0.0090445 -0.5625393 0.0369072 0.8258968
1781254057.084723 -0.9696149 -0.0554660 -1.0053730 -0.0102185 -0.5905433 0.0389087 0.8060027
1781254057.519128 -0.9833227 -0.0496199 -0.9303631 -0.0103652 -0.6332362 0.0410648 0.7727990
1781254057.919697 -1.0076486 -0.0444936 -0.8558472 -0.0101040 -0.6797985 0.0436608 0.7320285
1781254058.253502 -1.0340068 -0.0402175 -0.7981352 -0.0098432 -0.7155603 0.0459251 0.6969702
1781254058.654076 -1.0725379 -0.0338948 -0.7328272 -0.0099563 -0.7557933 0.0486024 0.6529282
1781254058.987891 -1.1098986 -0.0296130 -0.6831548 -0.0097952 -0.7851379 0.0506164 0.6171715
1781254059.355089 -1.1499506 -0.0259823 -0.6375719 -0.0099124 -0.8131448 0.0521794 0.5796332
1781254059.656033 -1.1846645 -0.0236097 -0.6002228 -0.0101818 -0.8319895 0.0531370 0.5521470
1781254060.057543 -1.2272154 -0.0191344 -0.5381409 -0.0101710 -0.8313599 0.0527111 0.5531355
1781254060.358720 -1.2457416 -0.0152512 -0.4760556 -0.0105443 -0.8021421 0.0513701 0.5948260
1781254060.592498 -1.2526205 -0.0121760 -0.4244554 -0.0101340 -0.7706704 0.0491922 0.6352517
1781254060.792711 -1.2534344 -0.0086646 -0.3799773 -0.0103099 -0.7417578 0.0478958 0.6688761
1781254060.992920 -1.2515346 -0.0047215 -0.3346583 -0.0099069 -0.7107188 0.0460866 0.7018951
1781254061.193126 -1.2430140 -0.0036961 -0.2933416 -0.0089617 -0.6798936 0.0436374 0.7319564
1781254061.359962 -1.2340169 -0.0023822 -0.2634873 -0.0090057 -0.6537845 0.0419934 0.7554610
1781254061.560185 -1.2201288 0.0001199 -0.2284254 -0.0086289 -0.6288684 0.0402076 0.7764235
1781254061.760416 -1.2039180 0.0018643 -0.1969745 -0.0080629 -0.6026896 0.0381804 0.7970210
1781254062.060759 -1.1738076 0.0054907 -0.1495508 -0.0077570 -0.5784875 0.0367237 0.8148272
1781254062.628055 -1.1346037 0.0112231 -0.0427213 -0.0074946 -0.5843024 0.0363554 0.8106866
1781254063.028478 -1.1070424 0.0158257 0.0384727 -0.0076473 -0.5529108 0.0337199 0.8325227
1781254063.395522 -1.0743653 0.0179844 0.0908616 -0.0063224 -0.4856313 0.0290063 0.8736595
1781254063.896080 -1.0263829 0.0185016 0.1107878 -0.0049270 -0.3691910 0.0213046 0.9290963
1781254064.696976 -0.8874283 0.0213301 0.1074506 -0.0023682 -0.2094147 0.0122835 0.9777469
1781254065.197553 -0.7635384 0.0164794 0.0927275 -0.0011708 -0.0976934 0.0053683 0.9952014
1781254065.397781 -0.7084584 0.0152706 0.0850339 -0.0002027 -0.0513429 0.0017463 0.9986796
1781254065.564648 -0.6656805 0.0151365 0.0781003 0.0007584 -0.0142936 -0.0010520 0.9998970
1781254065.698143 -0.6301537 0.0143915 0.0709920 0.0017034 0.0106664 -0.0027179 0.9999380
1781254065.898385 -0.5792517 0.0126582 0.0570845 0.0024572 0.0486275 -0.0045154 0.9988038
1781254066.131998 -0.5239276 0.0109140 0.0434019 0.0029748 0.0776836 -0.0062707 0.9969539
1781254066.599212 -0.4206239 0.0078102 0.0255068 0.0031472 0.0890456 -0.0076167 0.9959935
1781254067.233257 -0.2776813 0.0073238 0.0239360 0.0029685 0.0629654 -0.0061939 0.9979921
1781254067.967438 -0.1157674 0.0056097 0.0393699 0.0021710 0.0321329 -0.0039745 0.9994733
1781254068.201041 -0.0697534 0.0044212 0.0432422 0.0019569 0.0226247 -0.0030907 0.9997373
1781254069.402473 0.1798958 0.0010757 0.0476491 0.0017378 -0.0293739 0.0020861 0.9995648
1781254070.003203 0.3404025 -0.0016334 0.0366012 0.0016479 -0.0163065 0.0017378 0.9998642
1781254070.570548 0.4688723 -0.0022934 0.0347597 0.0021985 0.0267815 -0.0015347 0.9996377
1781254070.937647 0.5477898 -0.0033234 0.0315897 0.0023394 0.0711819 -0.0055688 0.9974450
1781254071.304741 0.6262341 -0.0050037 0.0208251 0.0028192 0.1254967 -0.0102010 0.9920376
1781254072.372612 0.8022341 -0.0141359 -0.0807669 0.0052986 0.3544368 -0.0253317 0.9347218
1781254072.773040 0.8436869 -0.0187770 -0.1510700 0.0070314 0.4393176 -0.0307579 0.8977776
1781254073.106719 0.8692408 -0.0254787 -0.2170911 0.0077771 0.5081238 -0.0347270 0.8605486
1781254073.407021 0.8811792 -0.0313465 -0.2726445 0.0080971 0.5673710 -0.0385040 0.8225219
1781254073.874257 0.8724394 -0.0344778 -0.3230715 0.0089920 0.6334327 -0.0429201 0.7725543
1781254076.077688 0.7372650 -0.0371331 -0.3496104 0.0136798 0.7693549 -0.0472365 0.6369259
1781254076.177947 0.7184328 -0.0385809 -0.3505448 0.0102503 0.7789382 -0.0479175 0.6251834
1781254076.578779 0.6463305 -0.0383632 -0.3836073 0.0116148 0.8023282 -0.0500480 0.5946679
1781254076.879163 0.5968096 -0.0399016 -0.4350554 0.0119222 0.8124627 -0.0516463 0.5805987
1781254077.112793 0.5615846 -0.0408171 -0.4833726 0.0121708 0.8233930 -0.0534189 0.5648207
1781254077.413174 0.5164077 -0.0451550 -0.5485935 0.0131914 0.8459574 -0.0543231 0.5303123
1781254077.646818 0.4853098 -0.0482138 -0.5986426 0.0134073 0.8564084 -0.0555521 0.5131266
1781254077.746951 0.4702511 -0.0467216 -0.6211365 0.0130850 0.8610681 -0.0573929 0.5050707
1781254077.947217 0.4381336 -0.0511868 -0.6733184 0.0131328 0.8681910 -0.0573146 0.4927343
1781254078.180861 0.4010330 -0.0525852 -0.7288980 0.0127035 0.8757976 -0.0591086 0.4788773
1781254078.347749 0.3708135 -0.0551655 -0.7667819 0.0127114 0.8818490 -0.0589570 0.4676590
1781254078.615150 0.3217651 -0.0585418 -0.8269631 0.0124259 0.8886883 -0.0594409 0.4544728
1781254078.815886 0.2868670 -0.0608378 -0.8691493 0.0125246 0.8930454 -0.0593599 0.4458582
1781254079.050099 0.2427539 -0.0645334 -0.9146426 0.0130652 0.8977610 -0.0586715 0.4363623
1781254079.384727 0.1844600 -0.0688762 -0.9741858 0.0123205 0.8998833 -0.0583471 0.4320347
1781254079.685236 0.1322919 -0.0719282 -1.0272849 0.0121781 0.9014626 -0.0587854 0.4286737
1781254080.085648 0.0569813 -0.0782372 -1.1043361 0.0112910 0.9033863 -0.0583423 0.4246904
1781254080.419315 0.0064191 -0.0811869 -1.1674889 0.0111078 0.9007371 -0.0584368 0.4302725
1781254080.686295 -0.0297190 -0.0836879 -1.2189801 0.0114491 0.8960917 -0.0575495 0.4399734
1781254081.153513 -0.0845077 -0.0886062 -1.3092961 0.0098313 0.8835348 -0.0569194 0.4647900
1781254081.687467 -0.1381578 -0.0951272 -1.4067650 0.0094029 0.8708289 -0.0555724 0.4883446
1781254082.121295 -0.1761506 -0.0993426 -1.4811256 0.0090791 0.8629515 -0.0551232 0.5021889
1781254082.521745 -0.2138880 -0.1038509 -1.5561230 0.0093285 0.8554053 -0.0553956 0.5149040
1781254082.822076 -0.2553411 -0.1068926 -1.6214237 0.0097964 0.8567746 -0.0555578 0.5125960
1781254083.055664 -0.3001025 -0.1104700 -1.6690691 0.0106637 0.8686627 -0.0558014 0.4921359
1781254083.289247 -0.3429294 -0.1133512 -1.7136912 0.0108916 0.8819034 -0.0558723 0.4679808
1781254083.522833 -0.3853869 -0.1167910 -1.7542305 0.0114249 0.8927620 -0.0561622 0.4468683
1781254083.856545 -0.4519696 -0.1231781 -1.8209240 0.0116010 0.9040943 -0.0564092 0.4234346
1781254084.123509 -0.5074883 -0.1259509 -1.8861572 0.0121446 0.9104147 -0.0571196 0.4095547
1781254088.929090 -1.4127655 -0.1706563 -2.6810815 0.0083597 0.9293723 -0.0579273 0.3644745
1781254089.362922 -1.4824622 -0.1763008 -2.7615676 0.0076703 0.9251232 -0.0576086 0.3751927
1781254089.629910 -1.5392570 -0.1792120 -2.8235605 0.0077973 0.9297239 -0.0579787 0.3635812
1781254089.930282 -1.6064119 -0.1837771 -2.8865871 0.0081873 0.9408621 -0.0577234 0.3337359
1781254090.230650 -1.6698704 -0.1850223 -2.9397612 0.0088203 0.9522915 -0.0585871 0.2993839
1781254091.265200 -1.9046903 -0.1897552 -3.0135872 0.0109610 0.9913797 -0.0606055 0.1156423
1781254091.799150 -2.0356793 -0.1909183 -2.9959831 -0.0106587 -0.9980960 0.0601770 0.0083369
1781254093.334154 -2.3323102 -0.1591222 -2.7622728 -0.0101381 -0.9263048 0.0607505 0.3717071
1781254094.769453 -2.4442520 -0.1358347 -2.4362340 -0.0077945 -0.7934996 0.0529653 0.6062114
1781254095.371064 -2.4462337 -0.1291103 -2.2724533 -0.0089508 -0.7342822 0.0488323 0.6770266
1781254095.705571 -2.4284575 -0.1225631 -2.1849070 -0.0086335 -0.6797245 0.0461207 0.7319652
1781254095.906355 -2.4116528 -0.1215809 -2.1398530 -0.0085734 -0.6515590 0.0442899 0.7572554
1781254096.241035 -2.3812222 -0.1193117 -2.0772967 -0.0084989 -0.6112943 0.0416945 0.7902586
1781254096.575455 -2.3455052 -0.1157824 -2.0229411 -0.0088274 -0.5709033 0.0399981 0.8199949
1781254097.776825 -2.1040339 -0.1053287 -1.8724840 -0.0080675 -0.3528379 0.0270725 0.9352580
1781254106.519555 -1.1422856 -0.0173874 -0.4628294 -0.0103992 -0.7249252 0.0464211 0.6871829
1781254106.786526 -1.1333969 -0.0117535 -0.4031853 -0.0095843 -0.6764991 0.0438545 0.7350741
1781254107.086862 -1.1235873 -0.0085294 -0.3387921 -0.0093386 -0.6460322 0.0416367 0.7621166
1781254107.487303 -1.1098229 -0.0011662 -0.2430003 -0.0083603 -0.6169807 0.0396192 0.7859359
1781254107.787647 -1.0934021 0.0020612 -0.1718692 -0.0082451 -0.5775908 0.0367128 0.8154587
1781254108.121358 -1.0647925 0.0069774 -0.1040999 -0.0074712 -0.5106865 0.0318916 0.8591428
1781254108.488433 -1.0129223 0.0077355 -0.0434634 -0.0068257 -0.4173019 0.0255735 0.9083824
1781254109.956757 -0.6680427 0.0144125 0.0667272 -0.0005069 -0.0659625 0.0025144 0.9978188
1781254110.557385 -0.5055947 0.0103403 0.0458382 0.0011939 0.0083165 -0.0017322 0.9999632
1781254111.024574 -0.3859994 0.0084736 0.0368583 0.0013680 0.0055627 -0.0023024 0.9999810
1781254112.594853 0.0669606 0.0044925 0.0641851 0.0009358 -0.0420868 0.0020872 0.9991114
1781254113.096806 0.2440724 0.0010998 0.0571482 0.0015649 0.0149901 0.0003371 0.9998864
1781254115.066863 0.6125900 -0.0246368 -0.1872888 0.0066832 0.5673513 -0.0379029 0.8225759
1781254119.005083 -0.0161499 -0.0818823 -1.1593930 0.0104923 0.8929489 -0.0567897 0.4464383
1781254120.940468 -0.2992442 -0.1443855 -1.6083771 0.0091141 0.8803037 -0.0415440 0.4725002
1781254126.913421 -1.6134436 -0.1796271 -2.8247528 0.0079267 0.9622842 -0.0597344 0.2652888
1781254127.280496 -1.7201040 -0.1823276 -2.8628299 0.0087516 0.9800122 -0.0594979 0.1896298
1781254128.148136 -1.9938560 -0.1870027 -2.8863194 0.0110005 0.9980329 -0.0604518 0.0124460
1781254129.417634 -2.3561282 -0.1528651 -2.7217877 -0.0093528 -0.9190840 0.0616314 0.3891000
1781254131.453855 -2.4002416 -0.1222673 -2.1565471 -0.0087389 -0.6155551 0.0423064 0.7869090
1781254132.288305 -2.2601776 -0.1100320 -1.9780905 -0.0080478 -0.4436300 0.0334437 0.8955497
1781254139.999178 -1.1773392 -0.0124492 -0.4209851 -0.0138181 -0.7182732 0.0514877 0.6937158
1781254144.872373 -0.0670726 0.0010904 -0.0175465 0.0010371 -0.0400129 0.0014366 0.9991976
1781254146.608048 0.5333515 -0.0017990 0.0584511 -0.0016986 -0.1380406 0.0088985 0.9903852
1781254147.142115 0.6540880 -0.0002754 0.1044289 -0.0024896 -0.1737079 0.0101620 0.9847416
