1781169474.599714 -0.184555 -0.010136 0.017565 -0.003150 0.088552 0.000811 0.996066
1781169475.800396 -0.488371 -0.010120 0.185625 -0.003838 0.245014 0.004404 0.969502
1781169477.333844 -0.521222 -0.024406 0.558838 -0.010984 0.494732 0.008559 0.868934
1781169478.367687 -0.518925 -0.024307 0.702587 -0.012559 0.569611 0.007739 0.821782
1781169481.803329 -0.557737 -0.031437 1.008680 -0.016481 0.659434 0.008083 0.751538
1781254314.660770 0.543208 0.021386 0.707032 0.022477 0.551234 0.003142 0.834042
1781254315.762180 0.779736 0.030666 0.488938 0.022982 0.520898 0.002520 0.853306
1781254317.898245 0.839023 0.037485 0.377301 0.022054 0.594980 0.000416 0.803438
1781254318.999632 0.771647 0.030326 0.086324 0.008195 0.838001 -0.014377 0.545418
1781254320.468058 0.354491 0.021088 -0.223442 -0.002129 0.975806 -0.026814 0.216979
1781254321.602760 -0.054890 0.017095 -0.449642 -0.004420 0.991919 -0.032273 0.122619
1781254322.937748 -0.497745 0.001893 -0.501238 -0.014884 0.982626 -0.038201 -0.181010
1781254323.972435 -0.653446 -0.012034 -0.219989 0.019894 -0.814750 0.041027 0.578017
1781254325.140595 -0.634100 -0.006280 0.202717 0.024018 -0.665392 0.039196 0.745077
