1000.000000 0.0000000 0.0000000 0.0000000 -0.0000000 -0.0000000 -0.0000000 1.0000000
1004.300000 0.0967021 0.0236625 0.3196340 0.0002477 0.0468094 -0.0028978 0.9988996
1004.333333 0.0966947 0.0235199 0.3250000 0.0001402 0.0467754 -0.0029460 0.9989011
1004.633333 0.1038369 0.0275794 0.3942360 -0.0013707 0.0519110 -0.0031476 0.9986458
1005.633333 0.1183579 0.0366692 0.5160353 -0.0023026 0.0599084 -0.0034636 0.9981952
1006.233333 0.1288154 0.0425560 0.6227331 -0.0021517 0.0573283 -0.0033280 0.9983475
1007.000000 0.1394723 0.0473902 0.7233852 -0.0019833 0.0577930 -0.0032206 0.9983215
1007.700000 0.1512696 0.0531552 0.8218532 -0.0019574 0.0595841 -0.0035710 0.9982150
1008.400000 0.1641426 0.0595052 0.9261569 -0.0015754 0.0608204 -0.0033443 0.9981419
1009.133333 0.1802893 0.0677782 1.0404918 -0.0009598 0.0618559 -0.0035463 0.9980783
1009.766667 0.1924982 0.0733297 1.1461108 -0.0013149 0.0628754 -0.0036611 0.9980138
1010.633333 0.2051300 0.0762309 1.2432239 -0.0013852 0.0631152 -0.0034566 0.9979993
1011.333333 0.2191660 0.0834677 1.3407130 -0.0007985 0.0608199 -0.0034045 0.9981427
1011.866667 0.2280657 0.0847076 1.4284052 -0.0005888 0.0544610 -0.0029700 0.9985113
1012.800000 0.2533017 0.0929290 1.5604893 -0.0003403 0.0563521 -0.0035721 0.9984045
1013.600000 0.2815228 0.1001015 1.6647619 -0.0000562 0.0644329 -0.0043697 0.9979125
1014.400000 0.3062369 0.1061126 1.7677039 0.0000964 0.0701534 -0.0052366 0.9975225
1015.266667 0.3288826 0.1099699 1.8757069 0.0007905 0.0731558 -0.0050315 0.9973075
1016.166667 0.3480361 0.1169868 1.9880421 0.0015593 0.0709611 -0.0051985 0.9974644
1017.200000 0.3656329 0.1222854 2.1132400 0.0017037 0.0632935 -0.0043805 0.9979839
1018.033333 0.3750320 0.1285859 2.2356901 0.0015414 0.0512667 -0.0036810 0.9986771
1018.800000 0.3767378 0.1339935 2.3356388 0.0005708 0.0393658 -0.0030293 0.9992201
1019.600000 0.3759487 0.1413231 2.4362831 0.0004906 0.0238520 -0.0023529 0.9997126
1020.266667 0.3571272 0.1456821 2.5256622 0.0005339 0.0029782 -0.0017630 0.9999939
1020.866667 0.3328260 0.1525420 2.6134980 0.0001097 -0.0218034 -0.0014481 0.9997612
1021.466667 0.3047847 0.1573967 2.6904562 0.0001173 -0.0542414 0.0002724 0.9985278
1022.533333 0.2441529 0.1649078 2.8109584 0.0006400 -0.1119198 0.0033162 0.9937115
1023.566667 0.1450876 0.1697554 2.9547884 -0.0012861 -0.1808157 0.0056086 0.9835002
1024.700000 0.0202463 0.1760635 3.1028466 -0.0018794 -0.2527554 0.0091631 0.9674850
1025.766667 -0.1499051 0.1860456 3.2412829 -0.0019142 -0.3335702 0.0137894 0.9426224
1026.966667 -0.3735204 0.1913404 3.3707097 0.0000048 -0.4175094 0.0196147 0.9084609
1028.800000 -0.6175957 0.1947863 3.4686913 -0.0017862 -0.4957522 0.0243211 0.8681216
1029.866667 -0.7642717 0.1978551 3.4929314 -0.0033384 -0.5475794 0.0270518 0.8363097
1031.066667 -0.9228281 0.2014463 3.4983249 -0.0054944 -0.6066144 0.0309325 0.7943753
1032.666667 -1.1761799 0.1991873 3.4311614 -0.0042216 -0.7120194 0.0354148 0.7012534
1033.933333 -1.3456249 0.1942963 3.3220758 -0.0061575 -0.7909948 0.0398692 0.6104914
1035.233333 -1.4679551 0.1865548 3.1829011 -0.0067959 -0.8549582 0.0417523 0.5169691
1036.033333 -1.5400341 0.1805371 3.0543842 -0.0078729 -0.8980846 0.0435925 0.4375862
1036.533333 -1.5728922 0.1780158 2.9727116 -0.0086714 -0.9196312 0.0453120 0.3900643
1037.033333 -1.5906243 0.1740935 2.9035530 -0.0091731 -0.9352601 0.0457317 0.3508749
1037.733333 -1.6089342 0.1718156 2.8219509 -0.0087202 -0.9464459 0.0467210 0.3193449
1038.200000 -1.6208568 0.1691678 2.7674577 -0.0082882 -0.9504204 0.0475670 0.3071966
1038.566667 -1.6318622 0.1660591 2.7087898 -0.0082039 -0.9539102 0.0480222 0.2961112
1038.900000 -1.6424959 0.1636023 2.6591382 -0.0077497 -0.9559332 0.0482500 0.2894886
1039.266667 -1.6572740 0.1602784 2.5921619 -0.0076809 -0.9589996 0.0481667 0.2791788
1040.066667 -1.6879106 0.1570909 2.4932346 -0.0079501 -0.9622228 0.0487220 0.2677503
1040.533333 -1.7055540 0.1542568 2.4134057 -0.0082940 -0.9694327 0.0493194 0.2402064
1040.933333 -1.7198548 0.1515255 2.3283405 -0.0079604 -0.9779571 0.0502045 0.2025243
1041.633333 -1.7712712 0.1466186 2.2091479 -0.0073731 -0.9822098 0.0496112 0.1809650
1042.600000 -1.8197088 0.1389480 2.0711224 -0.0073671 -0.9868183 0.0490506 0.1540439
1043.400000 -1.8312123 0.1325727 1.9573565 -0.0077952 -0.9918725 0.0493977 0.1169957
1044.233333 -1.8389115 0.1252565 1.8383530 -0.0081977 -0.9949405 0.0491232 0.0872538
1045.066667 -1.8586650 0.1182561 1.6920121 -0.0079814 -0.9955951 0.0501201 0.0788330
1046.066667 -1.8750312 0.1095379 1.5383964 -0.0078967 -0.9961798 0.0513242 0.0702088
1046.666667 -1.8783145 0.1018543 1.4221449 -0.0077244 -0.9971298 0.0512875 0.0551558
1047.933333 -1.9015501 0.0961871 1.2451525 -0.0082794 -0.9975321 0.0530146 0.0452835
1049.400000 -1.9140215 0.0841308 1.0647854 -0.0076577 -0.9978499 0.0529190 0.0379023
1050.266667 -1.9168589 0.0773750 0.9246657 -0.0076932 -0.9981988 0.0541167 0.0247264
1051.266667 -1.9155362 0.0701201 0.7897344 -0.0083345 -0.9983535 0.0547988 0.0147594
1052.600000 -1.9181632 0.0610103 0.6705894 -0.0079564 -0.9984089 0.0549147 0.0100374
1053.733333 -1.9170550 0.0543381 0.5284631 -0.0074287 -0.9984009 0.0560069 0.0019286
1054.733333 -1.9106054 0.0468241 0.4077267 0.0081413 0.9982994 -0.0564671 0.0119816
1055.666667 -1.8898393 0.0420310 0.3028229 0.0079884 0.9976527 -0.0564465 0.0379351
1056.800000 -1.8339580 0.0361254 0.1726632 0.0073021 0.9946979 -0.0568827 0.0853646
1057.633333 -1.7704852 0.0303173 0.1035078 0.0070476 0.9892125 -0.0559505 0.1351984
1058.433333 -1.6987271 0.0244759 0.0484705 0.0069413 0.9813231 -0.0546034 0.1843237
1059.366667 -1.5889361 0.0189264 -0.0293672 0.0067241 0.9644035 -0.0542509 0.2587228
1061.066667 -1.3768737 0.0128262 -0.1647474 0.0063384 0.9278362 -0.0527827 0.3691800
1064.633333 -0.9691173 -0.0154575 -0.3168193 0.0033079 0.8315591 -0.0435121 0.5537194
1067.400000 -0.5893878 -0.0197793 -0.3414874 0.0040989 0.7435368 -0.0369098 0.6676630
1069.133333 -0.3539965 -0.0142452 -0.2972990 0.0035828 0.6638929 -0.0324540 0.7471145
1070.700000 -0.1660139 -0.0099496 -0.2111873 0.0041112 0.5724353 -0.0276573 0.8194730
1072.566667 -0.0051525 -0.0021839 -0.0651104 0.0030328 0.4653053 -0.0232366 0.8848401
1074.633333 0.1072621 0.0112223 0.1794114 0.0014865 0.2947611 -0.0161576 0.9554332
1076.000000 0.1400817 0.0245307 0.3792595 -0.0008180 0.1890591 -0.0110578 0.9819031
1082.100000 0.1014446 0.0786478 1.2569268 -0.0020432 -0.0550721 0.0028015 0.9984764
1082.700000 0.0379632 0.0814580 1.3290190 -0.0023578 -0.1212065 0.0057202 0.9926081
1083.266667 -0.0318134 0.0846769 1.3910046 -0.0028763 -0.1806048 0.0088090 0.9835121
1084.033333 -0.1452486 0.0893461 1.4700352 -0.0033384 -0.2576548 0.0130774 0.9661428
1084.533333 -0.2459916 0.0928445 1.5165596 -0.0043258 -0.3217466 0.0162932 0.9466757
1085.033333 -0.3438697 0.0960568 1.5436504 -0.0056068 -0.3827394 0.0189947 0.9236441
1085.600000 -0.4374617 0.0981409 1.5571375 -0.0062151 -0.4403768 0.0216756 0.8975298
1086.100000 -0.5221065 0.1004712 1.5656073 -0.0059925 -0.4845764 0.0244715 0.8743860
1086.833333 -0.6315457 0.1026364 1.5674870 -0.0057436 -0.5352690 0.0272027 0.8442241
1087.566667 -0.7539665 0.1040442 1.5587757 -0.0060704 -0.5941383 0.0308515 0.8037481
1088.433333 -0.8496791 0.1058729 1.5604858 -0.0061486 -0.6317433 0.0323196 0.7744793
1088.733333 -0.8948827 0.1052715 1.5611975 -0.0065556 -0.6465427 0.0326501 0.7621506
1089.133333 -0.9561547 0.1063325 1.5643951 -0.0064125 -0.6569594 0.0332308 0.7531659
1089.566667 -1.0368254 0.1087107 1.5697153 -0.0061741 -0.6654252 0.0341756 0.7456562
1089.933333 -1.0815631 0.1080000 1.5724956 -0.0066075 -0.6702477 0.0338958 0.7413336
1090.400000 -1.1416330 0.1099659 1.5743338 -0.0063786 -0.6763638 0.0341548 0.7357478
1090.866667 -1.1999434 0.1096097 1.5738989 -0.0064702 -0.6824892 0.0340825 0.7300720
1091.366667 -1.2544771 0.1108576 1.5727608 -0.0064536 -0.6884667 0.0344072 0.7244226
1091.733333 -1.3006998 0.1114906 1.5717115 -0.0063858 -0.6936292 0.0345698 0.7194739
1092.100000 -1.3467969 0.1135177 1.5691948 -0.0061217 -0.6992165 0.0351408 0.7140196
1092.466667 -1.3960395 0.1127638 1.5658946 -0.0062466 -0.7050223 0.0356369 0.7082616
1092.833333 -1.4400538 0.1120604 1.5628692 -0.0063502 -0.7108399 0.0362859 0.7023886
1093.200000 -1.4875063 0.1120775 1.5571313 -0.0062278 -0.7188632 0.0371232 0.6941316
1093.433333 -1.5392324 0.1110245 1.5409791 -0.0062987 -0.7353326 0.0385547 0.6765795
1093.766667 -1.5918527 0.1107254 1.5197160 -0.0061167 -0.7561840 0.0398381 0.6531167
1094.266667 -1.6633407 0.1100942 1.4801183 -0.0059421 -0.7842381 0.0413708 0.6190508
1094.766667 -1.7471790 0.1090164 1.4227908 -0.0066732 -0.8135798 0.0429064 0.5798298
1095.433333 -1.8274558 0.1049754 1.3492749 -0.0068368 -0.8387613 0.0441039 0.5426671
1096.233333 -1.8850870 0.0989706 1.2258062 -0.0064384 -0.8787133 0.0466238 0.4750240
1097.066667 -1.9263062 0.0935639 1.1110142 -0.0079461 -0.9112746 0.0496885 0.4087133
1098.600000 -1.9541012 0.0732848 0.8855407 -0.0082806 -0.9614022 0.0519388 0.2700733
1109.233333 -1.1699170 -0.0044305 -0.2345369 0.0043268 0.8749797 -0.0470950 0.4818442
1113.333333 -0.5563383 -0.0194578 -0.3468242 0.0036349 0.7281935 -0.0357882 0.6844269
1114.200000 -0.4300247 -0.0171038 -0.3238076 0.0038616 0.6886435 -0.0330059 0.7243382
1118.600000 0.0211234 0.0043248 0.0905079 0.0016843 0.4060238 -0.0203594 0.9136341
1146.033333 -0.9377674 0.1968792 3.4211836 -0.0045338 -0.6605400 0.0328643 0.7500574
1149.833333 -1.4256139 0.1755360 2.9552641 -0.0083058 -0.9008963 0.0444794 0.4316695
1157.866667 -1.7140903 0.1234281 1.7939054 0.0084350 0.9985541 -0.0499929 0.0178718
1158.533333 -1.6432261 0.1141956 1.6721003 0.0085404 0.9933568 -0.0500422 0.1032725
1158.966667 -1.5729973 0.1076797 1.5925825 0.0086129 0.9839296 -0.0501467 0.1711541
1159.666667 -1.5105734 0.1030319 1.5401206 0.0087308 0.9728752 -0.0499385 0.2257073
1160.366667 -1.4337647 0.1006518 1.5004714 0.0088336 0.9585706 -0.0495396 0.2803753
1161.033333 -1.3356026 0.1004331 1.4658730 0.0077812 0.9384633 -0.0491845 0.3417705
1161.900000 -1.2288395 0.1003178 1.4383106 0.0074560 0.9122394 -0.0481365 0.4067513
1162.700000 -1.1268030 0.0977438 1.4295545 0.0075261 0.8823952 -0.0462444 0.4681704
1163.533333 -0.9761401 0.0989129 1.4338818 0.0067650 0.8401276 -0.0437340 0.5405805
1164.100000 -0.8915993 0.0980335 1.4401999 0.0061817 0.8135287 -0.0420418 0.5799701
1164.733333 -0.8018943 0.0967746 1.4450616 0.0057310 0.7856231 -0.0406621 0.6173412
1165.566667 -0.6931676 0.0955257 1.4502999 0.0053139 0.7567282 -0.0395109 0.6525130
1166.766667 -0.5237396 0.0938983 1.4465139 0.0065253 0.7387309 -0.0402064 0.6727685
1167.800000 -0.3494806 0.0905110 1.4567575 0.0061011 0.7180783 -0.0393478 0.6948223
1169.033333 -0.1904173 0.0904649 1.4796351 0.0048057 0.6950796 -0.0385946 0.7178800
1169.533333 -0.1145248 0.0901875 1.5093085 0.0041594 0.6723338 -0.0371614 0.7393031
1170.133333 -0.0301690 0.0960955 1.5608852 0.0044018 0.6318994 -0.0348888 0.7742523
1170.633333 0.0418260 0.0998233 1.6389974 0.0038552 0.5783008 -0.0314570 0.8152077
1171.433333 0.1145791 0.1037813 1.7476873 0.0030336 0.5125732 -0.0281052 0.8581781
1171.966667 0.1528933 0.1074211 1.8256539 0.0032363 0.4605581 -0.0247689 0.8872780
1172.533333 0.1762508 0.1102957 1.8978579 0.0033789 0.4052328 -0.0218258 0.9139467
1173.166667 0.2008092 0.1151210 1.9716344 0.0035783 0.3547853 -0.0196602 0.9347342
1173.966667 0.2463232 0.1224730 2.1219063 0.0036991 0.2850349 -0.0167904 0.9583629
1176.300000 0.2852510 0.1418939 2.4355512 0.0020347 0.1538680 -0.0092179 0.9880463
1177.533333 0.2613033 0.1529945 2.5899639 0.0009533 0.0823411 -0.0056247 0.9965879
1178.666667 0.2219981 0.1637871 2.7289724 0.0008162 0.0171781 -0.0036233 0.9998456
1179.500000 0.1556437 0.1692864 2.8275700 0.0010280 -0.0483832 0.0001361 0.9988284
1182.333333 -0.1493328 0.1882661 3.2214091 -0.0003309 -0.2718734 0.0116618 0.9622623
1199.933333 -1.7752056 0.1526048 2.3902063 -0.0077591 -0.9555449 0.0479391 0.2908187
1218.333333 -1.4992180 0.0120041 -0.1319108 0.0067167 0.9522439 -0.0538180 0.3004831
1225.133333 -0.6806751 -0.0223553 -0.4129960 0.0043802 0.7878399 -0.0397912 0.6145777
1226.800000 -0.4573696 -0.0221890 -0.4293092 0.0045355 0.7538859 -0.0366580 0.6559663
1227.333333 -0.3885261 -0.0220055 -0.4261888 0.0039461 0.7412348 -0.0359656 0.6702700
1228.000000 -0.3156974 -0.0221057 -0.4043034 0.0035841 0.7127054 -0.0347432 0.7005934
1228.433333 -0.2558547 -0.0193573 -0.3786915 0.0039416 0.6862435 -0.0338646 0.7265725
1228.900000 -0.2013335 -0.0179692 -0.3558196 0.0041855 0.6614409 -0.0326892 0.7492729
1229.266667 -0.1464932 -0.0167044 -0.3302728 0.0046307 0.6359325 -0.0310266 0.7711068
1229.533333 -0.0968616 -0.0150381 -0.3019632 0.0045956 0.6110934 -0.0298327 0.7909828
1230.033333 -0.0519326 -0.0137343 -0.2728709 0.0042781 0.5878966 -0.0287215 0.8084148
1230.666667 -0.0104111 -0.0112421 -0.2417912 0.0041005 0.5646660 -0.0279912 0.8248346
1231.233333 0.0310271 -0.0093892 -0.2047884 0.0038312 0.5349295 -0.0266083 0.8444689
1231.600000 0.0778973 -0.0052777 -0.1576446 0.0038665 0.4925257 -0.0249923 0.8699304
1232.000000 0.1158273 -0.0012591 -0.0940902 0.0033454 0.4149639 -0.0218552 0.9095692
1232.933333 0.1139491 0.0016368 -0.0417449 0.0027824 0.3301845 -0.0184910 0.9437312
