1781254341.179440 0.0000000 0.0000000 0.0000000 -0.0000000 -0.0000000 -0.0000000 1.0000000
1781254343.299146 0.1401263 -0.0038923 0.0059207 -0.0004701 0.0026548 -0.0011612 0.9999957
1781254343.332524 0.1470313 -0.0038370 0.0065065 -0.0003859 0.0021057 -0.0011151 0.9999971
1781254343.532792 0.1913062 -0.0042298 0.0125837 -0.0004364 -0.0040364 -0.0007808 0.9999915
1781254343.799981 0.2528964 -0.0040550 0.0224901 -0.0005612 -0.0116532 -0.0005253 0.9999318
1781254344.067233 0.3161990 -0.0051972 0.0344681 -0.0014630 -0.0196293 0.0000284 0.9998063
1781254344.367943 0.3910260 -0.0050984 0.0507150 -0.0017817 -0.0301889 0.0002369 0.9995426
1781254344.635209 0.4641542 -0.0039511 0.0672984 -0.0015412 -0.0383630 0.0008505 0.9992623
1781254344.935656 0.5429894 -0.0043135 0.0861955 -0.0020979 -0.0471250 0.0002942 0.9988868
1781254345.236115 0.6235809 -0.0036131 0.1059905 -0.0020782 -0.0560908 0.0010741 0.9984229
1781254345.469812 0.6876894 -0.0046003 0.1228103 -0.0024458 -0.0617772 0.0011923 0.9980863
1781254345.670103 0.7451047 -0.0042411 0.1386372 -0.0023873 -0.0643895 0.0020224 0.9979200
1781254345.870372 0.8031605 -0.0041926 0.1546944 -0.0019670 -0.0641177 0.0022747 0.9979379
1781254346.070640 0.8632090 -0.0038878 0.1697585 -0.0013632 -0.0628456 0.0021060 0.9980201
1781254346.304287 0.9394775 -0.0053190 0.1833262 -0.0012643 -0.0553065 0.0022739 0.9984661
1781254346.537936 1.0162494 -0.0066027 0.1937552 -0.0014228 -0.0403147 0.0016477 0.9991847
1781254346.771595 1.0957289 -0.0088551 0.1949384 -0.0015139 -0.0228690 0.0008870 0.9997370
1781254346.938497 1.1551794 -0.0103026 0.1929570 -0.0010912 -0.0093200 -0.0001118 0.9999560
1781254347.138783 1.2275628 -0.0141289 0.1856633 -0.0015702 0.0093298 -0.0006357 0.9999551
1781254347.372452 1.3102592 -0.0153696 0.1788310 -0.0013913 0.0305539 -0.0024687 0.9995291
1781254347.672870 1.4046614 -0.0162163 0.1676924 -0.0011271 0.0540841 -0.0047086 0.9985247
1781254348.006627 1.4990087 -0.0179795 0.1639208 -0.0014103 0.0726310 -0.0057650 0.9973412
1781254348.340379 1.5881636 -0.0189601 0.1671046 -0.0018248 0.0690107 -0.0063636 0.9975940
1781254348.674135 1.6782184 -0.0212675 0.1696643 -0.0021010 0.0618757 -0.0059950 0.9980637
1781254348.907771 1.7390778 -0.0225416 0.1726105 -0.0022383 0.0583828 -0.0064437 0.9982710
1781254349.141406 1.7971904 -0.0228813 0.1739323 -0.0015554 0.0554827 -0.0065657 0.9984369
1781254349.341666 1.8456657 -0.0245617 0.1735875 -0.0019260 0.0516992 -0.0063956 0.9986404
1781254349.508548 1.8866570 -0.0250408 0.1726514 -0.0019954 0.0508901 -0.0068948 0.9986785
1781254349.708798 1.9378337 -0.0255848 0.1714787 -0.0020478 0.0512500 -0.0066790 0.9986615
1781254349.942417 1.9995459 -0.0258087 0.1689147 -0.0014405 0.0533061 -0.0066374 0.9985551
1781254350.176033 2.0623159 -0.0262460 0.1658230 -0.0015629 0.0536142 -0.0068844 0.9985368
1781254350.342900 2.1065059 -0.0265619 0.1640243 -0.0014548 0.0555227 -0.0065919 0.9984346
1781254350.509767 2.1521604 -0.0273000 0.1618332 -0.0013307 0.0561666 -0.0066437 0.9983984
1781254350.643268 2.1897650 -0.0288054 0.1588166 -0.0012945 0.0567472 -0.0065382 0.9983664
1781254350.843532 2.2476683 -0.0297429 0.1559049 -0.0010851 0.0578880 -0.0064229 0.9983019
1781254351.110552 2.3257072 -0.0324471 0.1484435 -0.0011934 0.0625381 -0.0065826 0.9980202
1781254351.377573 2.4016726 -0.0362334 0.1360289 -0.0013086 0.0762055 -0.0068841 0.9970675
1781254351.644599 2.4785855 -0.0388250 0.1175121 -0.0009173 0.0970511 -0.0086095 0.9952418
1781254351.911674 2.5585618 -0.0426077 0.0928763 -0.0008536 0.1180053 -0.0104606 0.9929575
1781254352.111985 2.6210067 -0.0464855 0.0721973 -0.0016560 0.1351148 -0.0113014 0.9907641
1781254352.312299 2.6847699 -0.0488552 0.0493933 -0.0017467 0.1609925 -0.0124052 0.9868761
1781254352.412457 2.7140913 -0.0513093 0.0348104 -0.0022563 0.1770624 -0.0133393 0.9841067
1781254352.579389 2.7612545 -0.0541591 0.0114416 -0.0021257 0.2114801 -0.0154281 0.9772583
1781254352.813040 2.8191743 -0.0573662 -0.0179810 -0.0019463 0.2655838 -0.0183979 0.9639103
1781254353.113436 2.8829622 -0.0598276 -0.0547123 -0.0004937 0.3256878 -0.0222277 0.9452159
1781254353.914462 3.0117135 -0.0756577 -0.1646658 0.0003667 0.4386217 -0.0277555 0.8982430
1781254354.682046 3.0550709 -0.0784269 -0.2742234 0.0035221 0.5768119 -0.0381895 0.8159763
1781254355.149262 3.0702357 -0.0757865 -0.3669653 0.0067378 0.6500587 -0.0439125 0.7585841
1781254355.516358 3.0718362 -0.0803377 -0.4457653 0.0080688 0.7016869 -0.0471804 0.7108758
1781254356.016980 3.0673318 -0.0815492 -0.5334122 0.0113892 0.7625926 -0.0520829 0.6446784
1781254356.717860 3.0132852 -0.0989993 -0.6704061 0.0110888 0.8285013 -0.0530756 0.5573558
1781254357.218463 2.9537678 -0.1008136 -0.7678418 0.0122462 0.8750194 -0.0577536 0.4804743
1781254357.819203 2.8580353 -0.1069337 -0.8594604 0.0130886 0.9210356 -0.0591850 0.3847328
1781254358.286486 2.7718780 -0.1110250 -0.9086192 0.0146918 0.9510328 -0.0600324 0.3028482
1781254358.620262 2.7097270 -0.1134481 -0.9313552 0.0141310 0.9663618 -0.0608877 0.2494754
1781254358.920646 2.6561627 -0.1152398 -0.9450302 0.0148421 0.9779959 -0.0611433 0.1989105
1781254359.221030 2.6037326 -0.1155942 -0.9512937 0.0151428 0.9873210 -0.0613641 0.1456105
1781254359.454662 2.5599000 -0.1153879 -0.9530804 0.0162022 0.9924906 -0.0616348 0.1044077
1781254359.688295 2.5134661 -0.1142817 -0.9499142 0.0166949 0.9962136 -0.0616021 0.0590333
1781254359.955311 2.4595923 -0.1132738 -0.9398579 0.0167357 0.9979762 -0.0612967 0.0024482
1781254360.255704 2.3965173 -0.1078615 -0.9215158 -0.0173823 -0.9958304 0.0613753 0.0652129
1781254360.589475 2.3295813 -0.1064283 -0.8909342 -0.0182254 -0.9885799 0.0604926 0.1368149
1781254360.856489 2.2764342 -0.1050598 -0.8643098 -0.0186056 -0.9798872 0.0597166 0.1894960
1781254361.123505 2.2260120 -0.1025621 -0.8339354 -0.0189373 -0.9709626 0.0593201 0.2309852
1781254361.490651 2.1632853 -0.0974083 -0.7919189 -0.0183008 -0.9568933 0.0580488 0.2839904
1781254361.824411 2.1131124 -0.0954734 -0.7491263 -0.0182626 -0.9439842 0.0567506 0.3245609
1781254362.158164 2.0582874 -0.0908743 -0.6985458 -0.0176310 -0.9320746 0.0558113 0.3575069
1781254362.458541 2.0033581 -0.0865363 -0.6484785 -0.0175801 -0.9246578 0.0553752 0.3763410
1781254362.725544 1.9532174 -0.0827572 -0.6019146 -0.0170999 -0.9216558 0.0551158 0.3836933
1781254363.126047 1.8682233 -0.0768977 -0.5331118 -0.0175464 -0.9245405 0.0548900 0.3767017
1781254363.459799 1.7936146 -0.0709558 -0.4889868 -0.0177184 -0.9309977 0.0555733 0.3603345
1781254363.826944 1.7171301 -0.0653338 -0.4477241 -0.0175623 -0.9378045 0.0562474 0.3421265
1781254364.160724 1.6527709 -0.0620002 -0.4187113 -0.0171208 -0.9441819 0.0570905 0.3239881
1781254364.628017 1.5567677 -0.0590225 -0.3945691 -0.0171883 -0.9569405 0.0575009 0.2840124
1781254365.162058 1.4396492 -0.0564525 -0.3810323 -0.0170578 -0.9702076 0.0581466 0.2345746
1781254365.462458 1.3729692 -0.0554872 -0.3813299 -0.0163021 -0.9776534 0.0582512 0.2013328
1781254365.862978 1.2864918 -0.0540604 -0.3889693 -0.0156082 -0.9857669 0.0586942 0.1567639
1781254366.163363 1.2275614 -0.0542297 -0.4005055 -0.0154986 -0.9907238 0.0595898 0.1211416
1781254366.463747 1.1684123 -0.0549814 -0.4157957 -0.0155669 -0.9944717 0.0602543 0.0845768
1781254366.730762 1.1180865 -0.0557162 -0.4353989 -0.0150694 -0.9966995 0.0607267 0.0517237
1781254366.964406 1.0738151 -0.0557280 -0.4548483 -0.0146588 -0.9978259 0.0609845 0.0202376
1781254367.298182 1.0043848 -0.0578662 -0.4914823 0.0147706 0.9977436 -0.0603836 0.0253648
1781254367.631961 0.9464419 -0.0585858 -0.5336468 0.0144267 0.9956787 -0.0604606 0.0689960
1781254368.065871 0.8747651 -0.0610088 -0.5918785 0.0142094 0.9903384 -0.0598742 0.1242698
1781254368.466406 0.8167723 -0.0625902 -0.6543717 0.0139475 0.9829016 -0.0588984 0.1738994
1781254368.700050 0.7847899 -0.0645407 -0.6933551 0.0133462 0.9772839 -0.0584092 0.2032891
1781254368.933693 0.7530645 -0.0676545 -0.7377167 0.0128920 0.9701726 -0.0576230 0.2351138
1781254369.167336 0.7239096 -0.0695581 -0.7844824 0.0121765 0.9616099 -0.0578386 0.2679794
1781254369.434357 0.6941254 -0.0712445 -0.8376117 0.0118684 0.9510867 -0.0581250 0.3031745
1781254369.601246 0.6785012 -0.0730719 -0.8725073 0.0114183 0.9437935 -0.0580023 0.3252064
1781254369.835335 0.6569362 -0.0762079 -0.9225901 0.0111968 0.9328243 -0.0578898 0.3554747
1781254370.102979 0.6348165 -0.0806279 -0.9830438 0.0108568 0.9184380 -0.0567280 0.3913257
1781254370.404115 0.6183959 -0.0850134 -1.0478508 0.0102238 0.9026354 -0.0554106 0.4267020
1781254370.805193 0.5965477 -0.0891073 -1.1340394 0.0102754 0.8873361 -0.0541441 0.4578184
1781254371.272327 0.5623343 -0.0940878 -1.2192090 0.0097232 0.8846821 -0.0539652 0.4629590
1781254371.605983 0.5267451 -0.0963589 -1.2588120 0.0100023 0.9000430 -0.0548037 0.4322258
1781254371.872919 0.4916856 -0.0973096 -1.2867618 0.0105892 0.9162304 -0.0560218 0.3965745
1781254372.039753 0.4673669 -0.0980667 -1.3000016 0.0108407 0.9265832 -0.0564977 0.3716641
1781254372.206583 0.4409255 -0.0994158 -1.3130372 0.0107092 0.9365835 -0.0569458 0.3456210
1781254372.406779 0.4089739 -0.0997293 -1.3269647 0.0113655 0.9477034 -0.0577237 0.3136833
1781254372.606971 0.3754441 -0.1001091 -1.3387682 0.0113185 0.9572656 -0.0585747 0.2829903
1781254372.840557 0.3366418 -0.1000403 -1.3496994 0.0112020 0.9676400 -0.0592779 0.2450171
1781254373.107516 0.2894261 -0.1006255 -1.3592759 0.0114706 0.9777223 -0.0600082 0.2008148
1781254373.541315 0.2064128 -0.0993462 -1.3656521 0.0112688 0.9906142 -0.0605026 0.1220487
1781254374.041846 0.1155359 -0.0976877 -1.3577478 0.0113806 0.9977799 -0.0613069 0.0233924
1781254374.508995 0.0510715 -0.0948010 -1.3363348 -0.0109702 -0.9967839 0.0623833 0.0490914
1781254376.744667 -0.0746268 -0.0831857 -1.1953608 -0.0123073 -0.9921587 0.0617120 0.1079872
1781254377.311930 -0.1343105 -0.0776095 -1.1342063 -0.0123978 -0.9894086 0.0618516 0.1307337
1781254377.945916 -0.1983956 -0.0718745 -1.0533029 -0.0119316 -0.9851294 0.0614745 0.1599958
1781254378.546516 -0.2649401 -0.0660475 -0.9744941 -0.0120238 -0.9792734 0.0612724 0.1926781
1781254379.147236 -0.3411557 -0.0594235 -0.8935547 -0.0122061 -0.9736948 0.0614454 0.2190752
1781254379.781327 -0.4331965 -0.0534186 -0.8170325 -0.0115959 -0.9703512 0.0618133 0.2333734
1781254380.448689 -0.5266521 -0.0447434 -0.7381888 -0.0120697 -0.9677939 0.0620380 0.2436814
1781254380.949213 -0.6186843 -0.0383507 -0.6604457 -0.0133801 -0.9627917 0.0619686 0.2627033
1781254381.616574 -0.7279875 -0.0301732 -0.5617762 -0.0150520 -0.9533625 0.0618140 0.2950466
1781254382.283969 -0.7974535 -0.0222601 -0.4653463 -0.0156740 -0.9301598 0.0606757 0.3617673
1781254383.318430 -0.8283458 -0.0102965 -0.3222044 -0.0144896 -0.8907108 0.0579581 0.4506276
1781254384.386224 -0.7314873 0.0008821 -0.1221329 -0.0111875 -0.7901186 0.0507693 0.6107453
1781254385.620913 -0.5317900 0.0026886 -0.0339799 -0.0081925 -0.6457566 0.0414874 0.7623714
1781254386.890568 -0.3319146 0.0076504 0.0028740 -0.0067984 -0.4806442 0.0322622 0.8762956
1781254389.394273 -0.1460700 -0.0024911 -0.0429286 -0.0055873 -0.2610187 0.0154048 0.9651947
1781254391.229840 -0.0066815 -0.0023116 -0.0581089 -0.0029910 -0.0424886 0.0023309 0.9990898
1781254398.605543 -0.1546035 -0.1518040 -0.0249411 -0.0144013 -0.1545679 -0.0134860 0.9877852
1781254400.141205 -0.0360697 -0.0707416 0.0802001 -0.1166519 0.0575772 0.0004017 0.9915024
1781254400.675164 0.0572746 -0.1053699 0.0947578 -0.0760073 0.1610446 -0.0110002 0.9839545
1781254401.175757 0.0622244 -0.1686388 0.0842620 -0.0075896 0.1771671 -0.0439293 0.9831706
1781254401.976686 -0.0214855 -0.2284292 0.0511905 0.0269646 0.0629137 -0.0601153 0.9958419
1781254402.677473 -0.1297450 -0.2173067 0.0021240 0.0126725 -0.0910803 -0.0422774 0.9948651
1781254403.178193 -0.1704547 -0.1596549 0.0171537 -0.0603659 -0.1253747 -0.0196730 0.9900758
1781254403.445251 -0.1561729 -0.1205957 0.0419365 -0.0988009 -0.0931793 -0.0077137 0.9907051
1781254403.979312 -0.0804064 -0.0982643 0.0579863 -0.0865877 -0.0037844 -0.0121598 0.9961628
1781254405.881686 0.0480840 -0.2372006 0.0232194 0.0660721 0.0715451 -0.0627773 0.9932647
1781254406.716103 -0.0358395 -0.2618836 -0.0234217 0.0959160 -0.0147271 -0.0734231 0.9925686
1781254410.620988 0.0093702 -0.2840799 0.1628650 0.0060919 0.1615817 -0.0513929 0.9855014
1781254411.155062 -0.1192752 -0.3283313 0.1955740 0.0239829 0.1313618 -0.0369843 0.9903540
1781254413.124333 -0.0460620 0.0017974 0.1024865 0.0069519 0.0178089 -0.0108637 0.9997582
1781254413.324585 -0.0357054 0.0048703 0.1064394 0.0011315 0.0181865 0.0054464 0.9998192
