1781254294.815118 0.0000000 0.0000000 0.0000000 -0.0000000 -0.0000000 -0.0000000 1.0000000
1781254296.635653 0.1323520 -0.0029958 0.0060488 -0.0006629 -0.0020601 -0.0006066 0.9999975
1781254296.669032 0.1389299 -0.0032940 0.0077769 -0.0008558 -0.0021981 -0.0006423 0.9999970
1781254296.869306 0.1792592 -0.0043539 0.0160320 -0.0009963 -0.0075011 -0.0009726 0.9999709
1781254297.169742 0.2507629 -0.0061053 0.0302009 -0.0015022 -0.0138124 -0.0005232 0.9999034
1781254297.470336 0.3379682 -0.0067032 0.0475111 -0.0012170 -0.0274333 -0.0003300 0.9996229
1781254297.804387 0.4499233 -0.0083112 0.0718243 -0.0024021 -0.0422643 -0.0000830 0.9991036
1781254298.171880 0.5830303 -0.0099258 0.0986990 -0.0032363 -0.0511325 0.0001679 0.9986866
1781254298.505710 0.7131423 -0.0117912 0.1312006 -0.0042831 -0.0556068 -0.0001640 0.9984435
1781254298.772784 0.8207066 -0.0131812 0.1606681 -0.0058502 -0.0560178 0.0001042 0.9984127
1781254300.007864 1.2819049 -0.0160224 0.2920806 -0.0041097 -0.0584320 0.0001752 0.9982830
1781254300.876007 1.6660343 -0.0166074 0.3458350 -0.0029962 -0.0013668 -0.0055654 0.9999791
1781254301.610428 2.0027173 -0.0185852 0.3952741 -0.0016399 0.0011857 -0.0065536 0.9999765
1781254302.077672 2.2175708 -0.0268303 0.4263625 -0.0038519 -0.0040595 -0.0067629 0.9999615
1781254302.444819 2.3825381 -0.0342349 0.4421584 -0.0049103 -0.0024554 -0.0067449 0.9999622
1781254302.711839 2.5027988 -0.0332124 0.4588556 -0.0031897 0.0074541 -0.0078253 0.9999365
1781254302.978859 2.6127372 -0.0366140 0.4686283 -0.0036521 0.0266952 -0.0096391 0.9995905
1781254303.212495 2.6998875 -0.0387330 0.4726270 -0.0028837 0.0407669 -0.0106581 0.9991077
1781254303.546238 2.8220840 -0.0434324 0.4748528 -0.0042791 0.0659423 -0.0118134 0.9977443
1781254303.980099 2.9808452 -0.0499550 0.4485558 -0.0040473 0.1348356 -0.0142549 0.9907572
1781254304.614278 3.1686652 -0.0615425 0.3652231 -0.0005998 0.2633802 -0.0194958 0.9644949
1781254305.582256 3.4165673 -0.0897000 0.0954800 0.0018296 0.5000526 -0.0347676 0.8652950
1781254306.016161 3.4881878 -0.1066042 -0.0594389 0.0022746 0.6030417 -0.0431758 0.7965371
1781254306.650284 3.5028660 -0.1332205 -0.3445017 0.0005833 0.7418709 -0.0567565 0.6681362
1781254306.883900 3.4898183 -0.1374116 -0.4267778 0.0036427 0.7949582 -0.0614967 0.6035283
1781254307.351167 3.4220440 -0.1538267 -0.5827785 0.0059035 0.8736932 -0.0656453 0.4819917
1781254307.651587 3.3545015 -0.1630412 -0.6735940 0.0077725 0.9108430 -0.0674056 0.4071378
1781254307.952010 3.2683940 -0.1743139 -0.7493498 0.0088208 0.9398832 -0.0678750 0.3345665
1781254308.152292 3.2122381 -0.1768700 -0.7940261 0.0107884 0.9565540 -0.0692460 0.2830072
1781254308.319177 3.1636779 -0.1782230 -0.8222480 0.0119854 0.9689704 -0.0697639 0.2368242
1781254308.619570 3.0739903 -0.1799238 -0.8645835 0.0143284 0.9844881 -0.0708268 0.1598799
1781254308.886585 2.9800503 -0.1756061 -0.8844554 0.0162467 0.9948876 -0.0718170 0.0691162
1781254309.220354 2.8560646 -0.1767448 -0.8600745 -0.0201921 -0.9956963 0.0700969 0.0571626
1781254309.854515 2.6369665 -0.1676383 -0.7837506 -0.0204898 -0.9714466 0.0668457 0.2267231
1781254310.588838 2.3648357 -0.1556584 -0.7223431 -0.0199315 -0.9758010 0.0673036 0.2070878
1781254311.189666 2.1479661 -0.1477786 -0.7336113 -0.0189157 -0.9896107 0.0691747 0.1246103
1781254311.990680 1.8802682 -0.1479123 -0.8172089 0.0159750 0.9973416 -0.0702502 0.0109325
1781254312.491312 1.7317997 -0.1527351 -0.9174925 0.0132879 0.9897878 -0.0711684 0.1227948
1781254313.192196 1.5466925 -0.1657135 -1.0877500 0.0116587 0.9662346 -0.0689545 0.2479924
1781254314.026620 1.4051950 -0.1856498 -1.3467429 0.0084648 0.9177365 -0.0646470 0.3918021
1781254314.827652 1.3741763 -0.2032361 -1.5786264 0.0060190 0.8538374 -0.0615807 0.5168493
1781254315.962435 1.3331882 -0.2261021 -1.8267210 0.0046074 0.8510428 -0.0613867 0.5214754
1781254317.831490 1.2778479 -0.2338129 -1.9179978 0.0079348 0.8792615 -0.0606113 0.4724009
1781254318.365516 1.1758939 -0.2362357 -2.0000262 0.0075794 0.9492434 -0.0685184 0.3068954
1781254319.566985 0.8417114 -0.2147453 -2.0565982 -0.0118091 -0.9923630 0.0787549 0.0942016
1781254320.100955 0.6504061 -0.2068862 -1.9804471 -0.0147382 -0.9749508 0.0777313 0.2078741
1781254321.269010 0.2255191 -0.1859071 -1.7501924 -0.0181069 -0.9501224 0.0740427 0.3024192
1781254322.437131 -0.2528973 -0.1288511 -1.3991936 -0.0171502 -0.8965080 0.0753801 0.4362305
1781254327.443671 0.1284503 -0.0076329 -0.0540846 -0.0028512 -0.0810108 0.0037183 0.9967023
