1781254294.815118 0.000000000 0.000000000 0.000000000 -0.000000000 -0.000000000 -0.000000000 1.000000000
1781254295.801288 0.003420054 -0.000905711 -0.002278777 -0.000223023 -0.005771950 -0.000134020 0.999983311
1781254295.934771 0.012291235 -0.000929555 -0.002651087 -0.000135763 -0.011916614 0.000285163 0.999928951
1781254295.968142 0.015632337 -0.001514049 -0.002604418 -0.000339700 -0.013092225 0.000473608 0.999914110
1781254296.034883 0.022873150 -0.001478013 -0.002398813 -0.000423552 -0.014236798 0.000403524 0.999898493
1781254296.068254 0.027373265 -0.000852640 -0.002132702 -0.000073187 -0.013757749 0.000365401 0.999905288
1781254296.101625 0.031948205 -0.001508128 -0.002298140 -0.000261565 -0.012764449 0.000257227 0.999918461
1781254296.134996 0.037075549 -0.001546657 -0.001747963 -0.000274698 -0.011936598 0.000298107 0.999928713
1781254296.168372 0.042434342 -0.001178530 -0.001581091 -0.000141852 -0.011040757 0.000386722 0.999938965
1781254296.201748 0.047647528 -0.002463632 -0.002043052 -0.000576798 -0.009798707 0.000108612 0.999951839
1781254296.235124 0.053664844 -0.000965011 -0.001189702 -0.000123069 -0.009066784 0.000066462 0.999958932
1781254296.268501 0.059567016 -0.002371004 -0.001005552 -0.000696404 -0.007965574 0.000000285 0.999968052
1781254296.301877 0.065766633 -0.001883332 -0.000981588 -0.000594707 -0.007120512 -0.000119522 0.999974489
1781254296.335254 0.071295023 -0.003518112 -0.001237103 -0.001191945 -0.006465578 -0.000368109 0.999978364
1781254296.468763 0.099503383 -0.001689474 0.001715648 -0.000550038 -0.004796557 -0.000172032 0.999988317
1781254296.502141 0.105573133 -0.001397183 0.002935886 -0.000110759 -0.004073312 -0.000262587 0.999991715
1781254296.568896 0.119316161 -0.002423693 0.004248878 -0.000483924 -0.002342668 -0.000503511 0.999997020
1781254296.602275 0.126644418 -0.002634259 0.004772611 -0.000634638 -0.002436727 -0.000428685 0.999996722
1781254296.635653 0.132351965 -0.002995840 0.006048750 -0.000662920 -0.002060051 -0.000606559 0.999997497
1781254296.669032 0.138929948 -0.003294008 0.007776857 -0.000855777 -0.002198109 -0.000642331 0.999997020
1781254296.702411 0.145550326 -0.003638204 0.008380810 -0.000915801 -0.002954309 -0.000833969 0.999994874
1781254296.735789 0.151607960 -0.003941494 0.010257269 -0.001131315 -0.003360274 -0.000916110 0.999993324
1781254296.769168 0.158660784 -0.003904066 0.011450049 -0.001036754 -0.003968957 -0.000909806 0.999991179
1781254296.835926 0.171887636 -0.004152438 0.015499886 -0.001156828 -0.006500006 -0.001088870 0.999977648
1781254296.869306 0.179259151 -0.004353925 0.016032027 -0.000996328 -0.007501148 -0.000972643 0.999970913
1781254296.902685 0.187125996 -0.004770157 0.017215418 -0.001198300 -0.008550236 -0.000840926 0.999962449
1781254296.936065 0.193736792 -0.005002954 0.019368695 -0.001049473 -0.008850989 -0.000870017 0.999959946
1781254296.969445 0.201107651 -0.005245001 0.020331308 -0.001102284 -0.009570980 -0.001171462 0.999952972
1781254297.036205 0.216413707 -0.005455537 0.023404161 -0.001301022 -0.010182945 -0.000903388 0.999946892
1781254297.069585 0.224867165 -0.006148595 0.024660183 -0.001343559 -0.010896483 -0.000923019 0.999939382
1781254297.169742 0.250762820 -0.006105264 0.030200858 -0.001502216 -0.013812402 -0.000523242 0.999903381
1781254297.203139 0.256948054 -0.006221967 0.032898795 -0.001710982 -0.013881277 -0.001201765 0.999901474
1781254297.236536 0.266653210 -0.006156347 0.034560259 -0.001355310 -0.015260549 -0.000817742 0.999882340
1781254297.269934 0.276062161 -0.005674405 0.036811531 -0.001417821 -0.016980404 -0.000489218 0.999854803
1781254297.303334 0.285174429 -0.005318795 0.038638067 -0.001343340 -0.017446402 -0.000548217 0.999846756
1781254297.470336 0.337968230 -0.006703161 0.047511123 -0.001216997 -0.027433349 -0.000329969 0.999622881
1781254297.503739 0.349204898 -0.007148783 0.049524233 -0.001327132 -0.029430486 -0.000453330 0.999565840
1781254297.537142 0.360203773 -0.007513217 0.051181186 -0.001202546 -0.031361237 -0.000370692 0.999507368
1781254297.570545 0.369598120 -0.007502484 0.054619014 -0.001247860 -0.032194175 -0.000238680 0.999480844
1781254297.603950 0.380098253 -0.007448515 0.057313334 -0.001297742 -0.033755984 -0.000305568 0.999429226
1781254297.637354 0.391780466 -0.007616109 0.059600279 -0.001520680 -0.035004966 -0.000435055 0.999385893
1781254297.670759 0.402208149 -0.007889266 0.061767690 -0.001772926 -0.036087032 -0.000539011 0.999346912
1781254297.704165 0.414361358 -0.008404961 0.063029140 -0.001938774 -0.037112091 -0.000107107 0.999309301
1781254297.737572 0.422660053 -0.007156367 0.067589127 -0.001738041 -0.038091037 -0.000637534 0.999272585
1781254297.770979 0.434969306 -0.007196716 0.069551356 -0.001786912 -0.040390749 -0.000454377 0.999182284
1781254297.804387 0.449923307 -0.008311237 0.071824320 -0.002402112 -0.042264309 -0.000082994 0.999103606
1781254297.837796 0.461193591 -0.008368482 0.074364081 -0.002352902 -0.042689800 -0.000481127 0.999085486
1781254297.871205 0.471513867 -0.007371506 0.077570662 -0.002059346 -0.043341402 -0.000203324 0.999058187
1781254297.904614 0.483060628 -0.009821120 0.079824798 -0.003111828 -0.045369573 -0.000403556 0.998965383
1781254297.938025 0.493870705 -0.009813941 0.082783595 -0.003118036 -0.046220060 -0.000494556 0.998926342
1781254297.971435 0.505391777 -0.009942843 0.084616445 -0.003276369 -0.047474574 -0.000509494 0.998866975
1781254298.004848 0.518023252 -0.010186847 0.086695604 -0.003208828 -0.047814522 -0.000241429 0.998851120
1781254298.071673 0.540014744 -0.008704258 0.092640601 -0.002681167 -0.047851976 -0.000450883 0.998850763
1781254298.105086 0.551891208 -0.009289267 0.095018484 -0.002837118 -0.048669592 -0.000840504 0.998810589
1781254298.138498 0.565461755 -0.009881013 0.097455509 -0.003425325 -0.049287364 -0.000593043 0.998778641
1781254298.171880 0.583030343 -0.009925774 0.098699003 -0.003236262 -0.051132485 0.000167902 0.998686612
1781254298.205263 0.594402790 -0.011006205 0.101506107 -0.003570156 -0.051321100 -0.000460706 0.998675764
1781254298.238645 0.606451035 -0.010045000 0.104290374 -0.003668071 -0.052724376 -0.000655379 0.998602152
1781254298.272028 0.618098497 -0.009378203 0.108222716 -0.003383355 -0.052227054 -0.000937152 0.998629093
1781254298.338793 0.644667685 -0.011008609 0.113907628 -0.004047585 -0.053199660 -0.000874050 0.998575330
1781254298.438943 0.685729802 -0.011255804 0.123822249 -0.004240578 -0.053777978 -0.000312565 0.998543859
1781254298.472326 0.699531198 -0.012389001 0.127298072 -0.004570039 -0.054729514 -0.000315008 0.998490751
1781254298.505710 0.713142335 -0.011791229 0.131200552 -0.004283102 -0.055606846 -0.000163990 0.998443544
1781254298.539093 0.725190699 -0.010676071 0.134843633 -0.003993168 -0.055812761 -0.000309965 0.998433292
1781254298.572477 0.738568068 -0.011167224 0.138440698 -0.004396245 -0.055094074 -0.000523766 0.998471379
1781254298.605861 0.751732826 -0.012008601 0.142258734 -0.004372057 -0.053972289 -0.000418688 0.998532772
1781254298.639245 0.766869545 -0.012344547 0.146730095 -0.004676306 -0.054858938 -0.000455431 0.998483121
1781254298.672630 0.779682457 -0.012561874 0.151352167 -0.005320378 -0.055444930 -0.000391751 0.998447537
1781254298.706015 0.791398108 -0.012545911 0.154629976 -0.004916643 -0.054112468 -0.000517979 0.998522639
1781254298.739399 0.802613795 -0.011168536 0.157701045 -0.004512032 -0.053778354 -0.000598448 0.998542547
1781254298.772784 0.820706666 -0.013181191 0.160668060 -0.005850184 -0.056017820 0.000104225 0.998412669
1781254298.806169 0.830752134 -0.013248559 0.164251223 -0.005314257 -0.054168500 -0.000313157 0.998517632
1781254298.872939 0.858118117 -0.013468508 0.171865389 -0.005913591 -0.056829926 0.000329373 0.998366356
1781254298.906324 0.871376872 -0.014719661 0.174928844 -0.006197052 -0.057599783 0.000385875 0.998320520
1781254298.973095 0.896416008 -0.014511683 0.182482451 -0.006278459 -0.059541445 0.000410404 0.998206019
1781254299.006480 0.905592918 -0.014525794 0.186539441 -0.005919354 -0.058176298 0.000309964 0.998288751
1781254299.073252 0.925768971 -0.012490291 0.195311710 -0.005100777 -0.061596353 0.000278062 0.998088121
1781254299.106638 0.939648390 -0.012131892 0.199961901 -0.005091566 -0.063860431 0.000686333 0.997945666
1781254299.140024 0.950443208 -0.012839171 0.203251421 -0.005314352 -0.065845355 0.000459683 0.997815609
1781254299.173402 0.963297129 -0.013956257 0.207932189 -0.005427900 -0.068814918 0.001075932 0.997614205
1781254299.206780 0.973739982 -0.012200094 0.212408990 -0.005057124 -0.071385235 0.001240825 0.997435272
1781254299.240158 0.983391464 -0.012786205 0.216240197 -0.004783425 -0.072977237 0.001438305 0.997321129
1781254299.273536 0.995790482 -0.011992311 0.221429393 -0.004644460 -0.074774675 0.001741964 0.997188151
1781254299.306915 1.005576491 -0.010743409 0.225163087 -0.003742378 -0.076045558 0.001777911 0.997095764
1781254299.340293 1.019235849 -0.011531811 0.230935529 -0.004336186 -0.080314077 0.002088325 0.996758044
1781254299.373671 1.030960083 -0.011015378 0.235593900 -0.004426441 -0.082237601 0.002292518 0.996600330
1781254299.440429 1.054442048 -0.008687007 0.245937124 -0.003259602 -0.085091569 0.002399577 0.996364951
1781254299.473807 1.066652894 -0.010511440 0.250986725 -0.003862121 -0.086455151 0.003201863 0.996243119
1781254299.507185 1.079471469 -0.009594752 0.255417198 -0.003708971 -0.087484024 0.003169508 0.996154010
1781254299.540564 1.091156483 -0.007481691 0.259392768 -0.002820924 -0.086550511 0.002457344 0.996240437
1781254299.607321 1.110700846 -0.011158212 0.262079716 -0.003559328 -0.084100112 0.001430021 0.996450007
1781254299.640699 1.122624993 -0.009831988 0.266784310 -0.003207848 -0.082765594 0.001762007 0.996562421
1781254299.674078 1.137118578 -0.006896188 0.272778004 -0.002487840 -0.081918746 0.002167352 0.996633589
1781254299.707456 1.150440097 -0.007566794 0.276510000 -0.002180880 -0.079936221 0.001994530 0.996795595
1781254299.740835 1.160640597 -0.007494978 0.277210265 -0.002343015 -0.075843155 0.002449970 0.997114003
1781254299.807592 1.189321280 -0.005919341 0.285295695 -0.001809608 -0.072154261 0.002502625 0.997388721
1781254299.874349 1.218538523 -0.008365602 0.289976865 -0.002077540 -0.066571228 0.001563615 0.997778296
1781254299.907728 1.234995246 -0.008003662 0.294877291 -0.001915357 -0.066213682 0.001335208 0.997802734
1781254299.941107 1.253025413 -0.013085737 0.294748127 -0.003571687 -0.065857381 0.001367077 0.997821748
1781254299.974486 1.270500064 -0.013711603 0.296631426 -0.003706935 -0.063777201 0.001076448 0.997956693
1781254300.007864 1.281904936 -0.016022354 0.292080611 -0.004109650 -0.058432035 0.000175175 0.998282969
1781254300.074622 1.306707621 -0.014668561 0.296522588 -0.003306169 -0.054755796 -0.000142461 0.998494387
1781254300.108002 1.322032690 -0.016178632 0.298287898 -0.003658425 -0.052062858 -0.000076203 0.998637199
1781254300.174770 1.350062370 -0.014454093 0.304173023 -0.002725287 -0.046279624 -0.000703859 0.998924613
1781254300.241549 1.377521276 -0.018354796 0.306896567 -0.004575725 -0.043278631 -0.001208004 0.999051869
1781254300.274939 1.391086817 -0.014384522 0.311973006 -0.002781759 -0.039769713 -0.001759282 0.999203503
1781254300.341720 1.422277808 -0.014263675 0.316254884 -0.002582705 -0.034836259 -0.002370689 0.999386907
1781254300.375111 1.433961391 -0.014327298 0.318191648 -0.002794412 -0.031962641 -0.002477970 0.999482095
1781254300.408502 1.447749615 -0.015330351 0.319468617 -0.003056733 -0.028771477 -0.002170023 0.999579012
1781254300.475285 1.474118948 -0.014152229 0.323592812 -0.002518073 -0.023336858 -0.002936378 0.999720216
1781254300.508677 1.491154552 -0.012989281 0.326210737 -0.001828661 -0.020741645 -0.003087710 0.999778450
1781254300.575462 1.517651439 -0.013903663 0.329703957 -0.002441401 -0.017349249 -0.003829354 0.999839246
1781254300.608855 1.534340143 -0.014789266 0.330280930 -0.002553721 -0.014916355 -0.004085414 0.999877155
1781254300.642248 1.549528837 -0.016511997 0.331314623 -0.003334177 -0.011880987 -0.004321165 0.999914587
1781254300.675641 1.557975292 -0.008245755 0.339441568 -0.000296618 -0.007355844 -0.003872541 0.999965429
1781254300.742428 1.591654301 -0.015894884 0.336361170 -0.003010496 -0.006283661 -0.004527511 0.999965489
1781254300.775822 1.606901765 -0.015597370 0.338499039 -0.002817949 -0.003308604 -0.004602442 0.999979973
1781254300.842612 1.640736938 -0.017391928 0.342039168 -0.003335008 0.001272529 -0.005139934 0.999980509
1781254300.876007 1.666034341 -0.016607367 0.345835030 -0.002996224 -0.001366803 -0.005565405 0.999979138
1781254300.909402 1.680934072 -0.020822071 0.344923377 -0.004861877 -0.000145855 -0.005742657 0.999971688
1781254300.976193 1.714449406 -0.025567044 0.345678061 -0.006252650 0.003353593 -0.007025959 0.999950171
1781254301.009589 1.731276155 -0.023148593 0.349084884 -0.005028424 0.005000844 -0.006593683 0.999953091
1781254301.076382 1.758285284 -0.020974956 0.354861438 -0.003989499 0.004449741 -0.006475027 0.999961197
1781254301.143175 1.788451672 -0.026456455 0.357481688 -0.006117186 0.004414889 -0.007327231 0.999944746
1781254301.176550 1.808314323 -0.024849689 0.361101389 -0.005319692 0.004342120 -0.007891180 0.999945343
1781254301.243301 1.833413124 -0.022619894 0.365098238 -0.004095693 0.005336164 -0.006571088 0.999955773
1781254301.310052 1.865329146 -0.027020620 0.368829608 -0.005494626 0.004957640 -0.008536334 0.999936223
1781254301.343427 1.879242897 -0.024024293 0.374550760 -0.004150650 0.005372020 -0.007953549 0.999945343
1781254301.376802 1.893319249 -0.021629579 0.378455549 -0.003286824 0.003396827 -0.007846978 0.999958098
1781254301.443552 1.925035477 -0.024628328 0.380604565 -0.003890280 0.001462019 -0.008270823 0.999957204
1781254301.510303 1.949447036 -0.022522476 0.383051217 -0.002791899 0.004567083 -0.007901520 0.999954462
1781254301.543679 1.969765902 -0.020761551 0.388454705 -0.002159027 0.001620491 -0.007365628 0.999969244
1781254301.610428 2.002717257 -0.018585222 0.395274073 -0.001639925 0.001185656 -0.006553617 0.999976456
1781254301.677178 2.030830860 -0.017368842 0.401042849 -0.001093821 -0.000994530 -0.006593479 0.999977171
1781254301.743927 2.062360287 -0.018687680 0.404882848 -0.001253793 -0.000156802 -0.006621900 0.999977291
1781254301.810677 2.092059612 -0.018338440 0.410228878 -0.000964245 0.000740985 -0.006535855 0.999977946
1781254301.877426 2.118917942 -0.017109739 0.416147649 -0.000777302 -0.001514628 -0.006472487 0.999977648
1781254301.944175 2.151404858 -0.019835044 0.419293016 -0.001967652 -0.000925592 -0.006679599 0.999975383
1781254302.010924 2.184763908 -0.023109831 0.423585653 -0.002875325 -0.004680288 -0.006733447 0.999962270
1781254302.077672 2.217570782 -0.026830297 0.426362455 -0.003851933 -0.004059506 -0.006762863 0.999961495
1781254302.111047 2.232501507 -0.027482769 0.428190231 -0.004255418 -0.005147060 -0.006580944 0.999956071
1781254302.177798 2.259097338 -0.026755322 0.433704048 -0.003803762 -0.006314212 -0.007397710 0.999945521
1781254302.244555 2.290102243 -0.028601220 0.436937541 -0.004121293 -0.005058662 -0.006388832 0.999958396
1781254302.277932 2.302860498 -0.029195827 0.439579278 -0.004280875 -0.005059415 -0.006911288 0.999954224
1781254302.344687 2.333309889 -0.030141640 0.440433353 -0.004260890 -0.001842274 -0.007597281 0.999960363
1781254302.444819 2.382538319 -0.034234922 0.442158401 -0.004910261 -0.002455418 -0.006744857 0.999962211
1781254302.478197 2.399106026 -0.034266274 0.444227695 -0.004704018 -0.001544598 -0.006842223 0.999964356
1781254302.544951 2.427149534 -0.033483129 0.448874116 -0.003956882 0.002561383 -0.007188017 0.999963045
1781254302.611706 2.454915762 -0.035430666 0.450835168 -0.004951907 0.004019088 -0.007486339 0.999951720
1781254302.645084 2.470775604 -0.036142230 0.451520503 -0.004833471 0.006963560 -0.007196438 0.999938190
1781254302.711839 2.502798796 -0.033212435 0.458855569 -0.003189729 0.007454085 -0.007825340 0.999936521
1781254302.745216 2.518698931 -0.034354944 0.460406542 -0.003789830 0.009309545 -0.007998521 0.999917507
1781254302.778594 2.531383514 -0.034776770 0.461677492 -0.003587153 0.013903890 -0.008011098 0.999864817
1781254302.845348 2.558020353 -0.034912359 0.464654893 -0.003348382 0.017226133 -0.008627630 0.999808848
1781254302.878726 2.571131468 -0.036096834 0.464878798 -0.003957837 0.019698009 -0.008698925 0.999760330
1781254302.912104 2.586222172 -0.035384234 0.466836929 -0.003325104 0.022643231 -0.009301513 0.999694824
1781254302.945482 2.599326372 -0.035861611 0.467982620 -0.003008230 0.025562838 -0.008937593 0.999628782
1781254302.978859 2.612736940 -0.036613993 0.468628228 -0.003652106 0.026695216 -0.009639084 0.999590456
1781254303.012236 2.624851465 -0.036414333 0.468984872 -0.003450115 0.029963929 -0.010207386 0.999492943
1781254303.045614 2.636601925 -0.037711777 0.469242722 -0.003381279 0.033356387 -0.010015709 0.999387622
1781254303.078991 2.649922371 -0.038642202 0.469465405 -0.003475282 0.034459479 -0.010381536 0.999346197
1781254303.112368 2.664370537 -0.036751874 0.471209049 -0.002778924 0.035004508 -0.010526238 0.999327898
1781254303.179120 2.687393665 -0.037964314 0.473096371 -0.002672304 0.039137434 -0.011484255 0.999164283
1781254303.212495 2.699887753 -0.038733039 0.472626984 -0.002883679 0.040766891 -0.010658127 0.999107718
1781254303.279244 2.722381353 -0.039169982 0.474248290 -0.002809361 0.043110922 -0.011368380 0.999001682
1781254303.312618 2.735614061 -0.038941719 0.475311697 -0.003111939 0.044707194 -0.011196241 0.998932600
1781254303.379367 2.760583401 -0.039702281 0.475944310 -0.003115256 0.049229939 -0.011236899 0.998719454
1781254303.412741 2.770447731 -0.041366182 0.475717127 -0.004061990 0.051863015 -0.011212227 0.998583019
1781254303.446115 2.784080744 -0.040968861 0.476842701 -0.003680512 0.055205353 -0.011219337 0.998405218
1781254303.479490 2.794267416 -0.042893879 0.475942612 -0.004418839 0.059998605 -0.011278030 0.998125017
1781254303.546238 2.822083712 -0.043432433 0.474852800 -0.004279066 0.065942317 -0.011813398 0.997744322
1781254303.579612 2.834097385 -0.043849237 0.473901838 -0.004419692 0.070786037 -0.011866785 0.997411191
1781254303.612987 2.845568895 -0.043645371 0.472734898 -0.004141367 0.075781502 -0.012286237 0.997040153
1781254303.646361 2.859195471 -0.045189664 0.471384704 -0.004879586 0.080271736 -0.012456459 0.996683240
1781254303.679735 2.870963812 -0.045305870 0.469337791 -0.004502892 0.086704127 -0.012883430 0.996140659
1781254303.713109 2.883614063 -0.046485927 0.467657298 -0.004912454 0.091264650 -0.013350351 0.995725095
1781254303.746483 2.895919085 -0.046624810 0.465605378 -0.004662468 0.096473314 -0.013072827 0.995238841
1781254303.779857 2.908600330 -0.046856426 0.463416398 -0.004237547 0.103220336 -0.012957526 0.994565070
1781254303.846604 2.932769537 -0.050221607 0.457297623 -0.005214344 0.112470657 -0.014465084 0.993536055
1781254303.879978 2.944761038 -0.049884275 0.455700457 -0.004976323 0.118599206 -0.013666973 0.992835701
1781254303.913352 2.959927559 -0.049546547 0.452941388 -0.004138104 0.122888207 -0.014194811 0.992310405
1781254303.980099 2.980845213 -0.049954996 0.448555768 -0.004047343 0.134835601 -0.014254911 0.990757227
1781254304.046846 3.002759695 -0.050501060 0.441721261 -0.003369316 0.146367848 -0.014670475 0.989115775
1781254304.080219 3.014102697 -0.050230697 0.439084798 -0.003291399 0.152426034 -0.015028950 0.988195181
1781254304.146966 3.035376787 -0.052080400 0.431169033 -0.003152261 0.166174665 -0.015561455 0.985968590
1781254304.180345 3.044656754 -0.051915985 0.429167330 -0.003030068 0.173156947 -0.015963297 0.984760225
1781254304.247104 3.065672398 -0.052832440 0.419591069 -0.002101850 0.186693534 -0.016632224 0.982275188
1781254304.280483 3.076238155 -0.051380776 0.417663425 -0.001359932 0.193593875 -0.016162850 0.980947673
1781254304.347243 3.091462612 -0.051244646 0.410660148 -0.000217940 0.208299175 -0.017054511 0.977916479
1781254304.414001 3.112368822 -0.055417378 0.398412138 -0.001338922 0.219964877 -0.018062061 0.975339651
1781254304.447381 3.118104458 -0.055779874 0.395253062 -0.000898267 0.229265824 -0.018324854 0.973190963
1781254304.480760 3.129116058 -0.057694871 0.387391090 -0.001249645 0.235690683 -0.018762913 0.971646190
1781254304.514139 3.138256550 -0.055482939 0.383786976 0.000338193 0.243037075 -0.018661564 0.969837487
1781254304.547519 3.146836519 -0.055033214 0.379960716 0.001071778 0.250719517 -0.018753406 0.967877567
1781254304.614278 3.168665409 -0.061542545 0.365223080 -0.000599826 0.263380200 -0.019495780 0.964494884
1781254304.647657 3.176676750 -0.061879765 0.359780312 -0.000177025 0.272557259 -0.019940123 0.961932957
1781254304.681037 3.182832479 -0.062624186 0.355731249 -0.000431993 0.280105710 -0.020365840 0.959753036
1781254304.747795 3.198538303 -0.064874455 0.342714399 -0.000115997 0.295815408 -0.021561515 0.955001771
1781254304.781175 3.205546856 -0.065778837 0.335937053 -0.000253427 0.303711504 -0.022126678 0.952507079
1781254304.814554 3.216243029 -0.066939510 0.328427166 -0.000210620 0.310519874 -0.022722283 0.950295269
1781254304.847934 3.224335194 -0.066735089 0.321310431 0.000321164 0.319668412 -0.022852743 0.947253823
1781254304.881314 3.228597641 -0.070021302 0.318152696 -0.000809937 0.330058128 -0.023940265 0.943656623
1781254304.914693 3.238919735 -0.067041606 0.309592843 0.000583256 0.338281333 -0.024419658 0.940728009
1781254304.981452 3.246136665 -0.068703137 0.299209952 0.000657537 0.360218704 -0.026074342 0.932503223
1781254305.014833 3.256039143 -0.072889611 0.290842652 -0.000352437 0.368061811 -0.026445087 0.929425180
1781254305.048213 3.264162779 -0.071794808 0.283340037 0.000616555 0.377063096 -0.026675001 0.925803185
1781254305.081592 3.273113251 -0.071803942 0.272578895 0.001068733 0.385934949 -0.026875770 0.922133863
1781254305.114972 3.274245501 -0.073697463 0.266145527 0.000535312 0.396283180 -0.028278731 0.917692661
1781254305.148352 3.276172161 -0.069125205 0.265636325 0.002438746 0.407900125 -0.028723020 0.912571430
1781254305.181729 3.280543089 -0.069523685 0.258866191 0.002243557 0.417388231 -0.030833708 0.908202231
1781254305.215106 3.286094189 -0.074633472 0.246218145 0.001235498 0.426744372 -0.029608598 0.903886676
1781254305.248483 3.291684389 -0.077691756 0.234277606 0.000625234 0.435278445 -0.031179311 0.899755657
1781254305.281861 3.295173645 -0.074461609 0.234874845 0.001821675 0.445678294 -0.031522404 0.894636214
1781254305.315238 3.310898304 -0.074006282 0.218660474 0.002726027 0.453745127 -0.030613653 0.890601397
1781254305.348615 3.316882133 -0.075034887 0.209637403 0.002740607 0.463463694 -0.032405108 0.885518968
1781254305.381992 3.319590092 -0.080170527 0.202033281 0.001646947 0.472641408 -0.032463044 0.880655169
1781254305.415370 3.327457190 -0.077108219 0.191499949 0.002825932 0.479618579 -0.033568822 0.876830220
1781254305.448747 3.339238882 -0.078275576 0.177001357 0.003230924 0.486194909 -0.033194534 0.873213708
1781254305.515501 3.346746922 -0.078258254 0.162875772 0.004116890 0.503669262 -0.034485441 0.863198221
1781254305.582256 3.416566372 -0.089700036 0.095480084 0.001829593 0.500052571 -0.034767624 0.865294993
1781254305.615633 3.421661615 -0.090486810 0.086563706 0.002261624 0.508573592 -0.035432559 0.860286236
1781254305.649010 3.428017855 -0.091484629 0.075836539 0.002168478 0.515977740 -0.035980765 0.855843306
1781254305.682387 3.433408737 -0.089873478 0.066641331 0.002652492 0.524206698 -0.036761060 0.850793183
1781254305.715766 3.438260555 -0.090464093 0.057028651 0.003143257 0.533165872 -0.037282255 0.845183074
1781254305.749143 3.445889235 -0.093792543 0.044355750 0.002744277 0.540684342 -0.037789721 0.840371907
1781254305.782520 3.452635288 -0.092419595 0.033353209 0.003194902 0.548512459 -0.038999069 0.835226297
1781254305.815897 3.458698988 -0.092771471 0.021688581 0.003757433 0.556796908 -0.039368674 0.829706669
1781254305.849275 3.462675095 -0.094385155 0.008795023 0.004066159 0.564647377 -0.040084317 0.824348330
1781254305.882652 3.465386868 -0.095188133 -0.000918865 0.003975284 0.573394001 -0.040581204 0.818264425
1781254305.949406 3.477568865 -0.099606834 -0.028760433 0.003584408 0.588063121 -0.041651346 0.807734013
1781254305.982784 3.479668617 -0.104414716 -0.039121389 0.002534525 0.596415162 -0.041851655 0.801580310
1781254306.016161 3.488188267 -0.106604286 -0.059439898 0.002274591 0.603041708 -0.043175753 0.796537101
1781254306.082915 3.497122765 -0.104963914 -0.078861237 0.003735655 0.621261358 -0.045172911 0.782291353
1781254306.216418 3.506571531 -0.106702499 -0.130059004 0.004940889 0.651936114 -0.048414335 0.756710708
1781254306.283167 3.509425163 -0.110528283 -0.156703711 0.004274297 0.665578902 -0.049650546 0.744661927
1781254306.383290 3.509950876 -0.119683459 -0.202809572 0.003098160 0.688808739 -0.050194971 0.723196685
1781254306.416665 3.513998747 -0.113438740 -0.206753016 0.006027495 0.697754145 -0.051582612 0.714452326
1781254306.450039 3.509365082 -0.118376851 -0.214442492 0.004670008 0.706870973 -0.050847497 0.705497146
1781254306.650284 3.502865791 -0.133220494 -0.344501734 0.000583304 0.741870880 -0.056756526 0.668136179
1781254306.817153 3.493060827 -0.137683272 -0.401594162 0.001943616 0.781301618 -0.060039133 0.621256292
1781254306.883900 3.489818096 -0.137411639 -0.426777840 0.003642695 0.794958234 -0.061496712 0.603528321
1781254306.950647 3.481440306 -0.140863299 -0.449041843 0.003144997 0.809301376 -0.062556490 0.584044635
1781254307.050768 3.469896793 -0.144204348 -0.483026981 0.003739132 0.826475739 -0.063321270 0.559387565
1781254307.150889 3.457769871 -0.147796392 -0.515604019 0.004872951 0.844349861 -0.064518899 0.531871140
1781254307.251028 3.441758156 -0.148041904 -0.552970409 0.005910448 0.858244002 -0.065662004 0.508990109
1781254307.351167 3.422044039 -0.153826758 -0.582778931 0.005903546 0.873693228 -0.065645307 0.481991678
1781254307.451307 3.401120186 -0.155936182 -0.615426064 0.007106313 0.887060583 -0.066212796 0.456824750
1781254307.551447 3.380331039 -0.159359276 -0.643707752 0.007738818 0.900728703 -0.067044616 0.429107308
1781254307.651587 3.354501486 -0.163041174 -0.673593044 0.007772473 0.910843015 -0.067405581 0.407137781
1781254307.751728 3.330643177 -0.165709078 -0.699974537 0.008304046 0.920438945 -0.067737572 0.384882987
1781254307.851869 3.303749561 -0.167410746 -0.725603580 0.009245513 0.931091249 -0.068827845 0.358115107
1781254307.952010 3.268392801 -0.174313873 -0.749349594 0.008820836 0.939883232 -0.067874976 0.334566534
1781254308.052151 3.245890856 -0.175156727 -0.771632671 0.009766173 0.949342728 -0.068900406 0.306440651
1781254308.152292 3.212237120 -0.176870003 -0.794025898 0.010788398 0.956553996 -0.069246039 0.283007205
1781254308.185669 3.200778008 -0.176513255 -0.801957607 0.010975089 0.959167659 -0.069449849 0.273959428
1781254308.319177 3.163678169 -0.178223073 -0.822247744 0.011985367 0.968970418 -0.069763921 0.236824185
1781254308.519439 3.103168964 -0.179444879 -0.850304604 0.013369506 0.979893863 -0.071051992 0.185959816
1781254308.619570 3.073990345 -0.179923743 -0.864583254 0.014328409 0.984488070 -0.070826761 0.159879938
1781254308.686323 3.049365282 -0.178463429 -0.871028900 0.015373237 0.987506449 -0.070869051 0.139900878
1781254308.786454 3.016127586 -0.178981483 -0.875353813 0.015156847 0.991825104 -0.071229100 0.104784355
1781254308.886585 2.980050087 -0.175606117 -0.884455442 0.016246721 0.994887590 -0.071816981 0.069116250
1781254308.986715 2.937477827 -0.178863257 -0.873084188 0.017411046 0.996889710 -0.070845492 0.029812273
1781254309.020092 2.922007799 -0.176012158 -0.877876997 0.018264942 0.997122169 -0.071597308 0.016960280
1781254309.053468 2.912712097 -0.176186025 -0.880684972 0.018459184 0.997260451 -0.071509458 0.004159167
1781254309.086845 2.907210827 -0.175263330 -0.881131768 -0.018726222 -0.997226954 0.071460404 0.009013522
1781254309.220354 2.856065035 -0.176744834 -0.860074520 -0.020192148 -0.995696306 0.070096895 0.057162557
1781254309.387238 2.799724102 -0.175932273 -0.850577235 -0.020944748 -0.991246462 0.069141746 0.110504985
1781254309.520746 2.743316650 -0.169128999 -0.838129699 -0.020405348 -0.985623956 0.069937281 0.152439818
1781254309.654254 2.708664894 -0.166596919 -0.831949472 -0.019468611 -0.979580164 0.069257163 0.187742189
1781254309.754385 2.666851044 -0.163657948 -0.815933585 -0.020075195 -0.975601375 0.069686547 0.207226515
1781254309.854515 2.636965513 -0.167638272 -0.783750296 -0.020489763 -0.971446574 0.066845708 0.226723135
1781254309.887892 2.623302460 -0.166449726 -0.778477609 -0.020691974 -0.970058322 0.067127414 0.232492372
1781254309.921270 2.612477779 -0.166507900 -0.773233473 -0.020403845 -0.969320536 0.066632301 0.235715121
1781254309.954647 2.600962877 -0.166379616 -0.769606888 -0.020471178 -0.968790770 0.066058844 0.238037229
1781254310.021401 2.576117277 -0.164801806 -0.763807476 -0.020530956 -0.968095243 0.066360250 0.240762278
1781254310.054777 2.564930916 -0.164883301 -0.759452164 -0.020805754 -0.968103111 0.066231780 0.240742400
1781254310.088154 2.553205013 -0.163592815 -0.757520199 -0.020487543 -0.967936039 0.066620991 0.241333395
1781254310.121531 2.539647579 -0.163286805 -0.756151617 -0.020608021 -0.968095481 0.066343524 0.240759537
1781254310.154908 2.527686119 -0.162783623 -0.752092957 -0.020897795 -0.968158841 0.066336118 0.240481377
1781254310.221667 2.503644705 -0.162334919 -0.746676624 -0.020136904 -0.969442844 0.066038840 0.235401884
1781254310.255046 2.492620468 -0.160393760 -0.746575713 -0.020179663 -0.969622612 0.066397317 0.234555379
1781254310.288425 2.480595112 -0.161098540 -0.739931107 -0.020699717 -0.969905794 0.066921704 0.233186558
1781254310.321804 2.467804432 -0.160777420 -0.737800539 -0.020230278 -0.970561147 0.066279829 0.230670601
1781254310.355183 2.450786829 -0.159665376 -0.734313726 -0.020093419 -0.971032500 0.066540234 0.228614673
1781254310.388562 2.442665100 -0.159910858 -0.730565310 -0.020123167 -0.971314609 0.066687405 0.227367014
1781254310.421942 2.430709124 -0.159576148 -0.728241503 -0.019641945 -0.971966684 0.066405751 0.224689126
1781254310.455321 2.417632103 -0.158526942 -0.725481689 -0.019667696 -0.972425818 0.066864938 0.222554222
1781254310.488700 2.405225515 -0.159672260 -0.721036017 -0.020082336 -0.973221064 0.066426657 0.219146267
1781254310.522080 2.392725706 -0.158772230 -0.721358418 -0.019172857 -0.973910809 0.066559888 0.216101646
1781254310.555459 2.377401352 -0.159595802 -0.717828214 -0.018935217 -0.975176513 0.066264562 0.210431233
1781254310.588838 2.364834547 -0.155658334 -0.722342789 -0.019931450 -0.975800991 0.067303620 0.207087815
1781254310.622219 2.352288723 -0.155559391 -0.720316887 -0.020178679 -0.976399064 0.067252465 0.204242319
1781254310.655598 2.340310574 -0.155039340 -0.719030261 -0.019892806 -0.977087796 0.067486413 0.200871333
1781254310.688977 2.327296019 -0.153500542 -0.720126450 -0.019903731 -0.977890790 0.067821912 0.196808830
1781254310.722357 2.314594984 -0.154428512 -0.716551661 -0.019796098 -0.978920221 0.067493647 0.191749990
1781254310.755736 2.302061796 -0.153692380 -0.717633188 -0.019641394 -0.979719281 0.067774639 0.187539220
1781254310.789116 2.289984941 -0.152453810 -0.717827797 -0.019805849 -0.980504632 0.068120554 0.183243200
1781254310.822495 2.278565884 -0.152571887 -0.718026459 -0.019431641 -0.981496036 0.067933545 0.177969173
1781254310.889254 2.252958775 -0.153093755 -0.715936542 -0.018995279 -0.983441234 0.067474358 0.167121828
1781254310.956013 2.227628708 -0.152176648 -0.715110958 -0.018888092 -0.984765649 0.067950517 0.158942357
1781254310.989393 2.217244387 -0.151680410 -0.717080116 -0.018714150 -0.985549927 0.067864582 0.154063538
1781254311.056152 2.193430901 -0.152313128 -0.718553603 -0.018636575 -0.987027586 0.067427687 0.144508556
1781254311.089531 2.182487011 -0.151625559 -0.719685733 -0.018776814 -0.987638772 0.068051182 0.139950886
1781254311.122911 2.168820620 -0.150144830 -0.721863985 -0.019013140 -0.988463640 0.068169095 0.133907378
1781254311.189666 2.147965670 -0.147778615 -0.733611226 -0.018915655 -0.989610732 0.069174662 0.124610297
1781254311.223042 2.136603355 -0.147329986 -0.735684156 -0.018699139 -0.990234971 0.069271468 0.119526155
1781254311.289793 2.113861322 -0.146561801 -0.738731980 -0.018948831 -0.991196156 0.069845088 0.110872924
1781254311.323170 2.102300882 -0.146091074 -0.741303802 -0.018514629 -0.991918862 0.069732934 0.104362242
1781254311.423297 2.066010952 -0.146042362 -0.749787152 -0.018412521 -0.993573129 0.069407269 0.087499797
1781254311.456672 2.054147005 -0.145776585 -0.752971411 -0.018539367 -0.993924916 0.069768943 0.083078235
1781254311.523423 2.030989885 -0.145011351 -0.759695292 -0.018095085 -0.994848371 0.070154600 0.070906386
1781254311.556799 2.018040180 -0.145913348 -0.761880040 -0.018126165 -0.995253384 0.069783427 0.065364212
1781254311.590174 2.008814573 -0.144785583 -0.765273929 -0.018112965 -0.995472550 0.070740312 0.060845241
1781254311.623550 1.996294022 -0.145163789 -0.767392397 -0.018582931 -0.995820880 0.070256911 0.055312384
1781254311.656925 1.985868931 -0.146131843 -0.771075487 -0.018380022 -0.996095955 0.070380330 0.050017692
1781254311.690301 1.975315571 -0.145505488 -0.776409149 -0.018329103 -0.996344507 0.070835285 0.044091884
1781254311.723676 1.964284658 -0.145206198 -0.780995607 -0.018194972 -0.996596217 0.070505030 0.038652945
1781254311.757052 1.951227903 -0.148693398 -0.779251575 -0.016749354 -0.996905625 0.069538012 0.032606445
1781254311.823802 1.933989286 -0.147667676 -0.791619062 -0.016750133 -0.997123837 0.070222326 0.023073498
1781254311.890553 1.906749368 -0.148820400 -0.799188316 -0.016191585 -0.997383893 0.069734618 0.010021100
1781254311.990680 1.880268216 -0.147912309 -0.817208648 0.015974967 0.997341573 -0.070250228 0.010932505
1781254312.024056 1.869599700 -0.148592338 -0.822638512 0.015594458 0.997240067 -0.070322238 0.017994866
1781254312.124182 1.840713382 -0.147964105 -0.843563914 0.015394385 0.996614039 -0.070791110 0.038886882
1781254312.157557 1.830867052 -0.149017036 -0.849708438 0.014827273 0.996308327 -0.070753597 0.046301953
1781254312.224308 1.810424685 -0.149366498 -0.862491965 0.014824696 0.995426714 -0.070570007 0.062655792
1781254312.291059 1.793908119 -0.150174707 -0.874592066 0.014009553 0.994428635 -0.070862882 0.076772466
1781254312.324435 1.781495929 -0.150450036 -0.883852005 0.014465063 0.993750691 -0.070861816 0.085023522
1781254312.357810 1.768350244 -0.151287884 -0.889957190 0.014492062 0.993039548 -0.070558466 0.093187965
1781254312.424561 1.752318978 -0.151312709 -0.907905459 0.014210136 0.991590023 -0.071267419 0.107090399
1781254312.491312 1.731799722 -0.152735084 -0.917492628 0.013287934 0.989787817 -0.071168371 0.122794800
1781254312.524688 1.722883821 -0.152709246 -0.925888777 0.013148559 0.988806665 -0.070931524 0.130603269
1781254312.624814 1.695908070 -0.154071689 -0.949582577 0.012801351 0.985593915 -0.071278237 0.152840585
1781254312.758316 1.657506227 -0.157532260 -0.983017087 0.012500078 0.980951965 -0.070905693 0.180414513
1781254312.825067 1.641901016 -0.157541484 -0.999715090 0.012154204 0.978526235 -0.071022913 0.193117857
1781254312.958568 1.603890777 -0.157007396 -1.032533646 0.011960907 0.973796606 -0.071122944 0.215682000
1781254313.092069 1.565980434 -0.163882390 -1.062882900 0.011083732 0.969288766 -0.069634289 0.235600591
1781254313.158819 1.551619053 -0.162529737 -1.088985682 0.011833456 0.966811299 -0.069912545 0.245455012
1781254313.192196 1.546692252 -0.165713429 -1.087749720 0.011658698 0.966234565 -0.068954490 0.247992381
1781254313.258950 1.532862663 -0.166260928 -1.107746601 0.011184562 0.963759422 -0.069456547 0.257329643
1781254313.392458 1.504500031 -0.168197006 -1.148076057 0.011447075 0.957388520 -0.069336407 0.280122757
1781254313.459213 1.489766359 -0.169472814 -1.168682814 0.011086150 0.954099238 -0.069149494 0.291187555
1781254313.559344 1.470194578 -0.171246171 -1.201900721 0.011001667 0.948707223 -0.068356246 0.308482021
1781254313.692851 1.446131825 -0.174212188 -1.245596409 0.010750210 0.941488206 -0.067908242 0.329958797
1781254313.726228 1.442029834 -0.174103022 -1.252229214 0.009918366 0.939645350 -0.068255521 0.335126132
1781254313.792982 1.433218479 -0.175119221 -1.273534775 0.009357361 0.935911000 -0.067415677 0.345598370
1781254313.926489 1.417016983 -0.178247616 -1.305603504 0.008137862 0.926427960 -0.067214407 0.370334238
1781254313.959866 1.413770914 -0.179361954 -1.316726923 0.008145679 0.923968613 -0.066977583 0.376470149
1781254314.026620 1.405194759 -0.185649782 -1.346742868 0.008464786 0.917736471 -0.064646952 0.391802102
1781254314.059997 1.401656985 -0.185009778 -1.356657982 0.009153346 0.915174961 -0.064673439 0.397729129
1781254314.226880 1.391425729 -0.189068139 -1.403043628 0.008137621 0.902509391 -0.063940302 0.425819576
1781254314.327009 1.383905768 -0.192707717 -1.433585882 0.007431752 0.895064771 -0.063718542 0.441297889
1781254314.427137 1.379678726 -0.193411097 -1.453563809 0.007459470 0.888397038 -0.063496016 0.454602450
1781254314.527266 1.376816034 -0.196069643 -1.490719914 0.006784990 0.878585637 -0.063205205 0.473335385
1781254314.627394 1.376968622 -0.198334903 -1.518793821 0.005672756 0.870170712 -0.063849352 0.488563329
1781254314.727522 1.372911811 -0.199031442 -1.542318344 0.006320994 0.862092018 -0.062863052 0.502797902
1781254314.827652 1.374176264 -0.203236118 -1.578626156 0.006018983 0.853837430 -0.061580665 0.516849339
1781254314.927780 1.371751189 -0.207355887 -1.610312581 0.005736551 0.848598838 -0.060967389 0.525480866
1781254315.027908 1.366391301 -0.206884354 -1.643729687 0.005998213 0.845227361 -0.061333034 0.530841887
1781254315.128036 1.360608339 -0.211760014 -1.678159952 0.006355914 0.843401432 -0.060226280 0.533859909
1781254315.261540 1.361382842 -0.217287615 -1.726713181 0.005051671 0.842660904 -0.061238293 0.534927189
1781254315.294916 1.350807667 -0.214399934 -1.731092215 0.005853508 0.843269467 -0.060396109 0.534054995
1781254315.395044 1.345711946 -0.217750236 -1.767042279 0.005646875 0.844530880 -0.060555477 0.532042086
1781254315.461796 1.337131023 -0.223302394 -1.786903143 0.006139521 0.847664773 -0.059577424 0.527140677
1781254315.595300 1.336999655 -0.224293426 -1.819195509 0.006175483 0.849976540 -0.060900442 0.523252308
1781254315.728804 1.332951069 -0.226265654 -1.828438759 0.005900530 0.849939525 -0.060326055 0.523382187
1781254315.828932 1.331740379 -0.226347402 -1.825718641 0.005919105 0.850757718 -0.060282551 0.522055805
1781254315.962435 1.333188057 -0.226102069 -1.826720357 0.004607427 0.851042807 -0.061386742 0.521475375
1781254316.095938 1.334217072 -0.226702094 -1.827425838 0.004315329 0.850871384 -0.061157703 0.521784544
1781254316.196065 1.334326982 -0.226581305 -1.827886820 0.004178807 0.850470424 -0.061175536 0.522436917
1781254316.296191 1.334152341 -0.227293685 -1.827929854 0.004195456 0.850313306 -0.060980633 0.522715092
1781254316.429690 1.333361864 -0.227266386 -1.830218554 0.003998694 0.849517405 -0.060963698 0.524011135
1781254316.496439 1.333023429 -0.227250129 -1.832196116 0.004040970 0.849863946 -0.061075978 0.523435473
1781254316.563189 1.331251621 -0.227465123 -1.832678676 0.004009978 0.850589335 -0.061164390 0.522245884
1781254316.629939 1.329811335 -0.228185967 -1.837883115 0.004078989 0.851173401 -0.061089937 0.521301568
1781254316.730063 1.328727484 -0.228490561 -1.843923330 0.004139298 0.851662755 -0.061167486 0.520492017
1781254316.796813 1.328014731 -0.228500307 -1.844807863 0.004189076 0.852074087 -0.061215382 0.519812405
1781254316.863562 1.327733994 -0.229013279 -1.848359346 0.004165544 0.852357924 -0.061166029 0.519352973
1781254316.896936 1.327839255 -0.227665678 -1.848798990 0.004162806 0.852601349 -0.061424520 0.518922567
1781254316.963687 1.327418447 -0.230059236 -1.852954507 0.004285516 0.852515936 -0.060774390 0.519138515
1781254316.997061 1.326879859 -0.228661090 -1.856252432 0.004324865 0.852470994 -0.061353832 0.519143879
1781254317.130560 1.325294495 -0.229602486 -1.862383723 0.004149999 0.853742540 -0.061357953 0.517050922
1781254317.197313 1.323319197 -0.231340826 -1.867872238 0.003973325 0.854589999 -0.061159763 0.515674055
1781254317.264068 1.320620775 -0.230934784 -1.872925997 0.004054536 0.855827034 -0.061464183 0.513581395
1781254317.330823 1.317760468 -0.231887817 -1.878086805 0.004129211 0.857466161 -0.061462112 0.510839701
1781254317.364201 1.315331340 -0.232287988 -1.881257296 0.003848271 0.858116150 -0.061531689 0.509740889
1781254317.464334 1.310940504 -0.231868401 -1.889320493 0.004468848 0.860634863 -0.061703317 0.505450726
1781254317.497711 1.309245467 -0.233306155 -1.891517997 0.004722173 0.861566126 -0.061136432 0.503928363
1781254317.531089 1.309646487 -0.232601017 -1.894209266 0.004373183 0.862533152 -0.061915673 0.502179027
1781254317.731356 1.293424606 -0.235200495 -1.904042602 0.003828179 0.868287385 -0.062777244 0.492058307
1781254317.831490 1.277847648 -0.233812913 -1.917996764 0.007934761 0.879261494 -0.060611259 0.472400934
1781254317.998378 1.242182493 -0.234001786 -1.899855137 0.007724545 0.905262232 -0.061494306 0.420308530
1781254318.165267 1.223294258 -0.237503365 -1.966573119 0.007093867 0.927030504 -0.065880850 0.369085252
1781254318.198641 1.214548826 -0.239023328 -1.973223925 0.007537842 0.930619478 -0.065230757 0.360049397
1781254318.365516 1.175893784 -0.236235738 -2.000026226 0.007579414 0.949243426 -0.068518437 0.306895435
1781254318.465640 1.149813175 -0.238665700 -2.010664225 0.007571985 0.959087610 -0.068629242 0.274560899
1781254318.532389 1.131802440 -0.238764435 -2.020742655 0.007319831 0.964743495 -0.069228947 0.253818512
1781254318.632513 1.097093821 -0.243444473 -2.029595852 0.007209985 0.972745001 -0.068826027 0.221310213
1781254318.665887 1.088815451 -0.245533228 -2.028425217 0.008193623 0.975117624 -0.068410978 0.210709453
1781254318.732636 1.071143389 -0.243186772 -2.037493229 0.008776110 0.979269862 -0.069470540 0.190071836
1781254318.766011 1.062817574 -0.244468033 -2.039880037 0.007372330 0.981459439 -0.069773778 0.178366929
1781254318.866134 1.030021429 -0.245798320 -2.046878099 0.007550418 0.986563087 -0.069941722 0.147460133
1781254318.932883 1.015411854 -0.243887037 -2.049078226 0.006465443 0.989464819 -0.070787042 0.126122460
1781254318.999632 0.989363909 -0.240882501 -2.054879189 0.008654724 0.991965830 -0.071681276 0.103878438
1781254319.033007 0.976553738 -0.238423660 -2.058494806 0.009536394 0.993005753 -0.072205089 0.092925407
1781254319.066382 0.997158170 -0.226228237 -2.069261074 0.007149793 0.994264066 -0.075899474 0.075015314
1781254319.133130 0.952522337 -0.230915964 -2.064679146 0.009388639 0.995440125 -0.074510694 0.058813415
1781254319.166505 0.939144075 -0.231714711 -2.062536240 0.010355169 0.996135354 -0.074159198 0.045907333
1781254319.233252 0.928024113 -0.213496611 -2.078434467 0.009307667 0.996600926 -0.079047285 0.021250173
1781254319.266625 0.915188909 -0.221191466 -2.068700552 0.010293449 0.996939778 -0.076761983 0.010621822
1781254319.333372 0.890081704 -0.220329702 -2.058950424 -0.012541286 -0.996916056 0.076353043 0.013090106
1781254319.366745 0.861953855 -0.229006886 -2.054262877 -0.012286406 -0.996924460 0.074281551 0.021749077
1781254319.400119 0.859201908 -0.213113382 -2.062859058 -0.013165132 -0.996260107 0.077968553 0.034834933
1781254319.433492 0.841778278 -0.224329531 -2.052731514 -0.012549101 -0.996055186 0.075396232 0.045078326
1781254319.466866 0.847998619 -0.207546070 -2.060744286 -0.013217835 -0.995063365 0.079307832 0.058176644
1781254319.533612 0.804852724 -0.221742243 -2.042755365 -0.012378138 -0.994231999 0.075616524 0.075044610
1781254319.566985 0.841711164 -0.214745313 -2.056597948 -0.011809139 -0.992362976 0.078754880 0.094201647
1781254319.600359 0.830651164 -0.214424118 -2.052560806 -0.012186296 -0.991365135 0.078412972 0.104394026
1781254319.667105 0.808576345 -0.213124067 -2.045283794 -0.012046266 -0.989148855 0.078534059 0.123579472
1781254319.733852 0.785259247 -0.211998254 -2.036310196 -0.012353109 -0.986917853 0.078498825 0.140280709
1781254319.800599 0.761990309 -0.210809439 -2.024848223 -0.012674504 -0.984563708 0.078209743 0.156067163
1781254319.833972 0.751943231 -0.209755003 -2.022784233 -0.012265010 -0.983390331 0.078658789 0.163113326
1781254319.967464 0.709463835 -0.209589422 -1.996818900 -0.011081103 -0.978727877 0.078197517 0.189351991
1781254320.100955 0.650406122 -0.206886202 -1.980446577 -0.014738222 -0.974950790 0.077731252 0.207874075
1781254320.134328 0.638054132 -0.208134770 -1.972040892 -0.014670623 -0.973827183 0.077247761 0.213256299
1781254320.167701 0.626616001 -0.205925673 -1.965510130 -0.014937188 -0.972723722 0.077625819 0.218082160
1781254320.401312 0.551036358 -0.201231599 -1.925020933 -0.014714447 -0.964713752 0.077215225 0.251294166
1781254320.568177 0.489394426 -0.192879930 -1.902557611 -0.014242300 -0.960621297 0.078314126 0.266215831
1781254320.735040 0.429250479 -0.186920613 -1.877395511 -0.013801492 -0.957501650 0.078708433 0.277137488
1781254320.835158 0.388055086 -0.176659346 -1.870839119 -0.012730563 -0.955765069 0.081541307 0.282315820
1781254320.935276 0.350665808 -0.182149023 -1.841586590 -0.014657299 -0.955025673 0.079127297 0.285394549
1781254321.035393 0.308097839 -0.177920073 -1.820244789 -0.014645655 -0.953380227 0.078919813 0.290900916
1781254321.168884 0.257925987 -0.168482393 -1.802707434 -0.013350416 -0.950307846 0.081024140 0.300286382
1781254321.202259 0.246218443 -0.169253021 -1.789923906 -0.014181974 -0.950019658 0.080041096 0.301421821
1781254321.269010 0.225519061 -0.185907096 -1.750192165 -0.018106876 -0.950122356 0.074042715 0.302419245
1781254321.402510 0.172915578 -0.183126062 -1.724511147 -0.017964840 -0.946913242 0.073789425 0.312390268
1781254321.536010 0.118486762 -0.180323869 -1.693241835 -0.018583506 -0.942565739 0.073712006 0.325255454
1781254321.636135 0.078000307 -0.177581340 -1.670736194 -0.018617069 -0.937824726 0.073709689 0.338681549
1781254321.769635 0.030225992 -0.175012529 -1.634130001 -0.019065356 -0.930133462 0.073018596 0.359383732
1781254321.903136 -0.009630442 -0.173790663 -1.600468040 -0.018665086 -0.922601402 0.071094729 0.378687054
1781254321.936511 -0.021972895 -0.171595678 -1.590446234 -0.019470548 -0.920688033 0.071643278 0.383173287
1781254322.036635 -0.050624132 -0.169611767 -1.569178104 -0.019675996 -0.914860547 0.070901819 0.397008955
1781254322.170135 -0.089177847 -0.165222883 -1.539289951 -0.019051699 -0.905745924 0.070449501 0.417490512
1781254322.203509 -0.106613040 -0.157849237 -1.535817623 -0.019226214 -0.903101563 0.072760604 0.422781050
1781254322.270258 -0.111073136 -0.162562683 -1.518694162 -0.018339097 -0.896290898 0.069348790 0.437626749
1781254322.437131 -0.252896905 -0.128850996 -1.399193406 -0.017150214 -0.896508038 0.075380065 0.436230540
1781254322.570630 -0.277371407 -0.128902078 -1.370520830 -0.017391086 -0.881118894 0.073073551 0.466891199
1781254322.737502 -0.305585384 -0.121307090 -1.329665899 -0.017817121 -0.858230114 0.071506254 0.507947505
1781254322.837626 -0.316189408 -0.121767491 -1.301361442 -0.018110406 -0.840998352 0.069373004 0.536265969
1781254322.904374 -0.317269802 -0.124360159 -1.282897711 -0.018293686 -0.827208936 0.067151263 0.557567537
1781254322.971123 -0.321597934 -0.122084871 -1.259937286 -0.019009439 -0.813420475 0.065553151 0.577657938
1781254323.004497 -0.323274374 -0.122157186 -1.247639418 -0.018915007 -0.805469632 0.064848684 0.588774741
1781254323.037871 -0.324898124 -0.119915433 -1.233296156 -0.019385913 -0.799236476 0.064492010 0.597232103
1781254323.104620 -0.325045705 -0.118998304 -1.218911886 -0.019966280 -0.781737149 0.063158527 0.620080233
1781254323.204746 -0.333331227 -0.107599646 -1.198557138 -0.019810444 -0.756316006 0.063784577 0.650788128
1781254323.405013 -0.339275002 -0.084706806 -1.158025980 -0.020972451 -0.692224681 0.064513795 0.718486726
1781254323.405013 -0.339275002 -0.084706806 -1.158025980 -0.020972451 -0.692224681 0.064513795 0.718486726
1781254323.405013 -0.339275002 -0.084706806 -1.158025980 -0.020972451 -0.692224681 0.064513795 0.718486726
1781254323.405013 -0.339275002 -0.084706806 -1.158025980 -0.020972451 -0.692224681 0.064513795 0.718486726
1781254323.405013 -0.339275002 -0.084706806 -1.158025980 -0.020972451 -0.692224681 0.064513795 0.718486726
1781254323.405013 -0.339275002 -0.084706806 -1.158025980 -0.020972451 -0.692224681 0.064513795 0.718486726
1781254323.405013 -0.339275002 -0.084706806 -1.158025980 -0.020972451 -0.692224681 0.064513795 0.718486726
1781254323.405013 -0.339275002 -0.084706806 -1.158025980 -0.020972451 -0.692224681 0.064513795 0.718486726
1781254323.405013 -0.339275002 -0.084706806 -1.158025980 -0.020972451 -0.692224681 0.064513795 0.718486726
1781254323.405013 -0.339275002 -0.084706806 -1.158025980 -0.020972451 -0.692224681 0.064513795 0.718486726
1781254323.405013 -0.339275002 -0.084706806 -1.158025980 -0.020972451 -0.692224681 0.064513795 0.718486726
1781254323.405013 -0.339275002 -0.084706806 -1.158025980 -0.020972451 -0.692224681 0.064513795 0.718486726
1781254323.405013 -0.339275002 -0.084706806 -1.158025980 -0.020972451 -0.692224681 0.064513795 0.718486726
1781254323.405013 -0.339275002 -0.084706806 -1.158025980 -0.020972451 -0.692224681 0.064513795 0.718486726
1781254323.405013 -0.339275002 -0.084706806 -1.158025980 -0.020972451 -0.692224681 0.064513795 0.718486726
1781254323.405013 -0.339275002 -0.084706806 -1.158025980 -0.020972451 -0.692224681 0.064513795 0.718486726
1781254323.405013 -0.339275002 -0.084706806 -1.158025980 -0.020972451 -0.692224681 0.064513795 0.718486726
1781254323.405013 -0.339275002 -0.084706806 -1.158025980 -0.020972451 -0.692224681 0.064513795 0.718486726
1781254324.639962 -0.108994499 -0.009929708 -0.102792583 -0.004744749 -0.179249451 0.011180340 0.983728766
1781254324.740089 -0.108994499 -0.009929708 -0.102792583 -0.004744749 -0.179249451 0.011180340 0.983728766
1781254324.806840 -0.053810798 -0.004836923 -0.085311927 -0.003541816 -0.154057562 0.009383260 0.988011062
1781254324.906966 -0.018749215 -0.002641840 -0.076629132 -0.002842644 -0.141971350 0.007613585 0.989837468
1781254324.973718 0.001082820 -0.007106442 -0.075622842 -0.003760917 -0.133746371 0.007225583 0.990982175
1781254325.107220 0.042231739 -0.003768284 -0.064637214 -0.002620267 -0.120744996 0.006640033 0.992657900
1781254325.173971 0.061418533 -0.004913822 -0.062557228 -0.002822475 -0.112531528 0.005945272 0.993626356
1781254325.240726 0.077556364 -0.004918793 -0.059225254 -0.002871249 -0.105248503 0.005513337 0.994426548
1781254325.340860 0.099419609 -0.005631990 -0.057170700 -0.002762568 -0.095828310 0.004896106 0.995382071
1781254325.407616 0.111715809 -0.006019305 -0.055753734 -0.002662797 -0.091990769 0.004791741 0.995744824
1781254325.440993 0.115991332 -0.005094189 -0.055684887 -0.002376031 -0.089995287 0.004602862 0.995928764
1781254325.507749 0.123525262 -0.006723973 -0.055182561 -0.002781325 -0.086599693 0.004362972 0.996229768
1781254325.541127 0.127427399 -0.006820696 -0.054307286 -0.002628223 -0.085892104 0.004520762 0.996290803
1781254325.607882 0.130304247 -0.005432822 -0.052883472 -0.002251413 -0.083637118 0.004291324 0.996484518
1781254325.641260 0.131997690 -0.007912439 -0.054098744 -0.002883757 -0.082462266 0.003983023 0.996582091
1781254325.708016 0.134248808 -0.006432426 -0.054020438 -0.002495873 -0.080916077 0.004218200 0.996708930
1781254325.741394 0.133973390 -0.007365028 -0.054014843 -0.002753862 -0.080624625 0.004134147 0.996732175
1781254325.808149 0.132221222 -0.006639031 -0.053712584 -0.002646620 -0.080836512 0.003726559 0.996716917
1781254325.874905 0.130145475 -0.007954197 -0.054151967 -0.002904447 -0.081149392 0.003944983 0.996689975
1781254325.941661 0.129083350 -0.007001780 -0.053354453 -0.002726676 -0.082389079 0.003894387 0.996588945
1781254325.975039 0.128807202 -0.005385025 -0.052287620 -0.002143506 -0.082652546 0.003990771 0.996568143
1781254326.041796 0.127954185 -0.007346978 -0.054512776 -0.002895360 -0.082704701 0.003805806 0.996562660
1781254326.075174 0.127427325 -0.007470966 -0.053936169 -0.002978509 -0.083005004 0.003534365 0.996538460
1781254326.175307 0.127230525 -0.007336033 -0.054113694 -0.002986654 -0.083067268 0.003808630 0.996532202
1781254326.308821 0.127790138 -0.006450498 -0.054307487 -0.002526601 -0.082774036 0.003619219 0.996558607
1781254326.342200 0.128585666 -0.006227840 -0.054498751 -0.002467493 -0.082988821 0.003703067 0.996540546
1781254326.442336 0.128731951 -0.006804124 -0.053977549 -0.002712911 -0.082686074 0.003848501 0.996564507
1781254326.542472 0.128981605 -0.007422049 -0.054009490 -0.002728435 -0.082606405 0.003966447 0.996570706
1781254326.675987 0.128296375 -0.007487230 -0.054539036 -0.002841812 -0.081883371 0.003708620 0.996631026
1781254326.976399 0.129541695 -0.007872942 -0.054756653 -0.002966746 -0.081789695 0.003767976 0.996638119
1781254327.176673 0.130032197 -0.007481776 -0.054578390 -0.002870108 -0.081800520 0.003663145 0.996637881
1781254327.210048 0.128629223 -0.007358714 -0.053911261 -0.002943601 -0.081209518 0.003211590 0.996687591
1781254327.443671 0.128450260 -0.007632936 -0.054084565 -0.002851224 -0.081010841 0.003718296 0.996702254
1781254327.643918 0.128455102 -0.007689345 -0.054211825 -0.002853085 -0.080932505 0.003598025 0.996708989
1781254327.810790 0.128427759 -0.007763404 -0.054201093 -0.002816905 -0.080917478 0.003595243 0.996710420
1781254327.977662 0.128384024 -0.008016878 -0.054545112 -0.002898487 -0.080838978 0.003539843 0.996716678
1781254328.177908 0.128610253 -0.008225555 -0.054744571 -0.002934656 -0.080813281 0.003556008 0.996718585
1781254328.344796 0.128754243 -0.007466353 -0.054494657 -0.002721103 -0.080846481 0.003582870 0.996716499
1781254328.478307 0.128829926 -0.007408639 -0.053978842 -0.002758796 -0.080939025 0.003728739 0.996708274
1781254328.645195 0.128781617 -0.007881971 -0.054417647 -0.002864532 -0.080878504 0.003681533 0.996713102
1781254328.745328 0.128844589 -0.007931028 -0.054464724 -0.002851288 -0.080841102 0.003660029 0.996716201
1781254328.845462 0.128775030 -0.008167631 -0.054472797 -0.002953859 -0.080854252 0.003635524 0.996714950
1781254328.912218 0.129134595 -0.006851129 -0.053035516 -0.002627945 -0.081106715 0.003640370 0.996695340
1781254328.978973 0.128678992 -0.007611854 -0.053975571 -0.002846890 -0.080914564 0.003581247 0.996710539
1781254329.112485 0.128927633 -0.007331253 -0.053561918 -0.002795553 -0.081053756 0.003662282 0.996699095
1781254329.212617 0.128880993 -0.007620037 -0.053926103 -0.002881762 -0.080955587 0.003541337 0.996707320
1781254329.279372 0.128937617 -0.007408270 -0.053801719 -0.002806004 -0.080975965 0.003540124 0.996705830
1781254329.412882 0.128981978 -0.007562817 -0.053727321 -0.002853362 -0.080987737 0.003595213 0.996704578
1781254329.479637 0.128870517 -0.007275932 -0.053599853 -0.002733586 -0.080996983 0.003567365 0.996704280
1781254329.579771 0.129175782 -0.007237025 -0.053417899 -0.002757729 -0.081052512 0.003565183 0.996699691
1781254329.646526 0.128845423 -0.007831886 -0.053813789 -0.002908039 -0.080945708 0.003544654 0.996708035
1781254329.713281 0.128902540 -0.007172414 -0.053647533 -0.002709511 -0.080988698 0.003615850 0.996704817
1781254329.780036 0.128974348 -0.007350893 -0.053818759 -0.002826531 -0.080965541 0.003609810 0.996706426
1781254329.946925 0.128737926 -0.007636284 -0.053872272 -0.002875116 -0.080921948 0.003554272 0.996710002
1781254330.080436 0.129023045 -0.007622495 -0.053637620 -0.002897297 -0.080961034 0.003525183 0.996706903
1781254330.213948 0.129186779 -0.007541621 -0.053675581 -0.002880627 -0.081041530 0.003667345 0.996699870
1781254330.314088 0.129172564 -0.007496819 -0.053796880 -0.002865848 -0.081021719 0.003555668 0.996701956
1781254330.347468 0.129380047 -0.007282390 -0.053469822 -0.002812572 -0.081101321 0.003639734 0.996695340
1781254330.581127 0.128833890 -0.007714660 -0.053961512 -0.002908576 -0.080914587 0.003567980 0.996710479
1781254330.714646 0.129339054 -0.006796210 -0.053117763 -0.002626486 -0.081116185 0.003597607 0.996694803
1781254330.781406 0.128777742 -0.007201112 -0.053611800 -0.002753375 -0.080902182 0.003531247 0.996712029
1781254330.848166 0.128935069 -0.007067807 -0.053129770 -0.002755746 -0.081059091 0.003678440 0.996698737
1781254330.914927 0.129081786 -0.007326874 -0.053437974 -0.002788099 -0.081013881 0.003545936 0.996702790
1781254330.981688 0.129179820 -0.006972916 -0.053343937 -0.002669980 -0.081028655 0.003680904 0.996701419
1781254331.048448 0.129241973 -0.007202482 -0.053254999 -0.002751412 -0.081078544 0.003669856 0.996697247
1781254331.081828 0.129023328 -0.007156728 -0.053422060 -0.002760186 -0.081009164 0.003534258 0.996703327
1781254331.115208 0.128977239 -0.006963410 -0.053564709 -0.002671166 -0.080930896 0.003531669 0.996709883
1781254331.148589 0.128892556 -0.007322458 -0.053544544 -0.002750337 -0.080820374 0.003640524 0.996718228
1781254331.181969 0.128953099 -0.007504526 -0.053610079 -0.002838676 -0.080852285 0.003622042 0.996715546
1781254331.215347 0.128933996 -0.007117264 -0.053738929 -0.002716439 -0.080846451 0.003599883 0.996716440
1781254331.248725 0.128883809 -0.006994476 -0.053421315 -0.002695303 -0.080877014 0.003581548 0.996714056
1781254331.282104 0.128971890 -0.007577278 -0.053535946 -0.002841302 -0.080831178 0.003615488 0.996717215
