1781254169.402762 0.000000 0.000000 0.000000 0.000000 0.000000 0.000000 1.000000
1781254172.882230 0.003661 -0.007925 -0.150654 0.001273 0.038266 -0.000410 0.999267
1781254174.016753 0.024001 -0.018075 -0.341559 0.002093 0.064349 -0.000143 0.997925
1781254175.054363 0.086395 -0.026694 -0.513823 0.001999 0.063186 -0.001153 0.997999
1781254176.289465 0.245245 -0.041486 -0.595265 -0.000555 0.132488 -0.003628 0.991178
1781254177.457039 0.381547 -0.028185 -0.451807 -0.000643 0.053330 0.001206 0.998576
1781254178.524696 0.485911 -0.021738 -0.283775 0.000753 0.078199 -0.000331 0.996937
1781254179.892712 0.702847 -0.021493 -0.269525 0.002525 0.123405 -0.003611 0.992347
1781254180.927077 0.759420 -0.034471 -0.485685 0.001445 0.188825 -0.006832 0.981986
1781254181.961778 0.768985 -0.054875 -0.737484 -0.001487 0.209249 -0.008896 0.977821
1781254183.130033 0.751033 -0.071718 -1.013470 -0.001452 0.151457 -0.006086 0.988444
1781254184.131377 0.892439 -0.088949 -1.130895 -0.002923 0.133846 -0.005814 0.990981
1781254185.166001 1.060577 -0.073334 -0.974473 -0.002619 0.132191 -0.006339 0.991201
1781254186.233814 1.228846 -0.051744 -0.692953 -0.001299 0.131988 -0.008237 0.991216
1781254187.468764 1.401873 -0.030182 -0.408669 0.001592 0.049008 -0.005317 0.998783
1781254188.536652 1.606389 -0.021733 -0.345403 0.005058 0.096074 -0.006855 0.995338
1781254189.637829 1.701989 -0.040314 -0.593118 0.004739 0.186721 -0.008896 0.982361
1781254191.173955 1.670417 -0.048902 -1.016668 0.009060 0.166794 -0.009918 0.985900
1781254192.442153 1.942233 -0.101022 -0.990257 -0.002934 0.225527 -0.018355 0.974060
1781254193.476704 2.144888 -0.090160 -0.730260 -0.002636 0.264133 -0.021443 0.964244
1781254194.477917 2.310445 -0.071379 -0.482891 -0.000616 0.265406 -0.020922 0.963910
1781254195.479132 2.451508 -0.055723 -0.285825 -0.001098 0.189180 -0.017812 0.981780
1781254196.480359 2.625621 -0.067349 -0.334236 -0.003076 0.185313 -0.019320 0.982485
1781254197.548370 2.737472 -0.082002 -0.530715 -0.001862 0.152710 -0.016487 0.988132
1781254198.683350 2.777227 -0.103798 -0.825513 -0.004380 0.090360 -0.013074 0.995814
1781254199.784949 2.874465 -0.124530 -1.062758 -0.004459 0.068024 -0.013559 0.997582
1781254200.953237 3.093547 -0.116807 -0.975055 -0.001519 0.109643 -0.015536 0.993849
1781254202.355092 3.267879 -0.100947 -0.646850 -0.001379 0.083831 -0.015869 0.996353
1781254203.389962 3.464887 -0.101058 -0.586615 0.000912 0.115397 -0.019791 0.993122
1781254204.491539 3.600793 -0.117805 -0.763592 0.002370 0.210523 -0.022590 0.977325
1781254205.793312 3.609717 -0.136728 -1.129412 0.005380 0.248726 -0.022661 0.968294
1781254206.794637 3.628071 -0.159063 -1.401912 0.003821 0.267513 -0.025482 0.963210
1781254207.896096 3.907026 -0.154835 -1.281797 0.003743 0.259639 -0.023631 0.965409
1781254209.030888 4.112155 -0.142333 -0.937588 0.005824 0.289064 -0.024988 0.956966
1781254210.098929 4.229853 -0.134342 -0.741217 0.007274 0.409155 -0.031316 0.911898
1781254211.200353 4.205970 -0.140292 -0.891991 0.013390 0.579547 -0.042154 0.813738
1781254212.235025 4.153532 -0.166360 -1.263465 0.015584 0.727421 -0.052403 0.684011
1781254213.436567 4.058969 -0.204170 -1.611165 0.014095 0.895899 -0.056367 0.440442
1781254214.504668 3.914616 -0.204792 -1.714367 0.017181 0.996725 -0.059123 0.052418
1781254215.506091 3.870336 -0.187217 -1.454365 0.019146 0.988497 -0.059523 -0.137708
1781254216.707663 3.836692 -0.168664 -1.087231 0.018770 0.979932 -0.056668 -0.190181
1781254217.742337 3.617329 -0.161137 -1.093115 0.019094 0.975070 -0.054826 -0.214168
1781254218.777033 3.438298 -0.168653 -1.315867 0.020602 0.978955 -0.056511 -0.195009
1781254219.845122 3.230811 -0.177457 -1.606972 0.020732 0.976882 -0.056903 -0.205023
1781254220.946572 3.015117 -0.175604 -1.585074 0.022008 0.982663 -0.056427 -0.175227
1781254222.014668 2.973936 -0.157734 -1.313776 0.022439 0.984789 -0.056530 -0.162760
1781254223.085024 2.958266 -0.131417 -1.037139 0.021516 0.988883 -0.058651 -0.134934
1781254224.286756 2.742408 -0.123168 -0.856981 0.019298 0.981183 -0.056112 -0.183738
1781254225.688267 2.503743 -0.128524 -1.053601 0.021172 0.987036 -0.055680 -0.149038
1781254226.789467 2.343434 -0.124565 -1.148307 0.018317 0.994943 -0.057550 -0.080253
1781254227.924122 2.137416 -0.100283 -0.933593 0.018480 0.984785 -0.056825 -0.163180
1781254229.092036 2.015588 -0.086063 -0.654738 0.017332 0.982101 -0.055260 -0.179230
1781254230.293294 1.778896 -0.084238 -0.747104 0.017434 0.989564 -0.055042 -0.132022
1781254231.461210 1.604418 -0.098519 -1.191491 0.017348 0.974088 -0.055408 -0.218590
1781254232.929361 1.402844 -0.120384 -1.672165 0.015900 0.987214 -0.059182 -0.147150
1781254233.997523 1.189197 -0.129624 -1.864463 0.012605 0.995163 -0.059743 -0.076958
1781254235.032119 0.946412 -0.122864 -1.869343 0.011414 0.989020 -0.060026 -0.134557
1781254236.099905 0.922099 -0.112069 -1.641773 0.014070 0.985403 -0.058876 -0.159109
1781254237.234433 1.010390 -0.092621 -1.299893 0.014557 0.979712 -0.057367 -0.191470
1781254238.269107 1.086904 -0.074011 -1.010671 0.014278 0.981384 -0.058340 -0.182422
1781254239.405314 1.111787 -0.061570 -0.686601 0.016024 0.979393 -0.056500 -0.193236
1781254240.439963 0.879459 -0.052772 -0.587571 0.013516 0.972429 -0.054809 -0.226265
1781254241.474558 0.679393 -0.057159 -0.794546 0.013733 0.979847 -0.057967 -0.190662
1781254242.609285 0.545809 -0.070287 -1.179710 0.011117 0.988550 -0.060075 -0.137974
1781254243.677322 0.407290 -0.064279 -1.104921 0.011048 0.987333 -0.059818 -0.146540
1781254244.711963 0.165049 -0.053089 -0.929518 0.014006 0.985064 -0.058591 -0.161309
1781254245.779891 0.132575 -0.038279 -0.640742 0.014946 0.987041 -0.056555 -0.149429
1781254247.114766 0.040373 -0.021368 -0.307345 0.012223 0.981193 -0.054731 -0.184706
1781254248.816776 -0.189124 -0.023385 -0.569605 0.010954 0.941180 -0.054335 -0.333329
1781254249.884909 -0.193776 -0.022722 -0.575715 -0.010175 -0.830413 0.050014 0.554805
1781254250.886331 -0.097811 -0.012549 -0.321359 -0.007481 -0.658630 0.039417 0.751396
1781254252.087959 0.089929 -0.008301 -0.124247 -0.003891 -0.283423 0.015946 0.958855
1781254253.356364 0.416406 -0.020038 -0.257497 0.000281 0.009761 0.002877 0.999948
1781254254.491289 0.741443 -0.023892 -0.299670 0.001705 0.073709 -0.002272 0.997276
1781254255.492710 0.786377 -0.026797 -0.314058 0.001865 0.133602 -0.005421 0.991019
