1781254294.783055 0.0000000 0.0000000 0.0000000 -0.0000000 -0.0000000 -0.0000000 1.0000000
1781254296.869306 0.1801952 -0.0026441 0.0174363 -0.0003379 -0.0076957 -0.0008302 0.9999700
1781254297.303334 0.2867393 0.0002816 0.0424970 0.0006324 -0.0176155 -0.0001291 0.9998447
1781254298.071673 0.5354772 0.0006253 0.0970694 0.0002570 -0.0463273 0.0009567 0.9989259
1781254298.605861 0.7233945 -0.0054618 0.1391386 -0.0025598 -0.0454032 0.0019801 0.9989635
1781254300.007864 1.2473277 -0.0089636 0.2784173 -0.0020809 -0.0462570 0.0021914 0.9989250
1781254300.876007 1.6259348 -0.0081707 0.3187571 -0.0008630 0.0135809 -0.0034942 0.9999014
1781254302.077672 2.0905099 -0.0072115 0.3876353 0.0016481 0.0411370 -0.0031738 0.9991471
1781254302.778594 2.3856091 -0.0264563 0.3830453 -0.0033645 0.0662556 -0.0036559 0.9977903
1781254303.479490 2.6495326 -0.0310313 0.3706391 -0.0042222 0.1123522 -0.0074308 0.9936317
1781254303.980099 2.8210869 -0.0373735 0.3234976 -0.0041243 0.1921126 -0.0122375 0.9812880
1781254304.814554 3.0372081 -0.0527959 0.1774119 -0.0013045 0.3674761 -0.0224028 0.9297622
1781254305.682387 3.1500330 -0.0616697 -0.0331986 0.0037795 0.5992568 -0.0360207 0.7997372
1781254306.082915 3.1795597 -0.0624870 -0.1714654 0.0076012 0.6936247 -0.0449608 0.7188919
1781254306.650284 3.1442697 -0.0777348 -0.3565350 0.0084690 0.8174360 -0.0523479 0.5735734
1781254307.251028 3.0392532 -0.0858741 -0.5367029 0.0112570 0.9147447 -0.0591836 0.3995156
1781254307.785108 2.8928905 -0.0966813 -0.6586916 0.0132148 0.9644045 -0.0608140 0.2570040
1781254308.118912 2.7897758 -0.0990258 -0.7109697 0.0148649 0.9838473 -0.0618565 0.1673240
1781254308.519439 2.6569409 -0.0990994 -0.7412611 0.0173273 0.9960870 -0.0627167 0.0598101
1781254308.886585 2.5398252 -0.0906246 -0.7420887 -0.0174239 -0.9960137 0.0630275 0.0606684
1781254309.220354 2.4247432 -0.0917784 -0.6875505 -0.0194265 -0.9805518 0.0600015 0.1858510
1781254309.654254 2.2914100 -0.0837814 -0.6082163 -0.0183966 -0.9481772 0.0571314 0.3120219
1781254310.088154 2.1543894 -0.0758525 -0.5138546 -0.0173187 -0.9293234 0.0554991 0.3646615
1781254310.588838 1.9837879 -0.0662858 -0.4307086 -0.0173443 -0.9414812 0.0562105 0.3318925
1781254310.956013 1.8534555 -0.0607044 -0.3901033 -0.0173921 -0.9564455 0.0572655 0.2857103
1781254311.289793 1.7389901 -0.0565103 -0.3735359 -0.0171121 -0.9693556 0.0582477 0.2380422
1781254311.590174 1.6302991 -0.0526825 -0.3723184 -0.0170257 -0.9800258 0.0593958 0.1890282
1781254312.024056 1.4797571 -0.0516143 -0.3945283 -0.0161547 -0.9918970 0.0597867 0.1109279
1781254312.724941 1.2495497 -0.0537939 -0.4900173 0.0153819 0.9969875 -0.0614513 0.0447557
1781254313.425836 1.0346946 -0.0597491 -0.6290559 0.0154328 0.9850225 -0.0602551 0.1608162
1781254313.959866 0.9101543 -0.0650033 -0.7737243 0.0138440 0.9645966 -0.0586487 0.2567531
1781254314.560642 0.8299329 -0.0761282 -0.9318918 0.0123002 0.9304717 -0.0572098 0.3616603
1781254315.895683 0.7041364 -0.0938077 -1.2431614 0.0110093 0.9110600 -0.0570350 0.4081611
1781254317.798112 0.6398276 -0.1001157 -1.3179466 0.0112212 0.9295537 -0.0572261 0.3640456
1781254318.265391 0.5357223 -0.1009344 -1.3607861 0.0116270 0.9745604 -0.0595795 0.2157481
1781254319.400119 0.2155899 -0.0852374 -1.3453689 -0.0104478 -0.9838247 0.0636322 0.1671249
1781254320.034209 0.0248245 -0.0747356 -1.2110504 -0.0122556 -0.9457805 0.0615928 0.3186777
1781254320.701668 -0.1570730 -0.0653959 -1.0481217 -0.0124404 -0.9159706 0.0588275 0.3967146
1781254321.669510 -0.4431939 -0.0471577 -0.7810915 -0.0138087 -0.8777328 0.0565904 0.4755964
1781254322.470506 -0.5892223 -0.0325064 -0.5628890 -0.0133044 -0.7909833 0.0500746 0.6096401
1781254323.104620 -0.5886794 -0.0203410 -0.3930790 -0.0106229 -0.6449052 0.0391296 0.7631863
1781254323.538523 -0.5039972 -0.0135742 -0.2829235 -0.0088074 -0.4885975 0.0295593 0.8719640
1781254323.872301 -0.4061744 -0.0152958 -0.2110715 -0.0081175 -0.3627332 0.0220127 0.9315977
1781254324.306205 -0.2513050 -0.0055706 -0.1360528 -0.0045216 -0.2399342 0.0151898 0.9706598
1781254324.606586 -0.1327025 -0.0085478 -0.1013813 -0.0048011 -0.1834335 0.0106987 0.9829622
1781254325.007093 0.0068853 -0.0073786 -0.0680428 -0.0037207 -0.1290538 0.0066078 0.9916086
1781254325.674638 0.1291266 -0.0095938 -0.0533834 -0.0031130 -0.0802382 0.0036359 0.9967642
