1781254294.783055 0.000000000 0.000000000 0.000000000 -0.000000000 -0.000000000 -0.000000000 1.000000000
1781254294.815118 -0.000185011 0.000403985 0.000087347 0.000140945 0.000012374 0.000061023 1.000000000
1781254295.334107 -0.000198179 0.000062163 -0.000839646 0.000091700 -0.000321905 0.000169543 0.999999940
1781254295.834658 0.005237539 -0.000409197 -0.002888180 0.000113754 -0.007495266 0.000263248 0.999971867
1781254296.335254 0.071201377 -0.002624852 -0.000723519 -0.000796384 -0.006444564 -0.000012051 0.999978900
1781254296.869306 0.180195227 -0.002644053 0.017436303 -0.000337917 -0.007695676 -0.000830226 0.999970019
1781254297.303334 0.286739349 0.000281590 0.042497031 0.000632448 -0.017615477 -0.000129069 0.999844670
1781254297.637354 0.388901830 -0.001868194 0.063807338 0.000403487 -0.033859357 -0.000262933 0.999426544
1781254297.904614 0.476408899 -0.001682277 0.085071653 -0.000423091 -0.043410622 -0.000279630 0.999057233
1781254298.071673 0.535477221 0.000625339 0.097069353 0.000256984 -0.046327297 0.000956729 0.998925865
1781254298.171880 0.572684467 0.000632318 0.103852436 0.000129983 -0.047469776 0.000706781 0.998872519
1781254298.272028 0.609794319 0.001071951 0.112847582 -0.000087911 -0.049602542 0.000261822 0.998769045
1781254298.605861 0.723394513 -0.005461835 0.139138579 -0.002559835 -0.045403160 0.001980058 0.998963535
1781254298.939709 0.848905444 -0.004679158 0.173623368 -0.002915391 -0.047509193 0.001784976 0.998865008
1781254299.407051 1.011434436 -0.001561485 0.232154220 -0.001245825 -0.072343148 0.004498797 0.997368932
1781254300.007864 1.247327685 -0.008963578 0.278417319 -0.002080892 -0.046257045 0.002191351 0.998925030
1781254300.876007 1.625934839 -0.008170749 0.318757087 -0.000863007 0.013580879 -0.003494154 0.999901354
1781254301.643803 1.960165024 -0.040299989 0.337209225 -0.011195640 0.022046089 -0.005823766 0.999677360
1781254302.077672 2.090509892 -0.007211505 0.387635261 0.001648103 0.041136995 -0.003173843 0.999147117
1781254302.177798 2.134124756 -0.007423668 0.390582502 0.001422780 0.038102221 -0.003780026 0.999265730
1781254302.277932 2.177418709 -0.008922761 0.392474115 0.001316301 0.039547894 -0.003373188 0.999211192
1781254302.344687 2.204810381 -0.009259772 0.391545027 0.001505915 0.043997087 -0.003830650 0.999023199
1781254302.378064 2.220782280 -0.008356324 0.391058683 0.002275686 0.043770526 -0.004249607 0.999030054
1781254302.478197 2.263103008 -0.011472587 0.389379323 0.001568534 0.047125712 -0.003954758 0.998879969
1781254302.511574 2.277335644 -0.012858581 0.389817894 0.001043288 0.048752226 -0.004228144 0.998801410
1781254302.544951 2.292590857 -0.012177205 0.389649630 0.001616851 0.050487198 -0.004259417 0.998714328
1781254302.578329 2.304132938 -0.012121085 0.392486632 0.001282359 0.050269723 -0.003559161 0.998728573
1781254302.611706 2.318348169 -0.015326168 0.387463361 0.000271615 0.052946974 -0.004405258 0.998587608
1781254302.645084 2.334791899 -0.014706374 0.386610836 0.000693193 0.055997267 -0.004168985 0.998422027
1781254302.678461 2.346034765 -0.010176179 0.393538564 0.002549122 0.058233686 -0.003911927 0.998292148
1781254302.711839 2.365731955 -0.011215967 0.393190026 0.002470639 0.056696456 -0.004514476 0.998378217
1781254302.745216 2.373244047 -0.016031563 0.387683690 0.000386673 0.061353605 -0.004707541 0.998104990
1781254302.778594 2.385609150 -0.026456265 0.383045286 -0.003364484 0.066255555 -0.003655862 0.997790337
1781254302.811971 2.400227547 -0.025559368 0.384123683 -0.002842542 0.067932934 -0.003953909 0.997678041
1781254302.845348 2.414575577 -0.023324627 0.384770423 -0.001837459 0.069125906 -0.004804528 0.997594774
1781254302.878726 2.427212477 -0.024817023 0.384107441 -0.002825064 0.071870953 -0.004676325 0.997398973
1781254302.912104 2.441304684 -0.025799735 0.383156508 -0.003000153 0.075040244 -0.004888095 0.997164071
1781254302.945482 2.454901934 -0.024977786 0.383722901 -0.002185113 0.078563817 -0.005259436 0.996892810
1781254303.012236 2.481977463 -0.024809076 0.382051051 -0.002439965 0.081348293 -0.005682720 0.996666610
1781254303.112368 2.518300533 -0.026553920 0.380063325 -0.002533596 0.087950125 -0.006357607 0.996101379
1781254303.212495 2.554110289 -0.026002081 0.378990114 -0.001670798 0.093259111 -0.007335309 0.995613515
1781254303.279244 2.578555346 -0.024332425 0.379144311 -0.000641557 0.094721198 -0.007575498 0.995474875
1781254303.345993 2.603498936 -0.025360079 0.377584785 -0.001526013 0.099667832 -0.007140230 0.994994044
1781254303.412741 2.626148462 -0.024263702 0.377403229 -0.001046907 0.103559010 -0.007636835 0.994593501
1781254303.479490 2.649532557 -0.031031333 0.370639086 -0.004222235 0.112352215 -0.007430842 0.993631721
1781254303.579612 2.685697556 -0.031969648 0.364761293 -0.004275250 0.124896452 -0.008282620 0.992126048
1781254303.646361 2.710556507 -0.034044828 0.357987434 -0.004990648 0.134045035 -0.008664071 0.990924835
1781254303.713109 2.736624479 -0.034334365 0.352092266 -0.004699660 0.143998757 -0.008762406 0.989528000
1781254303.779857 2.758697510 -0.035759997 0.344602972 -0.004807594 0.156870693 -0.009140140 0.987565219
1781254303.879978 2.791668653 -0.037108332 0.335358024 -0.005047589 0.173800245 -0.010693833 0.984709978
1781254303.946725 2.812167168 -0.038166933 0.328356713 -0.004823133 0.186549127 -0.011432716 0.982367277
1781254303.980099 2.821087360 -0.037373509 0.323497623 -0.004124338 0.192112595 -0.012237503 0.981287956
1781254304.046846 2.841528177 -0.037906565 0.315424144 -0.003601755 0.203994900 -0.012901472 0.978880346
1781254304.146966 2.872338772 -0.039487951 0.301732183 -0.003634116 0.223771527 -0.014093072 0.974532962
1781254304.180345 2.881929398 -0.039682601 0.296503603 -0.003534526 0.230093598 -0.014085216 0.973060191
1781254304.213724 2.891929388 -0.037066620 0.292427510 -0.001842602 0.237029850 -0.014188762 0.971396983
1781254304.280483 2.911779404 -0.039553121 0.281098604 -0.002106642 0.250193775 -0.014545862 0.968084216
1781254304.313863 2.921046734 -0.040466715 0.275256127 -0.001776762 0.256545752 -0.015242371 0.966410279
1781254304.380622 2.937029123 -0.042739566 0.264146447 -0.002160536 0.269987583 -0.015652724 0.962734222
1781254304.414001 2.947183847 -0.041851565 0.257410854 -0.001345930 0.275687486 -0.015938051 0.961114287
1781254304.447381 2.951141119 -0.042173564 0.255548090 -0.001243153 0.285702169 -0.016692249 0.958172321
1781254304.514139 2.969203472 -0.043011457 0.241919488 -0.000597939 0.299389124 -0.016932128 0.953980684
1781254304.580898 2.987253189 -0.046102367 0.226500750 -0.000887864 0.312211812 -0.017464144 0.949851632
1781254304.681037 3.009420872 -0.046100423 0.208391070 -0.000009429 0.335252732 -0.018532775 0.941945970
1781254304.747795 3.017375231 -0.048947036 0.199912190 -0.000697481 0.353608131 -0.021315536 0.935150504
1781254304.781175 3.030109406 -0.050161816 0.186845481 -0.000680835 0.358538389 -0.021363830 0.933270276
1781254304.814554 3.037208319 -0.052795906 0.177412033 -0.001304534 0.367476076 -0.022402789 0.929762185
1781254304.847934 3.042547226 -0.051890902 0.172091663 -0.000668825 0.377389312 -0.022851648 0.925772488
1781254304.914693 3.056047201 -0.054327190 0.156757295 -0.001181127 0.394833237 -0.024332536 0.918429852
1781254304.981452 3.065127134 -0.056916587 0.142686427 -0.001548538 0.414976627 -0.025811985 0.909464598
1781254305.048213 3.078879356 -0.056390781 0.123719811 -0.000449858 0.431883663 -0.026949758 0.901526511
1781254305.148352 3.092701435 -0.058677725 0.100909233 -0.000420167 0.460506558 -0.029888954 0.887152851
1781254305.181729 3.097910166 -0.058486197 0.092255354 -0.000193574 0.468987644 -0.030233975 0.882687092
1781254305.215106 3.100587368 -0.057659145 0.086518884 0.000374981 0.479948908 -0.030696912 0.876759171
1781254305.281861 3.110457420 -0.056634348 0.067930222 0.001287043 0.496795207 -0.031841230 0.867282569
1781254305.348615 3.115175247 -0.055368256 0.052837610 0.002504928 0.518833339 -0.032968882 0.854235768
1781254305.381992 3.129014492 -0.059702639 0.034014702 0.001711694 0.523491025 -0.033018425 0.851389468
1781254305.415370 3.136043310 -0.061927758 0.023996115 0.001570831 0.530260861 -0.033180516 0.847183645
1781254305.448747 3.133314848 -0.060276218 0.014238000 0.002133325 0.539873421 -0.034185428 0.841049075
1781254305.482124 3.137857437 -0.052301828 0.007972121 0.004637709 0.548589230 -0.035296630 0.835333765
1781254305.582256 3.134627342 -0.046183057 -0.004288673 0.006932766 0.575812161 -0.036439952 0.816740155
1781254305.615633 3.146193504 -0.056330577 -0.021958351 0.004597116 0.581784070 -0.037197996 0.812479138
1781254305.649010 3.151963472 -0.058395118 -0.032157898 0.004192372 0.588678002 -0.037961408 0.807464898
1781254305.682387 3.150032997 -0.061669737 -0.033199310 0.003779551 0.599256754 -0.036020689 0.799737215
1781254305.715766 3.152773619 -0.062308386 -0.044631243 0.004137422 0.607380271 -0.036538914 0.793559730
1781254305.749143 3.154937983 -0.062807612 -0.053664923 0.004395209 0.615765274 -0.037067063 0.787045062
1781254305.782520 3.159914494 -0.063112997 -0.066209793 0.004343521 0.622989178 -0.037788667 0.781305134
1781254305.815897 3.162934780 -0.063524142 -0.078743696 0.004784261 0.630724251 -0.038281299 0.775047541
1781254305.849275 3.165849209 -0.064152889 -0.091900110 0.005063454 0.638125479 -0.039405029 0.768906713
1781254305.882652 3.169555426 -0.062934458 -0.103840351 0.005552572 0.645598710 -0.040508043 0.762581587
1781254305.916029 3.173143387 -0.063200861 -0.119107962 0.006020216 0.653097510 -0.041374404 0.756118774
1781254305.949406 3.174176455 -0.064995691 -0.132814884 0.005193639 0.659660578 -0.041852046 0.750379562
1781254305.982784 3.174600840 -0.071905762 -0.143669128 0.003907139 0.667276204 -0.040973570 0.743672311
1781254306.016161 3.175977468 -0.073443510 -0.157387018 0.003479051 0.675401092 -0.041949302 0.736248314
1781254306.082915 3.179559231 -0.062487021 -0.171465397 0.007601219 0.693624675 -0.044960845 0.718891919
1781254306.116292 3.180694342 -0.063621670 -0.183084965 0.007473496 0.700408697 -0.045778409 0.712233245
1781254306.149669 3.178544044 -0.063149363 -0.197210550 0.007712730 0.707184613 -0.046593178 0.705449879
1781254306.183044 3.177533627 -0.066096202 -0.208784580 0.007634421 0.714918315 -0.046225354 0.697636604
1781254306.216418 3.177147627 -0.068307966 -0.219511747 0.007269330 0.722626030 -0.046520773 0.689633787
1781254306.249793 3.177540541 -0.068175122 -0.231058359 0.007972901 0.729562521 -0.047492582 0.682216585
1781254306.283167 3.176402569 -0.068064630 -0.241253614 0.007688173 0.736154675 -0.048148774 0.675054729
1781254306.316541 3.173218489 -0.069931298 -0.253884792 0.007617338 0.743995309 -0.047906119 0.666421771
1781254306.349916 3.172138453 -0.069514945 -0.269934177 0.008291861 0.751039028 -0.048939008 0.658389509
1781254306.383290 3.170538664 -0.072582394 -0.287279606 0.007525825 0.757181406 -0.049619295 0.651273847
1781254306.416665 3.168498278 -0.073529139 -0.295573950 0.007565300 0.764244616 -0.049624830 0.642969906
1781254306.450039 3.163691044 -0.076020420 -0.304317951 0.006968318 0.772082686 -0.049478821 0.633554876
1781254306.483413 3.161201477 -0.075575963 -0.321268797 0.007814785 0.778615296 -0.050549239 0.625413418
1781254306.516788 3.159387350 -0.076400146 -0.329055071 0.008056537 0.786371291 -0.051123340 0.615582466
1781254306.650284 3.144270182 -0.077734783 -0.356535673 0.008468954 0.817436039 -0.052347887 0.573573351
1781254306.683657 3.138733864 -0.081379354 -0.362007141 0.008235110 0.825581372 -0.051838391 0.561836660
1781254306.717031 3.135482788 -0.079066008 -0.377676487 0.009114879 0.831753314 -0.053501543 0.552486241
1781254306.750405 3.131130695 -0.079402044 -0.387158155 0.009087315 0.838571548 -0.054016441 0.542030811
1781254306.783779 3.126360893 -0.079616830 -0.399012566 0.009347852 0.844786406 -0.054485902 0.532240510
1781254306.817153 3.121508360 -0.080467567 -0.409223318 0.009256521 0.851090610 -0.054993715 0.522048771
1781254306.850526 3.117020130 -0.079731047 -0.420727015 0.009531740 0.856940925 -0.055911686 0.512284458
1781254306.883900 3.111951351 -0.080946922 -0.430213213 0.009420825 0.862543225 -0.056110166 0.502774537
1781254306.917274 3.104758739 -0.080053702 -0.442398310 0.009456649 0.867894471 -0.057121590 0.493362844
1781254306.950647 3.099891663 -0.080375746 -0.451852560 0.009927333 0.874395311 -0.057793621 0.481657833
1781254306.984021 3.090622902 -0.083812371 -0.459581375 0.008966655 0.880421937 -0.057450596 0.470612705
1781254307.017394 3.085041761 -0.084442556 -0.469854593 0.008922769 0.884880483 -0.057483613 0.462171644
1781254307.050768 3.077898979 -0.086967215 -0.477719307 0.008764831 0.888946831 -0.057199866 0.454340100
1781254307.084141 3.070044994 -0.087408915 -0.490381479 0.008429007 0.893073261 -0.057652101 0.446122706
1781254307.117515 3.063725710 -0.086113334 -0.497088909 0.009256165 0.898581862 -0.058529321 0.434786528
1781254307.150889 3.055738449 -0.089172602 -0.505476236 0.009255914 0.903225720 -0.057885773 0.425143510
1781254307.184268 3.046454191 -0.090110317 -0.516058445 0.008211139 0.906875789 -0.058896072 0.417181224
1781254307.251028 3.039253712 -0.085874140 -0.536703110 0.011256976 0.914744675 -0.059183616 0.399515599
1781254307.317788 3.022619724 -0.088875279 -0.554472446 0.011041787 0.922856569 -0.059170175 0.380411237
1781254307.384547 3.004243135 -0.088326201 -0.571925640 0.012189413 0.930210292 -0.059780821 0.361920685
1781254307.451307 2.986183405 -0.090212226 -0.588417292 0.012349385 0.936898351 -0.059796859 0.344228566
1781254307.551447 2.953646660 -0.093794540 -0.612463713 0.012375981 0.946628094 -0.059806325 0.316489160
1781254307.618207 2.933367729 -0.095347613 -0.628561497 0.012211341 0.951535106 -0.060059920 0.301371306
1781254307.684967 2.915156126 -0.094999373 -0.643857718 0.012538083 0.957237720 -0.060743004 0.282575846
1781254307.785108 2.892890453 -0.096681252 -0.658691406 0.013214778 0.964404464 -0.060813982 0.257003963
1781254307.851869 2.874008179 -0.095013499 -0.673623800 0.013693635 0.969113290 -0.061753344 0.238366276
1781254307.918630 2.854871273 -0.099337831 -0.679753304 0.013715405 0.973548174 -0.061177835 0.219711542
1781254307.985390 2.832017183 -0.096434966 -0.696356773 0.013828094 0.976981878 -0.062417518 0.203517497
1781254308.018771 2.814015388 -0.101644993 -0.698543787 0.013090400 0.978904784 -0.061514623 0.194397017
1781254308.118912 2.789774895 -0.099025786 -0.710969448 0.014864913 0.983847320 -0.061856505 0.167323977
1781254308.152292 2.782420158 -0.098989010 -0.714249611 0.014409226 0.985457778 -0.062065087 0.157522485
1781254308.252423 2.745976210 -0.098904446 -0.725854158 0.015352183 0.989620566 -0.062110838 0.128677502
1781254308.285800 2.734961271 -0.098966226 -0.730959892 0.014923619 0.990639985 -0.062358063 0.120504119
1781254308.352554 2.710378170 -0.099249974 -0.735013962 0.015703579 0.992590427 -0.062577829 0.102965221
1781254308.519439 2.656939745 -0.099099368 -0.741261125 0.017327257 0.996086955 -0.062716670 0.059810132
1781254308.619570 2.628847599 -0.098548070 -0.745836616 0.017073374 0.997380078 -0.062553085 0.032074869
1781254308.686323 2.610097885 -0.097042002 -0.745893598 0.016884042 0.997861326 -0.062327243 0.010148540
1781254308.819831 2.561502218 -0.099780068 -0.737060905 0.017973952 0.997289717 -0.061334003 -0.036445804
1781254308.886585 2.539824247 -0.090624541 -0.742088139 -0.017423866 -0.996013701 0.063027509 0.060668427
1781254308.919961 2.524881124 -0.092723355 -0.735632360 -0.017486941 -0.995323360 0.061983932 0.071997419
1781254308.986715 2.502579212 -0.089530155 -0.725672483 -0.018086705 -0.992987633 0.062927060 0.098430946
1781254309.020092 2.488039732 -0.089717470 -0.725423098 -0.019345487 -0.991570294 0.062613241 0.111775540
1781254309.053468 2.482053518 -0.089471310 -0.724399924 0.017683525 0.989858925 -0.062554672 -0.126307294
1781254309.120222 2.454732418 -0.086060829 -0.717512369 0.017656086 0.986556947 -0.062663116 -0.149890482
1781254309.186975 2.436497211 -0.089677982 -0.699280918 0.018648012 0.982490599 -0.061484866 -0.174883261
1781254309.220354 2.424742937 -0.091778331 -0.687550306 -0.019426530 -0.980551779 0.060001515 0.185850963
1781254309.287107 2.405295372 -0.087985180 -0.680614889 -0.018872676 -0.975528121 0.060530193 0.210534543
1781254309.353861 2.375861883 -0.086616233 -0.673038602 -0.018995104 -0.971405447 0.060244106 0.228869796
1781254309.387238 2.369722843 -0.088018209 -0.666020215 -0.019178441 -0.969255686 0.059102971 0.238080919
1781254309.453992 2.353375196 -0.085110746 -0.651306868 -0.018865675 -0.963493884 0.059443772 0.260365397
1781254309.520746 2.336117268 -0.082893521 -0.642612457 -0.017938318 -0.957576454 0.059287842 0.281443775
1781254309.554123 2.307023525 -0.080151483 -0.641174078 -0.019061338 -0.956013441 0.059544597 0.286582351
1781254309.654254 2.291409731 -0.083781347 -0.608216286 -0.018396648 -0.948177159 0.057131443 0.312021852
1781254309.721008 2.269687414 -0.082064547 -0.595478177 -0.017598778 -0.942979872 0.056809928 0.327493399
1781254309.787761 2.250711203 -0.080119401 -0.579860210 -0.017763477 -0.938891411 0.056674514 0.339050800
1781254309.887892 2.218801975 -0.079508632 -0.554492831 -0.017532203 -0.932397962 0.056124318 0.356618494
1781254309.921270 2.207289696 -0.078000769 -0.548731804 -0.017242711 -0.931255043 0.056054585 0.359617501
1781254309.954647 2.196946144 -0.077193707 -0.544254780 -0.017437464 -0.930398345 0.055488642 0.361906111
1781254310.054777 2.164799690 -0.076676935 -0.519387722 -0.017552072 -0.929606974 0.055215269 0.363969892
1781254310.088154 2.154389858 -0.075852498 -0.513854861 -0.017318740 -0.929323435 0.055499058 0.364661485
1781254310.154908 2.132568836 -0.074990138 -0.502200246 -0.017917663 -0.929545641 0.055327948 0.364091724
1781254310.188287 2.121278286 -0.074265100 -0.497982979 -0.017247014 -0.930483699 0.055476192 0.361697525
1781254310.221667 2.110562563 -0.074814960 -0.489455104 -0.017523799 -0.931506932 0.054939132 0.359123111
1781254310.255046 2.098742485 -0.073634386 -0.483846068 -0.017379418 -0.931985378 0.054941181 0.357886612
1781254310.321804 2.077080727 -0.072683409 -0.470782399 -0.017488291 -0.933337152 0.055256244 0.354291826
1781254310.355183 2.066444874 -0.072478831 -0.464164376 -0.017240046 -0.933843017 0.055267237 0.352966785
1781254310.421942 2.042423248 -0.070030168 -0.455744863 -0.017104413 -0.935325384 0.055308435 0.349020034
1781254310.488700 2.019430161 -0.068992376 -0.444293857 -0.016987622 -0.937351882 0.055301074 0.343547374
1781254310.522080 2.006844759 -0.068284363 -0.437865973 -0.017012073 -0.938437223 0.055769902 0.340493709
1781254310.588838 1.983788013 -0.066285737 -0.430708528 -0.017344253 -0.941481233 0.056210529 0.331892550
1781254310.622219 1.972256303 -0.065243572 -0.427373886 -0.017587811 -0.942345738 0.056434188 0.329378903
1781254310.722357 1.936982274 -0.064482316 -0.411696672 -0.017353989 -0.946582198 0.056460284 0.317006737
1781254310.822495 1.899301529 -0.063063420 -0.404307127 -0.017258687 -0.951002300 0.056630831 0.303463072
1781254310.956013 1.853454828 -0.060704343 -0.390102863 -0.017392084 -0.956445456 0.057265509 0.285710275
1781254311.056152 1.818222880 -0.059965719 -0.384643078 -0.017578579 -0.960588992 0.056899536 0.271518648
1781254311.189666 1.772076130 -0.058700703 -0.376628995 -0.017418765 -0.966103375 0.057438936 0.251081109
1781254311.289793 1.738990068 -0.056510281 -0.373536050 -0.017112076 -0.969355643 0.058247667 0.238042220
1781254311.356546 1.715231061 -0.055129036 -0.373302877 -0.016844437 -0.972302496 0.058301985 0.225710243
1781254311.490048 1.664704919 -0.053755742 -0.370231986 -0.016615259 -0.976921856 0.058735870 0.204689428
1781254311.590174 1.630298853 -0.052682437 -0.372317970 -0.017025705 -0.980025828 0.059395771 0.189028203
1781254311.690301 1.594882131 -0.053060267 -0.374041885 -0.017012533 -0.983103633 0.059171990 0.172384828
1781254311.790427 1.559759140 -0.052730188 -0.376819849 -0.016529337 -0.985786080 0.058923196 0.156463146
1781254311.923929 1.514014006 -0.051895466 -0.387414932 -0.016246064 -0.989182234 0.059321601 0.133175090
1781254312.024056 1.479756594 -0.051614255 -0.394527704 -0.016154682 -0.991896987 0.059786677 0.110927910
1781254312.124182 1.443462014 -0.051743377 -0.405651569 0.015157727 0.994098961 -0.059608616 -0.089355640
1781254312.224308 1.408874750 -0.051978268 -0.415575564 -0.015913039 -0.995923400 0.060001001 0.065446705
1781254312.357810 1.361942053 -0.054090850 -0.430462748 -0.014927722 -0.997487187 0.059661604 0.035170540
1781254312.391186 1.352974534 -0.051599853 -0.437019944 -0.014618769 -0.997653961 0.060649462 0.028189898
1781254312.424561 1.340907454 -0.052685868 -0.443806946 -0.014801869 -0.997829318 0.060591340 0.021125859
1781254312.491312 1.324575543 -0.052089594 -0.456060976 -0.014351253 -0.997991860 0.061369937 0.006333393
1781254312.524688 1.314648747 -0.054533549 -0.453625977 -0.014250385 -0.998068154 0.060439184 -0.001997126
1781254312.558063 1.301687479 -0.052905913 -0.461420476 -0.015135864 -0.997980416 0.061068773 -0.008760209
1781254312.624814 1.282439232 -0.056460079 -0.471490383 -0.014310586 -0.997754872 0.060790010 -0.024185622
1781254312.691565 1.258217216 -0.057375815 -0.482270420 -0.014385779 -0.997323692 0.060619280 -0.038260505
1781254312.724941 1.249548912 -0.053793807 -0.490016520 0.015381943 0.996987522 -0.061451320 0.044755690
1781254312.791692 1.227591753 -0.053583879 -0.500982344 0.014944599 0.996262729 -0.061849888 0.058411114
1781254312.858442 1.204648495 -0.052094616 -0.514737844 0.015205839 0.995456398 -0.062405236 0.070293181
1781254312.925193 1.182819605 -0.052496813 -0.525960088 0.015393707 0.994538724 -0.062367234 0.082257390
1781254313.025319 1.148396730 -0.052127399 -0.546054661 0.015450173 0.993089139 -0.062697165 0.098001577
1781254313.092069 1.126690626 -0.052636251 -0.555199385 0.015139439 0.992110550 -0.062059604 0.107870907
1781254313.125444 1.118044972 -0.054124676 -0.565417171 0.015095754 0.991641045 -0.062072020 0.112104043
1781254313.158819 1.110852838 -0.052425265 -0.571178794 0.014889027 0.991101742 -0.062203601 0.116732173
1781254313.192196 1.096653938 -0.052182689 -0.579204082 0.015153312 0.990443587 -0.062118579 0.122201659
1781254313.225573 1.090459824 -0.047378026 -0.588190436 0.014683636 0.989912033 -0.063605264 0.125749752
1781254313.258950 1.079718828 -0.050803475 -0.596805692 0.015161386 0.989177465 -0.062799491 0.131736070
1781254313.325704 1.062898636 -0.053392984 -0.613098979 0.015821667 0.987570584 -0.062353909 0.143408909
1781254313.359081 1.054753780 -0.049590714 -0.620186567 0.015016765 0.986736894 -0.063025653 0.148837730
1781254313.392458 1.039129972 -0.056108899 -0.626687765 0.014885889 0.985759258 -0.061462291 0.155819163
1781254313.425836 1.034694195 -0.059749059 -0.629055262 0.015432786 0.985022485 -0.060255148 0.160816178
1781254313.459213 1.024078131 -0.060054697 -0.637197971 0.015359330 0.984067202 -0.060266189 0.166565031
1781254313.492590 1.015779972 -0.060343415 -0.645752549 0.015643556 0.983105481 -0.060128246 0.172172964
1781254313.559344 0.996464729 -0.061408021 -0.664157629 0.015108029 0.980896652 -0.059689399 0.184528306
1781254313.592721 0.989066243 -0.061210707 -0.673181891 0.015173732 0.979954898 -0.059741460 0.189444453
1781254313.626097 0.979116857 -0.061995685 -0.681649923 0.014891559 0.978651583 -0.059559401 0.196142897
1781254313.659474 0.971444011 -0.062430933 -0.691640615 0.014770741 0.977506340 -0.059279464 0.201864511
1781254313.692851 0.964263439 -0.062669054 -0.700782180 0.015155377 0.976514220 -0.059222940 0.206598714
1781254313.726228 0.956198394 -0.063481301 -0.709313035 0.014692377 0.975276649 -0.059246797 0.212389901
1781254313.759605 0.948195815 -0.063515924 -0.719572663 0.014533331 0.973906815 -0.059221294 0.218602866
1781254313.792982 0.940445781 -0.063746348 -0.727751374 0.014368728 0.972739518 -0.058889084 0.223838210
1781254313.826359 0.933650255 -0.064836159 -0.736977339 0.014331771 0.971291482 -0.058902796 0.230039254
1781254313.893113 0.921278536 -0.064729407 -0.756582856 0.014095214 0.967741489 -0.058731019 0.244598731
1781254313.926489 0.916770041 -0.063810214 -0.765391350 0.014124809 0.966264665 -0.059496205 0.250186682
1781254313.959866 0.910154581 -0.065003321 -0.773724675 0.013844017 0.964596570 -0.058648653 0.256753147
1781254313.993243 0.904466689 -0.065398023 -0.783276558 0.013672478 0.962697804 -0.058574252 0.263808846
1781254314.059997 0.893880904 -0.066219546 -0.800883055 0.013448795 0.959160328 -0.058729216 0.276372075
1781254314.093374 0.888692379 -0.067383692 -0.810327530 0.013036962 0.957329571 -0.058265403 0.282763600
1781254314.126751 0.884482384 -0.068230487 -0.817991853 0.013061524 0.955810606 -0.058059338 0.287896901
1781254314.193504 0.875068426 -0.067404881 -0.837281704 0.012530634 0.951628983 -0.058543835 0.301360190
1781254314.226880 0.870918751 -0.069435917 -0.843355417 0.012755957 0.950195372 -0.058099087 0.305925936
1781254314.260257 0.867004752 -0.068157226 -0.853695869 0.012636281 0.948527753 -0.058834322 0.310924619
1781254314.327009 0.858088374 -0.070544712 -0.870857716 0.012280369 0.944793880 -0.058381651 0.322188288
1781254314.360385 0.852327585 -0.070406124 -0.880703449 0.012195672 0.942903876 -0.058308266 0.327694774
1781254314.393761 0.848914087 -0.072286129 -0.886057377 0.012104147 0.941141129 -0.057635985 0.332843840
1781254314.460514 0.841696322 -0.071940690 -0.905141354 0.012313625 0.937267303 -0.057810307 0.343564153
1781254314.560642 0.829933047 -0.076128185 -0.931891799 0.012300166 0.930471718 -0.057209820 0.361660272
1781254314.694146 0.818189561 -0.077923924 -0.971164584 0.011910209 0.921576023 -0.057114094 0.383788913
1781254314.794275 0.809177160 -0.079085574 -1.000604033 0.011925360 0.915161729 -0.056967732 0.398862749
1781254314.861028 0.802304983 -0.080800757 -1.019604445 0.011640463 0.911714852 -0.056597434 0.406739891
1781254314.961156 0.791172385 -0.082236707 -1.049507141 0.011594034 0.908406258 -0.056323353 0.414115161
1781254315.061284 0.776059687 -0.084292904 -1.073414922 0.011584988 0.906200171 -0.055990171 0.418965638
1781254315.128036 0.765167832 -0.088370390 -1.095529079 0.012065329 0.905491650 -0.055305552 0.420571923
1781254315.261540 0.746639073 -0.090656772 -1.130196214 0.011476906 0.905471027 -0.055027850 0.420668989
1781254315.395044 0.724684596 -0.093226783 -1.177248001 0.011279146 0.906360209 -0.055268504 0.418723494
1781254315.495172 0.710541606 -0.094616696 -1.203773975 0.010915601 0.909880996 -0.055784687 0.410956889
1781254315.595300 0.700051129 -0.098587923 -1.222237468 0.011061496 0.910611510 -0.055384666 0.409386098
1781254315.728804 0.697883785 -0.096379071 -1.237328291 0.011307411 0.910222471 -0.055638958 0.410209209
1781254315.828932 0.705109358 -0.097741768 -1.240991712 0.011303540 0.910841346 -0.055910718 0.408796191
1781254315.895683 0.704136431 -0.093807660 -1.243161321 0.011009310 0.911059976 -0.057035007 0.408161104
1781254315.929059 0.704997003 -0.093508057 -1.242534399 0.010984194 0.911268115 -0.057119459 0.407685220
1781254315.995811 0.704285324 -0.093368724 -1.242787719 0.010671723 0.911004245 -0.057154246 0.408277899
1781254316.095938 0.704656541 -0.094025813 -1.242776632 0.010403290 0.910991073 -0.057054412 0.408328146
1781254316.329565 0.703985870 -0.093383923 -1.244561434 0.010476379 0.910377860 -0.057104725 0.409684658
1781254316.396315 0.703162849 -0.093809165 -1.245672226 0.010749641 0.909963310 -0.056917604 0.410623550
1781254316.429690 0.702820063 -0.093770728 -1.246763825 0.010582390 0.909780025 -0.056897324 0.411036640
1781254316.563189 0.700138032 -0.094077677 -1.248060942 0.010618996 0.910656571 -0.056882747 0.409092009
1781254316.663313 0.696508527 -0.094353497 -1.255046725 0.010756983 0.911270380 -0.057016592 0.407700628
1781254316.696688 0.695756435 -0.094887570 -1.257236123 0.010948493 0.911432743 -0.056817599 0.407360166
1781254316.863562 0.693018794 -0.095777854 -1.262401223 0.010816242 0.912080884 -0.056681253 0.405929446
1781254316.930312 0.692001164 -0.095890835 -1.264932871 0.010829479 0.912159860 -0.056661624 0.405754328
1781254316.997061 0.690103352 -0.095232554 -1.270335317 0.011139044 0.912097335 -0.056775700 0.405870557
1781254317.063811 0.688144207 -0.096083492 -1.273152828 0.010749738 0.912444592 -0.056765307 0.405101210
1781254317.097186 0.687120259 -0.096434757 -1.274348378 0.010768760 0.912791073 -0.056777213 0.404317856
1781254317.163935 0.685035884 -0.097677119 -1.278800368 0.010933467 0.913342178 -0.056495987 0.403106421
1781254317.197313 0.683806539 -0.097746260 -1.279614210 0.010756416 0.913848341 -0.056640346 0.401942164
1781254317.297445 0.677114666 -0.098503754 -1.287312984 0.010643747 0.915266275 -0.056551531 0.398718417
1781254317.364201 0.672307730 -0.098725870 -1.293069839 0.010845787 0.916386247 -0.056528609 0.396135360
1781254317.397578 0.670412540 -0.098989457 -1.294620752 0.010834377 0.917095661 -0.056620967 0.394477278
1781254317.464334 0.666075647 -0.097958207 -1.300784707 0.011156321 0.918262124 -0.056903750 0.391704351
1781254317.497711 0.663563490 -0.098390505 -1.301612854 0.010963119 0.918968856 -0.056739338 0.390072674
1781254317.531089 0.662860453 -0.099424459 -1.304340720 0.011282321 0.919766068 -0.056541629 0.388208836
1781254317.597845 0.658112943 -0.099224836 -1.305448771 0.010390672 0.920356929 -0.057734780 0.386654854
1781254317.631223 0.657178998 -0.099969745 -1.306103945 0.009956022 0.920634687 -0.057765715 0.385999709
1781254317.664601 0.653830886 -0.099393547 -1.307345867 0.009868021 0.921250165 -0.058256947 0.384456694
1781254317.798112 0.639827013 -0.100115642 -1.317945957 0.011221245 0.929553688 -0.057226073 0.364045620
1781254317.831490 0.633764744 -0.100153267 -1.319734097 0.013333895 0.932981610 -0.055904090 0.355306000
1781254317.864867 0.626865447 -0.099645287 -1.329121828 0.008789908 0.935791552 -0.060367186 0.347236007
1781254317.898245 0.622365415 -0.099406272 -1.327756524 0.013465043 0.940366030 -0.057712469 0.334962368
1781254317.965000 0.606099725 -0.103248760 -1.315118909 0.013582794 0.949224532 -0.055708595 0.309329718
1781254317.998378 0.599924386 -0.102332622 -1.336718917 0.011710612 0.950391948 -0.057147771 0.305535883
1781254318.065134 0.587903857 -0.099599287 -1.344380856 0.011835380 0.958295405 -0.059069898 0.279357672
1781254318.098511 0.580898702 -0.098595440 -1.347466111 0.011243400 0.961493671 -0.059620600 0.268046767
1781254318.131889 0.574075937 -0.098665565 -1.351436734 0.011050017 0.964571476 -0.060141779 0.256637573
1781254318.198641 0.560496807 -0.101386912 -1.362592936 0.011903990 0.969560623 -0.059386272 0.237241969
1781254318.232016 0.550195515 -0.100744359 -1.359809399 0.012287266 0.972330391 -0.059273131 0.225631312
1781254318.265391 0.535722315 -0.100934371 -1.360786080 0.011627022 0.974560380 -0.059579480 0.215748131
1781254318.365516 0.508274853 -0.100297563 -1.368776560 0.011890789 0.981097758 -0.060302526 0.183492824
1781254318.432265 0.488540679 -0.101617321 -1.372949362 0.012258121 0.984817445 -0.060053859 0.162413135
1781254318.465640 0.478237808 -0.102080651 -1.374740720 0.012312084 0.986681998 -0.059879906 0.150736392
1781254318.532389 0.462171853 -0.101622336 -1.376880169 0.011249395 0.989866734 -0.060316619 0.128059596
1781254318.565764 0.450828731 -0.101538092 -1.379685163 0.011656283 0.991300464 -0.060255446 0.116433561
1781254318.599138 0.436831504 -0.103968583 -1.378545165 0.012479684 0.992571771 -0.059732750 0.105250187
1781254318.632513 0.425195396 -0.104367390 -1.379593134 0.011952812 0.993616521 -0.059668522 0.094989739
1781254318.665887 0.417762458 -0.102082185 -1.382512331 0.012279086 0.994512618 -0.060230892 0.084653609
1781254318.699262 0.405616581 -0.104369976 -1.379409909 0.011890201 0.995370626 -0.059839532 0.074264690
1781254318.732636 0.398043752 -0.103251144 -1.379643798 0.011504483 0.996098578 -0.060185909 0.063506700
1781254318.766011 0.390270650 -0.105341166 -1.384814858 0.011093814 0.996794879 -0.059953254 0.051793437
1781254318.799385 0.378133863 -0.104191683 -1.383272886 0.010977097 0.997222662 -0.059990596 0.042750336
1781254318.832760 0.365497828 -0.104251139 -1.380555987 0.010346211 0.997608125 -0.060134478 0.032480504
1781254318.866134 0.366794139 -0.104811154 -1.377698541 0.009662469 0.997985840 -0.059976913 0.018267691
1781254318.899508 0.358759582 -0.102006957 -1.383024096 0.007902195 0.998095632 -0.060842648 0.006400230
1781254318.932883 0.343272626 -0.107898556 -1.375643373 0.006802905 0.998199821 -0.059547693 -0.002219713
1781254318.966257 0.332090765 -0.102699570 -1.382051349 0.008569897 0.998042464 -0.060647164 -0.012641304
1781254318.999632 0.326392740 -0.101420723 -1.379801631 0.008885714 0.997753322 -0.061053474 -0.026114414
1781254319.033007 0.320304573 -0.100366510 -1.380452871 0.008783505 0.997305512 -0.061505727 -0.039007343
1781254319.066382 0.334527910 -0.098256491 -1.376031041 0.007037162 0.996464133 -0.062131077 -0.056120787
1781254319.099756 0.316017032 -0.092226028 -1.375504494 0.007045386 0.995852649 -0.063572869 -0.064702876
1781254319.133130 0.298479259 -0.087572634 -1.377885938 0.006146595 0.995188892 -0.064959697 -0.073085986
1781254319.166505 0.294833064 -0.098269120 -1.369466662 0.007598948 0.994127154 -0.062137354 -0.088274904
1781254319.199878 0.277806699 -0.087113172 -1.370385170 0.008056449 0.992954373 -0.064294249 -0.099212453
1781254319.233252 0.256055951 -0.072890319 -1.374244928 0.005403831 0.991941273 -0.067973815 -0.106784418
1781254319.266625 0.247639716 -0.083817117 -1.367338419 0.006005626 0.990698934 -0.065269202 -0.119245954
1781254319.299999 0.231268764 -0.088318855 -1.357498169 -0.007504276 -0.989497304 0.064233519 0.129278570
1781254319.333372 0.232669711 -0.082560547 -1.353491426 -0.007839422 -0.987408876 0.065361947 0.143840760
1781254319.366745 0.232113719 -0.070551418 -1.355089068 -0.006962292 -0.985158086 0.068353981 0.157298684
1781254319.400119 0.215589643 -0.085237309 -1.345367908 -0.010447811 -0.983824730 0.063632183 0.167124942
1781254319.433492 0.208335519 -0.084110372 -1.340823412 -0.010326849 -0.981798708 0.063523419 0.178688228
1781254319.466866 0.196866274 -0.083330095 -1.335411072 -0.010316764 -0.979904413 0.063567922 0.188785747
1781254319.500239 0.185753226 -0.082674168 -1.329755068 -0.010294823 -0.977764130 0.063876040 0.199477628
1781254319.533612 0.176340103 -0.082729138 -1.323528528 -0.010133856 -0.975792289 0.063082255 0.209158882
1781254319.566985 0.166746020 -0.082391553 -1.317139626 -0.010289990 -0.973560810 0.062986180 0.219331399
1781254319.600359 0.156837940 -0.081139348 -1.311297655 -0.010397973 -0.971242547 0.062939718 0.229387179
1781254319.633732 0.146631598 -0.085628867 -1.299795866 -0.010513342 -0.969104946 0.061468195 0.238635316
1781254319.667105 0.138733029 -0.087616697 -1.290169001 -0.010335820 -0.966803908 0.060795624 0.247966632
1781254319.700478 0.127631068 -0.084383681 -1.284609556 -0.010195268 -0.964632034 0.061351892 0.256158292
1781254319.733852 0.115463376 -0.080037668 -1.281383991 -0.009903936 -0.962461829 0.062338769 0.263975650
1781254319.767225 0.099090099 -0.079460546 -1.273372650 -0.010868316 -0.960781395 0.062151775 0.270033658
1781254319.800599 0.091532826 -0.079429083 -1.264460802 -0.010495490 -0.958549500 0.062013593 0.277897716
1781254319.833972 0.074301481 -0.083156034 -1.250715375 -0.011968729 -0.957413733 0.060641233 0.282025456
1781254319.867345 0.072089911 -0.076131552 -1.253905296 -0.011045653 -0.954956353 0.062205501 0.289942950
1781254319.900717 0.062752604 -0.074659355 -1.245673537 -0.011181750 -0.952978849 0.062454585 0.296320438
1781254319.934091 0.055110812 -0.073084019 -1.237393379 -0.010824381 -0.950768352 0.062589139 0.303323448
1781254319.967464 0.043849826 -0.074068666 -1.230649352 -0.010377551 -0.948879957 0.062477965 0.309217930
1781254320.000836 0.033146381 -0.072064787 -1.223829031 -0.010175480 -0.947201133 0.062876105 0.314250290
1781254320.034209 0.024824381 -0.074735619 -1.211050391 -0.012255636 -0.945780456 0.061592806 0.318677723
1781254320.067582 0.015237689 -0.074945807 -1.203222156 -0.012184191 -0.943637967 0.061021708 0.325077325
1781254320.100955 0.006081223 -0.073816299 -1.195620298 -0.011995535 -0.941611171 0.061096057 0.330895573
1781254320.167701 -0.008687973 -0.071396120 -1.178846240 -0.012095303 -0.937942684 0.061510723 0.341077298
1781254320.201074 -0.019345522 -0.071274199 -1.169434190 -0.012020083 -0.936333001 0.061179154 0.345533192
1781254320.234447 -0.029083014 -0.071079910 -1.162246346 -0.011661568 -0.934125304 0.060989689 0.351502776
1781254320.301193 -0.050148487 -0.070041865 -1.143635035 -0.011403318 -0.930283368 0.060161307 0.361695290
1781254320.401312 -0.075093746 -0.068212867 -1.118037462 -0.011312220 -0.925895870 0.059977949 0.372815847
1781254320.468058 -0.094474554 -0.065824620 -1.104547977 -0.011259423 -0.922974288 0.060510751 0.379908144
1781254320.534804 -0.116571665 -0.064881951 -1.081404209 -0.011482328 -0.921815038 0.059985314 0.382788420
1781254320.601549 -0.139453888 -0.061246891 -1.062337756 -0.011235094 -0.919997334 0.060398292 0.387079895
1781254320.701668 -0.157072902 -0.065395847 -1.048121691 -0.012440381 -0.915970623 0.058827505 0.396714598
1781254320.768413 -0.176863551 -0.064146638 -1.030263424 -0.012255950 -0.914478362 0.058449432 0.400203615
1781254320.835158 -0.198056102 -0.061477505 -1.012748480 -0.012450019 -0.913446665 0.059000850 0.402466446
1781254320.901903 -0.220252514 -0.058596890 -0.997263193 -0.011903410 -0.911413074 0.059041154 0.407061160
1781254321.002021 -0.252466857 -0.056330707 -0.969129682 -0.012067677 -0.908677518 0.059013061 0.413130701
1781254321.035393 -0.259667158 -0.057847176 -0.956605732 -0.012744754 -0.908436835 0.058011491 0.413781047
1781254321.068766 -0.272944570 -0.054595299 -0.948693514 -0.011740634 -0.907926917 0.058831770 0.414812803
1781254321.102138 -0.282956839 -0.054317400 -0.938027382 -0.012174411 -0.907107651 0.058595665 0.416622281
1781254321.135512 -0.293297648 -0.054472592 -0.926887274 -0.012531263 -0.906156659 0.058448792 0.418696761
1781254321.168884 -0.302483737 -0.054316092 -0.915759802 -0.012502635 -0.905297101 0.058177352 0.420590490
1781254321.235635 -0.326118529 -0.052526206 -0.898577452 -0.012644388 -0.903189659 0.057992805 0.425118327
1781254321.269010 -0.337045789 -0.051610939 -0.885010481 -0.013330110 -0.901852071 0.058377080 0.427875280
1781254321.302385 -0.347600758 -0.050340530 -0.879196465 -0.012624040 -0.900098801 0.058759101 0.431520909
1781254321.335760 -0.361072004 -0.047955133 -0.872040391 -0.012598248 -0.899440169 0.059293132 0.432819873
1781254321.369135 -0.368599415 -0.047736462 -0.859458923 -0.013012976 -0.898488641 0.058857702 0.434838563
1781254321.435885 -0.388739049 -0.050198946 -0.835271060 -0.014035260 -0.895545840 0.057985608 0.440951616
1781254321.469260 -0.398300171 -0.050306860 -0.821409166 -0.014508359 -0.894486129 0.057877738 0.443096370
1781254321.536010 -0.423901677 -0.045756750 -0.806212664 -0.013169257 -0.890715420 0.058403913 0.450601488
1781254321.569385 -0.434279203 -0.043220695 -0.797448635 -0.013624378 -0.888639450 0.059083257 0.454580694
1781254321.602760 -0.442946494 -0.046641245 -0.781111896 -0.013886581 -0.886805415 0.057032213 0.458400190
1781254321.636135 -0.455390394 -0.042188995 -0.776322484 -0.012500597 -0.883721113 0.058198266 0.464213073
1781254321.669510 -0.443193614 -0.047157664 -0.781090617 -0.013808690 -0.877732813 0.056590438 0.475596428
1781254321.702885 -0.452315509 -0.046013959 -0.769301891 -0.013694274 -0.875425935 0.056503106 0.479843080
1781254321.736260 -0.462629259 -0.044025760 -0.759682059 -0.013748555 -0.872317314 0.056851819 0.485429138
1781254321.769635 -0.470439136 -0.044887818 -0.747088850 -0.014306836 -0.869598687 0.056209289 0.490340799
1781254321.803010 -0.478065073 -0.044612754 -0.736355662 -0.014326729 -0.867297053 0.055741102 0.494452775
1781254321.836386 -0.485416055 -0.044044349 -0.723330855 -0.014299362 -0.865586936 0.055371523 0.497482479
1781254321.869761 -0.496272385 -0.042124115 -0.714163542 -0.014213564 -0.862690091 0.055511411 0.502476275
1781254321.903136 -0.502375126 -0.041701440 -0.704023004 -0.014310070 -0.859589517 0.055229235 0.507790089
1781254321.936511 -0.510932386 -0.040422920 -0.693486094 -0.014218871 -0.856473923 0.055610728 0.512989104
1781254321.969886 -0.518435478 -0.039481919 -0.682077706 -0.013832211 -0.854349136 0.055167608 0.516577959
1781254322.036635 -0.532504201 -0.038097624 -0.663000584 -0.013869081 -0.848880827 0.054413360 0.525593221
1781254322.103385 -0.545187891 -0.036462311 -0.643784344 -0.013566536 -0.842618287 0.054317214 0.535593271
1781254322.170135 -0.557271361 -0.034037694 -0.627352834 -0.013626269 -0.836076975 0.054124102 0.545765817
1781254322.236884 -0.567937970 -0.033192232 -0.609638035 -0.013102840 -0.827920854 0.053252101 0.558157384
1781254322.303633 -0.577740788 -0.032140560 -0.588022828 -0.013412996 -0.818836331 0.052372426 0.571475625
1781254322.437131 -0.601866484 -0.026913211 -0.540057957 -0.012013267 -0.802226484 0.051344652 0.594686627
1781254322.470506 -0.589222133 -0.032506429 -0.562888861 -0.013304423 -0.790983260 0.050074629 0.609640062
1781254322.537256 -0.595501006 -0.030924566 -0.547171116 -0.012667676 -0.780533671 0.049077954 0.623055518
1781254322.604005 -0.600448132 -0.031006573 -0.529072523 -0.012922375 -0.769467533 0.047671553 0.636773169
1781254322.670753 -0.603922248 -0.030664930 -0.509169698 -0.012591154 -0.756493151 0.046500921 0.652224958
1781254322.704128 -0.605261922 -0.031450130 -0.503290892 -0.012408838 -0.750600576 0.045361083 0.659080565
1781254322.737502 -0.606592059 -0.029210703 -0.491321743 -0.012471430 -0.743857920 0.045438368 0.666674852
1781254322.770877 -0.606169224 -0.029597037 -0.481544793 -0.012289396 -0.736371279 0.044583831 0.674995363
1781254322.804251 -0.606791973 -0.031221338 -0.471033275 -0.012334082 -0.729607940 0.043412961 0.682374954
1781254322.837626 -0.605729699 -0.030128479 -0.460609913 -0.012465258 -0.721782267 0.043318264 0.690650821
1781254322.871000 -0.602036119 -0.029314565 -0.447575152 -0.012942801 -0.713770807 0.043202482 0.698925853
1781254322.904374 -0.601124287 -0.028919768 -0.438319236 -0.012659388 -0.704944670 0.042378087 0.707882047
1781254322.937748 -0.596555829 -0.031131871 -0.424658775 -0.012623952 -0.696741819 0.040689375 0.716055870
1781254322.971123 -0.595525146 -0.029103749 -0.416044801 -0.012734620 -0.687170506 0.040284593 0.725266635
1781254323.004497 -0.591437697 -0.031305458 -0.403381348 -0.012324106 -0.677322567 0.038980626 0.734549463
1781254323.037871 -0.587339103 -0.030262228 -0.393686593 -0.012087386 -0.668739140 0.037941724 0.742429972
1781254323.071246 -0.586378217 -0.029508773 -0.384758234 -0.012766505 -0.658929229 0.037692927 0.751151502
1781254323.104620 -0.588679194 -0.020341016 -0.393078715 -0.010622889 -0.644905210 0.039129555 0.763186276
1781254323.137994 -0.584555447 -0.020957798 -0.385183871 -0.010542045 -0.634719431 0.038383294 0.771716893
1781254323.171368 -0.581429005 -0.019867526 -0.377021134 -0.010427359 -0.625655353 0.037789803 0.779114068
1781254323.238125 -0.570327997 -0.018688114 -0.358998001 -0.010158944 -0.602433980 0.036727767 0.797258615
1781254323.405013 -0.537604928 -0.015691368 -0.313205183 -0.009061640 -0.540915132 0.032165416 0.840413034
1781254323.538523 -0.503997087 -0.013574246 -0.282923400 -0.008807354 -0.488597512 0.029559288 0.871963978
1781254323.605279 -0.487298846 -0.014038615 -0.271166652 -0.009154767 -0.461301208 0.027987298 0.886754870
1781254323.638656 -0.476718843 -0.015580599 -0.263006389 -0.008956350 -0.447965443 0.026888665 0.893601596
1781254323.772168 -0.438170254 -0.018992193 -0.233975217 -0.009264443 -0.399113059 0.023706712 0.916548431
1781254323.872301 -0.406174481 -0.015295845 -0.211071476 -0.008117544 -0.362733245 0.022012681 0.931597650
1781254323.905679 -0.396554232 -0.014957180 -0.206011593 -0.008111829 -0.351017714 0.021162782 0.936094582
1781254323.939058 -0.385359347 -0.016025987 -0.199523062 -0.008407442 -0.338985056 0.021163503 0.940516174
1781254323.972435 -0.374610960 -0.015189750 -0.193025500 -0.007944863 -0.328711778 0.020053437 0.944184005
1781254324.005813 -0.364341527 -0.015197658 -0.188451916 -0.007484430 -0.318195403 0.019198565 0.947801173
1781254324.039191 -0.352874458 -0.014441924 -0.183024675 -0.007130011 -0.307476252 0.018721864 0.951344907
1781254324.072569 -0.344558090 -0.015800986 -0.181468174 -0.007383247 -0.295665562 0.018003400 0.955093324
1781254324.105947 -0.328731149 -0.014937141 -0.172833622 -0.007100516 -0.287405282 0.017742833 0.957618475
1781254324.139325 -0.317632765 -0.011824606 -0.164079785 -0.006425241 -0.279910684 0.017539369 0.959844351
1781254324.172703 -0.303701371 -0.010796584 -0.152460858 -0.006310332 -0.273423672 0.017271554 0.961717963
1781254324.206078 -0.296217173 -0.008619764 -0.151216134 -0.005155924 -0.263390362 0.016325289 0.964537442
1781254324.239454 -0.279604107 -0.008996292 -0.144940510 -0.005136164 -0.256145358 0.015181557 0.966505468
1781254324.272830 -0.261612445 -0.011917789 -0.138878182 -0.006143592 -0.248376712 0.015484916 0.968520284
1781254324.306205 -0.251305044 -0.005570609 -0.136052802 -0.004521595 -0.239934146 0.015189782 0.970659792
1781254324.339581 -0.239509583 -0.006754149 -0.134554416 -0.004880217 -0.232371464 0.014539837 0.972506225
1781254324.372956 -0.223161638 -0.002833813 -0.124852240 -0.003537826 -0.227279603 0.013856349 0.973724544
1781254324.406332 -0.209291488 -0.007855365 -0.123156749 -0.005194880 -0.219301432 0.013603744 0.975548446
1781254324.439708 -0.200426593 -0.002406252 -0.115615368 -0.002683587 -0.211006865 0.012717659 0.977398157
1781254324.473083 -0.184204713 -0.004160638 -0.114077970 -0.003090943 -0.204921782 0.012415344 0.978694797
1781254324.539834 -0.158283219 -0.003324236 -0.103560209 -0.003274198 -0.194142282 0.012117160 0.980893075
1781254324.606586 -0.132702515 -0.008547760 -0.101381265 -0.004801128 -0.183433473 0.010698744 0.982962191
1781254324.639962 -0.120926589 -0.008935915 -0.100239694 -0.004581615 -0.176268473 0.010362010 0.984276891
1781254324.673338 -0.106680498 -0.007640593 -0.096703924 -0.004142391 -0.170913801 0.009498288 0.985231519
1781254324.706713 -0.096109591 -0.007294809 -0.089925595 -0.004085269 -0.167171657 0.009273905 0.985875785
1781254324.740089 -0.084646091 -0.008036960 -0.088315427 -0.004187286 -0.163298517 0.009076091 0.986526132
1781254324.773464 -0.073767215 -0.008762163 -0.087691426 -0.004138262 -0.157376945 0.008553331 0.987492979
1781254324.806840 -0.062476989 -0.008862181 -0.085228190 -0.004407803 -0.152075827 0.008494895 0.988322556
1781254324.840216 -0.049483147 -0.008280182 -0.081760637 -0.003977736 -0.148237929 0.008264909 0.988909185
1781254324.873591 -0.037513714 -0.009630070 -0.080595069 -0.004234551 -0.144634128 0.008133795 0.989442706
1781254324.906966 -0.027877379 -0.008044679 -0.077613339 -0.003904805 -0.140056416 0.007698233 0.990105927
1781254324.940342 -0.016606757 -0.007995962 -0.073740281 -0.003901322 -0.136391923 0.007321700 0.990620255
1781254324.973718 -0.005727710 -0.009097681 -0.074636474 -0.003920313 -0.132110208 0.006885943 0.991203427
1781254325.007093 0.006885291 -0.007378650 -0.068042837 -0.003720735 -0.129053757 0.006607779 0.991608620
1781254325.040469 0.017100936 -0.007468262 -0.067944750 -0.003419208 -0.124811277 0.006209886 0.992155254
1781254325.073844 0.027076082 -0.007238287 -0.064016461 -0.003073231 -0.121449560 0.005947245 0.992575049
1781254325.107220 0.037375480 -0.008152304 -0.064728633 -0.003557780 -0.119195916 0.005621509 0.992848456
1781254325.140595 0.045989823 -0.007934786 -0.063897751 -0.003322218 -0.114322260 0.005309787 0.993423998
1781254325.173971 0.056139328 -0.008430987 -0.061924249 -0.003383094 -0.110914215 0.005137931 0.993810952
1781254325.207349 0.065026313 -0.009773484 -0.061586607 -0.003645073 -0.107160516 0.005074739 0.994222105
1781254325.240726 0.072872557 -0.009177228 -0.058765564 -0.003556497 -0.103756242 0.005013814 0.994583786
1781254325.307482 0.090203412 -0.011235746 -0.059951823 -0.003846638 -0.098155290 0.004699259 0.995152593
1781254325.340860 0.093963027 -0.010279905 -0.057592638 -0.003507227 -0.094296083 0.004228813 0.995529115
1781254325.374238 0.101493478 -0.010227982 -0.057565991 -0.003540275 -0.092227854 0.004232123 0.995722711
1781254325.407616 0.106856063 -0.010096417 -0.056351498 -0.003371001 -0.090542115 0.003837731 0.995879531
1781254325.440993 0.112118728 -0.009847951 -0.056452002 -0.003313122 -0.088690281 0.003756162 0.996046722
1781254325.474371 0.116927229 -0.010670414 -0.055758610 -0.003716207 -0.087232061 0.003689389 0.996174276
1781254325.507749 0.118600748 -0.011548059 -0.055862043 -0.003773157 -0.085275836 0.003539945 0.996344030
1781254325.541127 0.121570550 -0.009404782 -0.054203812 -0.002848172 -0.084287398 0.003540518 0.996431172
1781254325.574505 0.124841869 -0.011075587 -0.054346904 -0.003541349 -0.083797149 0.003365866 0.996470928
1781254325.607882 0.127076581 -0.010328655 -0.053873613 -0.003329888 -0.082679965 0.003537189 0.996564329
1781254325.641260 0.129022613 -0.009753468 -0.053066835 -0.003058266 -0.081739895 0.003412943 0.996643245
1781254325.674638 0.129126593 -0.009593766 -0.053383429 -0.003113000 -0.080238193 0.003635895 0.996764243
1781254325.708016 0.130158931 -0.009205905 -0.053614493 -0.003043485 -0.079756454 0.003787466 0.996802568
1781254325.741394 0.129243076 -0.008890325 -0.052899543 -0.002883028 -0.079161093 0.003578947 0.996851265
1781254325.808149 0.128652871 -0.009186289 -0.052669510 -0.003256641 -0.079835586 0.003920598 0.996795058
1781254325.841527 0.128007233 -0.008472780 -0.053105786 -0.002904100 -0.080019899 0.003858509 0.996781588
1781254325.874905 0.127304450 -0.009374527 -0.054914635 -0.003111584 -0.080445342 0.004162186 0.996745467
1781254325.941661 0.126241013 -0.010109977 -0.055738010 -0.003484382 -0.081597120 0.004142590 0.996650755
1781254325.975039 0.125406727 -0.009248088 -0.055035610 -0.003260966 -0.081693523 0.004114230 0.996643722
1781254326.008417 0.125608802 -0.009210264 -0.055072762 -0.003199831 -0.081848659 0.004172380 0.996630907
1781254326.041796 0.124971122 -0.009952204 -0.055144478 -0.003458843 -0.082027972 0.004247262 0.996614993
1781254326.075174 0.124759778 -0.010075576 -0.055766992 -0.003648092 -0.082246765 0.004024487 0.996597230
1781254326.108552 0.124254592 -0.010634750 -0.056366470 -0.003672929 -0.082018413 0.004017792 0.996615946
1781254326.141929 0.124345519 -0.010097067 -0.055983253 -0.003595453 -0.082075320 0.004093490 0.996611297
1781254326.175307 0.125157967 -0.009759398 -0.055714924 -0.003558917 -0.082582019 0.004202275 0.996569157
1781254326.208686 0.125497609 -0.009860780 -0.056209762 -0.003471897 -0.082689553 0.004068935 0.996561050
1781254326.242064 0.125268534 -0.009688349 -0.055744957 -0.003501974 -0.082597725 0.003919379 0.996569157
1781254326.275443 0.124674045 -0.010269420 -0.056166276 -0.003580573 -0.082073934 0.004101250 0.996611357
1781254326.308821 0.124923639 -0.010062927 -0.055988636 -0.003528122 -0.081987329 0.004111636 0.996618688
1781254326.342200 0.125116810 -0.010183018 -0.056004018 -0.003560316 -0.082085378 0.004036573 0.996610820
1781254326.408957 0.125767246 -0.009654563 -0.055304989 -0.003423065 -0.082067996 0.004229123 0.996611953
1781254326.442336 0.125504121 -0.010186718 -0.056015674 -0.003642801 -0.081700988 0.004162397 0.996641576
1781254326.475715 0.126404971 -0.009723422 -0.055893335 -0.003437549 -0.082005195 0.004209763 0.996617138
1781254326.509094 0.126115233 -0.010308275 -0.056038983 -0.003624526 -0.081851035 0.004176675 0.996629238
1781254326.542472 0.126012072 -0.010127507 -0.055867270 -0.003613601 -0.081712559 0.004035700 0.996641278
1781254326.575851 0.125541106 -0.010262817 -0.055588011 -0.003621446 -0.081432857 0.003986331 0.996664345
1781254326.609230 0.126118571 -0.010317326 -0.055851229 -0.003532301 -0.081628330 0.004110032 0.996648133
1781254326.642609 0.126162127 -0.010208358 -0.055559076 -0.003578927 -0.081503242 0.004156603 0.996658027
1781254326.709366 0.126071349 -0.009757182 -0.055277050 -0.003456948 -0.081330463 0.004040626 0.996673048
1781254326.809504 0.126130834 -0.010152427 -0.055668786 -0.003620718 -0.081203334 0.003980322 0.996683061
1781254326.842883 0.126484424 -0.009618762 -0.055699058 -0.003375553 -0.081188500 0.004087314 0.996684730
1781254326.876262 0.126542047 -0.009512122 -0.055059776 -0.003356691 -0.081168868 0.003977241 0.996686816
1781254326.909641 0.126512200 -0.009236938 -0.054976467 -0.003217968 -0.081019260 0.003982859 0.996699452
1781254326.976399 0.126506537 -0.009918939 -0.055410929 -0.003385485 -0.080926426 0.003927107 0.996706605
1781254327.009778 0.126107335 -0.009924336 -0.055164199 -0.003441818 -0.080749519 0.003847615 0.996721089
1781254327.043157 0.126349464 -0.010232760 -0.055448689 -0.003579081 -0.080752194 0.003978784 0.996719837
1781254327.076536 0.126200885 -0.010505640 -0.055833541 -0.003657150 -0.080700591 0.003830460 0.996724367
1781254327.109915 0.126680747 -0.009943984 -0.055175666 -0.003425322 -0.080821954 0.003838259 0.996715307
1781254327.143294 0.126742691 -0.010537275 -0.055596262 -0.003645868 -0.080791116 0.003834010 0.996717036
1781254327.210048 0.126434207 -0.010727876 -0.055747043 -0.003697530 -0.080698565 0.003738408 0.996724665
1781254327.243423 0.126799583 -0.010016003 -0.055546083 -0.003477478 -0.080863461 0.003950605 0.996711314
1781254327.276797 0.126408279 -0.010136378 -0.055189971 -0.003568502 -0.080684595 0.003805597 0.996726096
1781254327.310172 0.126642197 -0.010028969 -0.055018779 -0.003560119 -0.080796227 0.003859069 0.996716857
1781254327.343546 0.126314849 -0.010613660 -0.055706095 -0.003747358 -0.080648825 0.003727960 0.996728539
1781254327.376921 0.126696140 -0.009876557 -0.054980479 -0.003480316 -0.080768093 0.003850688 0.996719480
1781254327.410295 0.126578286 -0.010364168 -0.055330649 -0.003626163 -0.080722809 0.003800929 0.996722817
1781254327.443671 0.126898810 -0.009885089 -0.055087958 -0.003469656 -0.080865078 0.003926872 0.996711373
1781254327.477045 0.126179382 -0.009787227 -0.054503310 -0.003450507 -0.080578201 0.003734503 0.996735334
1781254327.510420 0.126475707 -0.009805772 -0.054734644 -0.003391547 -0.080682211 0.003783461 0.996726990
1781254327.543794 0.126725301 -0.010783738 -0.055767491 -0.003845158 -0.080728464 0.003821509 0.996721387
1781254327.577169 0.126619771 -0.009993224 -0.055137392 -0.003518037 -0.080745906 0.003928194 0.996720791
1781254327.610543 0.127014056 -0.010102891 -0.055287395 -0.003573427 -0.080842726 0.003807522 0.996713221
1781254327.643918 0.126365393 -0.009955113 -0.054952540 -0.003533910 -0.080534846 0.003787344 0.996738374
1781254327.677292 0.126633570 -0.010325962 -0.055403501 -0.003620685 -0.080685042 0.003891027 0.996725559
1781254327.710666 0.126804784 -0.010564511 -0.055352066 -0.003726797 -0.080778152 0.003930672 0.996717393
1781254327.744041 0.126891702 -0.010163666 -0.055139288 -0.003580530 -0.080742724 0.004027452 0.996720433
1781254327.777415 0.126780197 -0.010233643 -0.055401210 -0.003589288 -0.080644973 0.003822542 0.996729136
1781254327.810790 0.126564711 -0.010226007 -0.055211045 -0.003568462 -0.080556720 0.003693270 0.996736825
1781254327.844164 0.126199290 -0.009700446 -0.054118097 -0.003235361 -0.080449320 0.003307450 0.996748030
1781254327.877539 0.126468793 -0.009716136 -0.053641587 -0.003280621 -0.080520257 0.003245973 0.996742368
1781254327.910913 0.126372114 -0.009562516 -0.053675745 -0.003198469 -0.080457218 0.003369793 0.996747255
1781254327.944287 0.126531154 -0.009405563 -0.053581730 -0.003132553 -0.080506779 0.003472413 0.996743143
1781254327.977662 0.126435071 -0.009527691 -0.053706475 -0.003145986 -0.080479167 0.003388669 0.996745646
1781254328.011036 0.126597583 -0.009319001 -0.053458713 -0.003120706 -0.080506921 0.003357732 0.996743500
1781254328.044410 0.126330107 -0.008967900 -0.053435482 -0.003042048 -0.080444455 0.003397031 0.996748686
1781254328.077785 0.126403183 -0.009717163 -0.054064348 -0.003253943 -0.080455646 0.003411304 0.996747077
1781254328.111159 0.126534551 -0.009684801 -0.053886812 -0.003246437 -0.080479369 0.003341021 0.996745408
1781254328.177908 0.126565561 -0.010015008 -0.053945240 -0.003381433 -0.080474339 0.003328966 0.996745408
1781254328.211286 0.126404747 -0.009163437 -0.053575758 -0.003038290 -0.080470189 0.003390451 0.996746600
1781254328.278041 0.126792207 -0.009344131 -0.053862307 -0.003137611 -0.080529250 0.003354289 0.996741652
1781254328.344796 0.126663536 -0.009169488 -0.053858101 -0.003075354 -0.080512114 0.003240507 0.996743619
1781254328.378174 0.126698092 -0.009587309 -0.053760305 -0.003273074 -0.080513284 0.003405684 0.996742368
1781254328.444929 0.126923218 -0.009294323 -0.053342316 -0.003133527 -0.080619477 0.003406254 0.996734262
1781254328.478307 0.126909494 -0.009468311 -0.053352285 -0.003194764 -0.080602109 0.003509402 0.996735036
1781254328.511685 0.126409397 -0.009599941 -0.053274132 -0.003207080 -0.080420047 0.003324597 0.996750355
1781254328.545062 0.126586616 -0.009330765 -0.053645171 -0.003097822 -0.080454394 0.003415514 0.996747732
1781254328.578440 0.126443952 -0.009358404 -0.053845264 -0.003147173 -0.080384739 0.003321169 0.996753454
1781254328.645195 0.126590341 -0.009802168 -0.054033797 -0.003304017 -0.080452755 0.003412872 0.996747136
1781254328.678573 0.126533359 -0.009293352 -0.053993650 -0.003121714 -0.080430500 0.003252971 0.996750057
1781254328.745328 0.126834825 -0.009475973 -0.053597849 -0.003213913 -0.080525607 0.003378103 0.996741652
1781254328.778706 0.126351848 -0.009352606 -0.053652022 -0.003127738 -0.080354474 0.003287078 0.996756077
1781254328.812084 0.126591578 -0.009331482 -0.053593963 -0.003159309 -0.080415159 0.003309730 0.996751010
1781254328.845462 0.126559168 -0.009267889 -0.053399473 -0.003139050 -0.080407977 0.003411536 0.996751249
1781254328.878840 0.126516640 -0.009614982 -0.053882677 -0.003243768 -0.080398940 0.003277713 0.996752143
1781254328.912218 0.126501486 -0.009505272 -0.053735666 -0.003185277 -0.080394097 0.003295658 0.996752620
1781254328.978973 0.126570150 -0.009545877 -0.053773887 -0.003243350 -0.080376431 0.003348020 0.996753752
1781254329.112485 0.126417860 -0.009606319 -0.053885173 -0.003241026 -0.080328569 0.003352798 0.996757627
1781254329.212617 0.126362935 -0.009344448 -0.053737871 -0.003120001 -0.080311753 0.003283930 0.996759534
1781254329.346127 0.126543745 -0.009502349 -0.053776525 -0.003172807 -0.080329180 0.003205195 0.996758223
1781254329.446260 0.126359984 -0.009578506 -0.053759810 -0.003232679 -0.080273837 0.003280220 0.996762276
1781254329.579771 0.126494944 -0.009553394 -0.053928763 -0.003168461 -0.080303669 0.003331528 0.996759832
1781254329.646526 0.126376957 -0.009910832 -0.054274350 -0.003337770 -0.080248229 0.003346405 0.996763766
1781254329.780036 0.126446992 -0.009490657 -0.053667609 -0.003207657 -0.080283634 0.003470061 0.996760905
1781254329.846792 0.126523510 -0.009437693 -0.054148044 -0.003179067 -0.080249347 0.003322151 0.996764183
1781254329.946925 0.126187325 -0.009173777 -0.053796172 -0.003068819 -0.080253638 0.003307612 0.996764243
1781254330.013680 0.126522884 -0.009711131 -0.054016285 -0.003257434 -0.080338627 0.003393134 0.996756554
1781254330.113813 0.126519352 -0.009251256 -0.053918861 -0.003075780 -0.080306441 0.003343518 0.996759951
1781254330.213948 0.126485512 -0.009525616 -0.054120094 -0.003223987 -0.080264717 0.003344817 0.996762753
1781254330.314088 0.126424804 -0.009415776 -0.053860329 -0.003174337 -0.080278702 0.003334587 0.996761858
1781254330.347468 0.126363248 -0.009761919 -0.054437637 -0.003252166 -0.080184527 0.003297979 0.996769309
1781254330.514367 0.126207635 -0.009789855 -0.054216970 -0.003241240 -0.080187470 0.003228365 0.996769369
1781254330.681266 0.126484051 -0.009421594 -0.053818785 -0.003163719 -0.080290847 0.003253435 0.996761203
1781254330.748026 0.126535460 -0.008959646 -0.053722713 -0.002965246 -0.080267154 0.003395732 0.996763229
1781254330.848166 0.126079798 -0.009820325 -0.053994875 -0.003222616 -0.080165885 0.003220053 0.996771157
1781254330.948308 0.126263618 -0.009101859 -0.053289756 -0.003011487 -0.080262281 0.003264491 0.996763945
1781254331.048448 0.126425177 -0.010023819 -0.053991135 -0.003297586 -0.080275297 0.003348638 0.996761680
1781254331.081828 0.126629144 -0.009899234 -0.053859934 -0.003240616 -0.080328867 0.003268759 0.996757865
1781254331.115208 0.126638845 -0.009620490 -0.054005951 -0.003150519 -0.080298968 0.003424141 0.996760011
1781254331.148589 0.126814231 -0.009422618 -0.054046605 -0.003113349 -0.080241799 0.003414298 0.996764719
1781254331.181969 0.126388595 -0.009813263 -0.054173682 -0.003241668 -0.080136009 0.003312498 0.996773183
1781254331.215347 0.126372650 -0.009753579 -0.054130152 -0.003212718 -0.080143534 0.003361315 0.996772468
1781254331.248725 0.126427516 -0.009694496 -0.054045636 -0.003205908 -0.080168992 0.003303921 0.996770740
