1781254341.179440 0.0000000 0.0000000 0.0000000 -0.0000000 -0.0000000 -0.0000000 1.0000000
1781254343.265769 0.1332928 -0.0025504 0.0055426 -0.0001534 0.0032735 -0.0013782 0.9999937
1781254343.299146 0.1405409 -0.0025323 0.0063948 -0.0000721 0.0023447 -0.0016431 0.9999959
1781254343.499413 0.1847013 -0.0034588 0.0116498 -0.0002780 -0.0041896 -0.0013729 0.9999903
1781254343.766578 0.2457198 -0.0031067 0.0222195 -0.0003141 -0.0118781 -0.0009842 0.9999290
1781254344.067233 0.3176020 -0.0034149 0.0356942 -0.0008892 -0.0205436 -0.0005726 0.9997884
1781254344.501609 0.4299780 -0.0045352 0.0584653 -0.0015118 -0.0363977 -0.0001549 0.9993362
1781254345.002424 0.5661260 -0.0063535 0.0900061 -0.0025374 -0.0510520 -0.0000990 0.9986928
1781254345.503197 0.7032128 -0.0080614 0.1250369 -0.0033484 -0.0653510 0.0001240 0.9978567
1781254346.204153 0.9165135 -0.0103107 0.1786787 -0.0026450 -0.0649402 0.0010314 0.9978852
1781254347.138783 1.2514447 -0.0155985 0.1960790 -0.0015529 -0.0004418 -0.0014958 0.9999976
1781254347.839750 1.4783158 -0.0208803 0.1790683 -0.0018785 0.0546815 -0.0060730 0.9984836
1781254348.974524 1.7840384 -0.0276670 0.1934040 -0.0030552 0.0453807 -0.0074704 0.9989372
1781254349.808920 1.9944557 -0.0320875 0.1937882 -0.0032174 0.0382577 -0.0068974 0.9992389
1781254350.576513 2.2033582 -0.0318131 0.1927440 -0.0017153 0.0414362 -0.0065293 0.9991183
1781254351.010419 2.3298497 -0.0360575 0.1856511 -0.0018118 0.0461432 -0.0069164 0.9989092
1781254352.078599 2.6560755 -0.0501358 0.1224664 -0.0017038 0.1141765 -0.0121228 0.9933851
1781254352.946550 2.8975892 -0.0652938 0.0199437 -0.0023425 0.2771004 -0.0225563 0.9605733
1781254355.182635 3.2468314 -0.1333265 -0.4286274 -0.0018727 0.6036114 -0.0364930 0.7964409
1781254356.684486 3.2232735 -0.1834157 -0.7783396 -0.0068462 0.7753088 -0.0446887 0.6299623
1781254358.086222 3.0613730 -0.2015728 -1.0421128 -0.0024281 0.9067615 -0.0563536 0.4178541
1781254359.221030 2.8645463 -0.2172031 -1.1410267 -0.0003362 0.9705534 -0.0618999 0.2327970
1781254359.855181 2.7428026 -0.2195044 -1.1559885 0.0011423 0.9915961 -0.0645876 0.1120906
1781254360.455967 2.6139355 -0.2198864 -1.1364284 -0.0024284 -0.9975570 0.0664396 0.0214437
1781254360.956620 2.5050340 -0.2199366 -1.1047181 -0.0039798 -0.9907935 0.0670238 0.1175597
1781254361.524028 2.3968816 -0.2172848 -1.0590593 -0.0037098 -0.9768783 0.0672041 0.2029256
1781254362.091414 2.2897253 -0.2140779 -1.0001059 -0.0037205 -0.9614624 0.0671243 0.2665907
1781254362.525293 2.1991885 -0.2114099 -0.9414209 -0.0039296 -0.9532462 0.0668913 0.2946723
1781254362.959171 2.0992723 -0.2070402 -0.8813561 -0.0041241 -0.9522096 0.0670538 0.2979661
1781254363.359674 2.0002360 -0.2045643 -0.8365462 -0.0036363 -0.9571742 0.0669369 0.2816446
1781254363.660055 1.9262289 -0.2027604 -0.8122231 -0.0033795 -0.9620125 0.0671385 0.2645995
1781254364.060590 1.8427000 -0.2009714 -0.7883148 -0.0028621 -0.9671840 0.0676080 0.2449002
1781254364.294236 1.7927845 -0.2004460 -0.7802940 -0.0025764 -0.9717925 0.0675449 0.2259435
1781254364.628017 1.7230699 -0.2007301 -0.7799424 -0.0021844 -0.9782056 0.0675065 0.1963465
1781254364.995170 1.6432780 -0.2026145 -0.7830625 -0.0019545 -0.9841868 0.0672770 0.1638487
1781254365.328947 1.5689536 -0.2050412 -0.7922336 -0.0009263 -0.9897402 0.0666828 0.1263601
1781254365.662721 1.4977710 -0.2075965 -0.8073504 0.0000160 -0.9937005 0.0663381 0.0903246
1781254365.996482 1.4323800 -0.2104157 -0.8302565 0.0006057 -0.9964557 0.0661555 0.0519538
1781254367.064538 1.2398919 -0.2192914 -0.9415575 -0.0020272 0.9943420 -0.0659817 0.0832251
1781254368.166005 1.0757822 -0.2363646 -1.1150117 -0.0029869 0.9723037 -0.0606935 0.2256833
1781254369.167336 0.9725802 -0.2507282 -1.3195717 -0.0048766 0.9329063 -0.0560895 0.3556910
1781254370.337193 0.9219583 -0.2704015 -1.5739552 -0.0063632 0.8649611 -0.0504759 0.4992533
1781254371.872919 0.8659801 -0.2858525 -1.8219292 -0.0043852 0.8781198 -0.0514870 0.4756421
1781254376.744667 -0.1925338 -0.0682053 -1.3925669 -0.0125930 -0.9855638 0.0588883 0.1582329
1781254377.478769 -0.2622056 -0.0629844 -1.3033681 -0.0125390 -0.9803056 0.0582835 0.1882734
1781254377.578871 -0.2714902 -0.0622623 -1.2891273 -0.0124747 -0.9794050 0.0580239 0.1929858
1781254377.879180 -0.2994602 -0.0587267 -1.2481668 -0.0119505 -0.9768772 0.0580344 0.2054268
1781254378.279585 -0.3359674 -0.0552005 -1.1922820 -0.0117861 -0.9723674 0.0579032 0.2258538
1781254378.713365 -0.3824478 -0.0512425 -1.1281985 -0.0110455 -0.9668552 0.0576264 0.2484918
1781254379.247359 -0.4436355 -0.0463660 -1.0510290 -0.0108310 -0.9609886 0.0575448 0.2703187
1781254379.747958 -0.5138795 -0.0415719 -0.9800899 -0.0099210 -0.9584264 0.0577497 0.2792587
1781254380.215115 -0.5723279 -0.0364189 -0.9234715 -0.0099504 -0.9558189 0.0580804 0.2879895
1781254381.316264 -0.7597976 -0.0214033 -0.7350837 -0.0121833 -0.9446027 0.0579406 0.3228314
1781254382.484184 -0.8721012 -0.0108664 -0.5588139 -0.0128522 -0.9068707 0.0558952 0.4174880
1781254384.386224 -0.7837162 0.0005090 -0.2062787 -0.0103316 -0.7710766 0.0443376 0.6351129
1781254385.954995 -0.5198565 0.0016614 -0.0520242 -0.0091716 -0.5846055 0.0339424 0.8105555
1781254387.525105 -0.2868049 -0.0015601 -0.0125257 -0.0080938 -0.3980806 0.0227687 0.9170321
1781254390.328738 -0.0609146 -0.0039253 -0.0473537 -0.0043722 -0.1445338 0.0072532 0.9894636
1781254400.207950 -0.0211734 -0.0752590 0.0829592 -0.1166991 0.0732007 0.0007424 0.9904658
1781254402.243654 -0.0602277 -0.2253113 0.0324745 0.0320429 0.0128027 -0.0533590 0.9979790
1781254413.791844 -0.0329801 0.0065588 0.1089259 0.0001388 0.0183500 0.0005424 0.9998315
