1781254341.179440 0.0000000 0.0000000 0.0000000 -0.0000000 -0.0000000 -0.0000000 1.0000000
1781254343.299146 0.1415022 -0.0030470 0.0065345 -0.0001798 0.0024138 -0.0013474 0.9999962
1781254343.365902 0.1552890 -0.0029758 0.0084827 -0.0000698 0.0014613 -0.0014530 0.9999979
1781254343.632970 0.2151532 -0.0035215 0.0178736 -0.0003053 -0.0073544 -0.0011973 0.9999722
1781254343.967009 0.2935846 -0.0042402 0.0309644 -0.0009254 -0.0173713 -0.0004036 0.9998486
1781254344.401359 0.4018688 -0.0040962 0.0535830 -0.0014821 -0.0322645 -0.0000480 0.9994783
1781254344.735356 0.4913250 -0.0030853 0.0741787 -0.0013484 -0.0422744 0.0003260 0.9991051
1781254345.135961 0.5980818 -0.0033528 0.1002628 -0.0017584 -0.0529263 0.0007285 0.9985966
1781254345.870372 0.8044253 -0.0019108 0.1559826 -0.0011493 -0.0647134 0.0013332 0.9979023
1781254346.471179 0.9963324 -0.0054456 0.1933993 -0.0007084 -0.0458077 0.0012527 0.9989492
1781254346.938497 1.1566091 -0.0089334 0.1945183 -0.0004572 -0.0105302 -0.0004526 0.9999444
1781254347.505979 1.3550419 -0.0147329 0.1745210 -0.0007476 0.0403096 -0.0032165 0.9991818
1781254348.407129 1.6043257 -0.0174478 0.1699689 -0.0011882 0.0674738 -0.0062621 0.9977007
1781254349.375042 1.8471863 -0.0227633 0.1752771 -0.0012213 0.0522782 -0.0068535 0.9986084
1781254350.409647 2.1221712 -0.0308856 0.1623833 -0.0028286 0.0543990 -0.0065386 0.9984939
1781254350.977042 2.2809126 -0.0340886 0.1531175 -0.0019707 0.0606831 -0.0074968 0.9981270
1781254351.477705 2.4230738 -0.0417855 0.1281200 -0.0024085 0.0854289 -0.0090483 0.9963003
1781254351.945058 2.5615864 -0.0493271 0.0866528 -0.0024866 0.1219575 -0.0123137 0.9924558
1781254352.278913 2.6660893 -0.0553787 0.0492961 -0.0036266 0.1568094 -0.0145282 0.9875154
1781254352.546002 2.7445250 -0.0574372 0.0144839 -0.0020607 0.2074496 -0.0180229 0.9780775
1781254352.946550 2.8403296 -0.0667445 -0.0393361 -0.0029872 0.2970862 -0.0235365 0.9545559
1781254353.714220 2.9800181 -0.0737588 -0.1379727 0.0021408 0.4093733 -0.0290094 0.9119031
1781254354.748791 3.0553958 -0.0835909 -0.2964969 0.0055144 0.5871143 -0.0411114 0.8084406
1781254355.549730 3.0676954 -0.0870432 -0.4643338 0.0099556 0.7054485 -0.0484867 0.7070307
1781254356.651112 3.0125418 -0.1015984 -0.6642575 0.0124246 0.8226417 -0.0544083 0.5658145
1781254357.552193 2.8930547 -0.1122641 -0.8221674 0.0128613 0.9028085 -0.0592880 0.4257419
1781254358.419997 2.7446771 -0.1143941 -0.9220526 0.0153688 0.9585769 -0.0622713 0.2775183
1781254358.954022 2.6446381 -0.1188332 -0.9462969 0.0152811 0.9797360 -0.0625979 0.1896456
1781254359.321158 2.5770202 -0.1188435 -0.9531739 0.0162966 0.9898911 -0.0629384 0.1260512
1781254359.688295 2.5012903 -0.1175374 -0.9480826 0.0179232 0.9962597 -0.0627522 0.0566340
1781254360.022065 2.4363666 -0.1145425 -0.9362792 -0.0185044 -0.9977537 0.0625487 0.0152610
1781254360.422590 2.3529730 -0.1101151 -0.9058793 -0.0190252 -0.9923913 0.0618245 0.1047632
1781254360.789736 2.2794256 -0.1071760 -0.8708454 -0.0202449 -0.9816321 0.0607978 0.1797006
1781254361.357143 2.1744940 -0.1001481 -0.8082373 -0.0201233 -0.9613882 0.0593407 0.2679672
1781254361.924537 2.0856581 -0.0940351 -0.7345235 -0.0193893 -0.9392948 0.0572418 0.3377465
1781254362.358416 2.0114136 -0.0878647 -0.6664732 -0.0190398 -0.9257834 0.0564127 0.3733366
1781254362.825670 1.9225746 -0.0804650 -0.5818777 -0.0185422 -0.9205762 0.0557158 0.3861237
1781254363.259548 1.8289595 -0.0739488 -0.5142906 -0.0184406 -0.9252086 0.0556846 0.3748977
1781254363.893700 1.6951057 -0.0643875 -0.4401844 -0.0186012 -0.9377645 0.0567907 0.3420914
1781254364.694772 1.5319066 -0.0559295 -0.3908132 -0.0187866 -0.9573508 0.0587383 0.2822700
1781254365.328947 1.3932451 -0.0523830 -0.3807499 -0.0180074 -0.9739748 0.0593012 0.2180192
1781254365.963106 1.2597136 -0.0502262 -0.3918313 -0.0168264 -0.9869236 0.0604297 0.1484823
1781254366.664006 1.1239179 -0.0535911 -0.4287586 -0.0166571 -0.9960032 0.0616606 0.0624356
1781254367.898982 0.9000568 -0.0558112 -0.5644351 0.0158493 0.9930804 -0.0622167 0.0983320
1781254369.067203 0.7331460 -0.0656331 -0.7578744 0.0136143 0.9662679 -0.0595090 0.2501993
1781254370.036065 0.6365200 -0.0772073 -0.9568030 0.0121811 0.9237692 -0.0586770 0.3782315
1781254370.905295 0.5878212 -0.0863831 -1.1438761 0.0112211 0.8869554 -0.0560582 0.4583031
1781254371.739452 0.5063714 -0.0939426 -1.2661822 0.0119614 0.9093256 -0.0571454 0.4119688
1781254372.406779 0.4046754 -0.0964470 -1.3183401 0.0128845 0.9488764 -0.0595954 0.3097031
1781254373.207624 0.2665538 -0.0960869 -1.3481174 0.0130125 0.9817889 -0.0615304 0.1792629
1781254374.742573 0.0357660 -0.0916543 -1.3155231 -0.0121058 -0.9971657 0.0631021 0.0391425
1781254377.912548 -0.2114110 -0.0667139 -1.0408429 -0.0133666 -0.9851161 0.0620691 0.1597347
1781254379.213985 -0.3649095 -0.0539783 -0.8665932 -0.0126814 -0.9727578 0.0616674 0.2231113
1781254380.949213 -0.6438128 -0.0214544 -0.6500619 -0.0124853 -0.9624983 0.0657497 0.2629033
1781254382.984732 -0.8527142 0.0044488 -0.3773533 -0.0143919 -0.9060038 0.0637472 0.4181940
1781254385.420692 -0.5852965 0.0096394 -0.0514857 -0.0054911 -0.6712675 0.0419849 0.7400048
1781254387.324721 -0.2929320 0.0082494 0.0092962 -0.0058944 -0.4266531 0.0285370 0.9039459
1781254390.595713 -0.0352799 -0.0041903 -0.0497898 -0.0040806 -0.1118532 0.0063923 0.9936958
1781254400.808656 0.0628334 -0.1200635 0.0920773 -0.0551569 0.1687142 -0.0216104 0.9838833
1781254403.078047 -0.1714703 -0.1730272 0.0098468 -0.0427635 -0.1275327 -0.0254806 0.9905844
1781254406.449089 -0.0087889 -0.2645631 -0.0161889 0.0972495 0.0282622 -0.0692454 0.9924459
1781254412.757203 -0.0865485 -0.0291239 0.1038469 -0.0055923 0.0141275 -0.0206251 0.9996718
