1781254003.203317 0.000000 0.000000 0.000000 0.000000 0.000000 0.000000 1.000000
1781254008.383676 0.153878 -0.004249 -0.001824 0.001757 0.043300 -0.003197 0.999056
1781254009.418469 0.265433 -0.002738 -0.003852 0.003114 0.076075 -0.004786 0.997086
1781254010.453631 0.371416 -0.002591 -0.003181 0.003564 0.108214 -0.007091 0.994096
1781254011.723551 0.507603 -0.001936 -0.011235 0.005071 0.185331 -0.013055 0.982576
1781254012.726769 0.630745 -0.008375 -0.050263 0.004934 0.269747 -0.018663 0.962738
1781254013.894281 0.732982 -0.018547 -0.126225 0.004699 0.410396 -0.028063 0.911463
1781254014.961926 0.778759 -0.024904 -0.223412 0.007702 0.535657 -0.035833 0.843640
1781254016.029701 0.791278 -0.040933 -0.325684 0.007584 0.656321 -0.042955 0.753219
1781254017.130932 0.766941 -0.045719 -0.425375 0.010004 0.785579 -0.047063 0.616888
1781254018.132058 0.712119 -0.047125 -0.558893 0.012948 0.842963 -0.053396 0.535158
1781254019.733864 0.559719 -0.058147 -0.761539 0.014902 0.906256 -0.057715 0.418507
1781254021.035559 0.437488 -0.068087 -0.906960 0.013713 0.922292 -0.058376 0.381813
1781254022.203581 0.282506 -0.076114 -1.085555 0.013823 0.933203 -0.059235 0.354163
1781254023.271474 0.148449 -0.083981 -1.234032 0.011505 0.937621 -0.059778 0.342288
1781254024.372753 0.012711 -0.093669 -1.387470 0.010455 0.936509 -0.060738 0.345184
1781254025.440748 -0.078764 -0.102624 -1.539283 0.009855 0.918734 -0.058396 0.390411
1781254026.508505 -0.143168 -0.107211 -1.664316 0.009750 0.909424 -0.059555 0.411468
1781254028.011044 -0.271613 -0.118340 -1.899703 0.012139 0.918368 -0.060979 0.390812
1781254029.179808 -0.402059 -0.122887 -2.045702 0.013728 0.931715 -0.062802 0.357456
1781254030.214506 -0.541901 -0.127945 -2.178400 0.012184 0.943956 -0.062726 0.323826
1781254031.349415 -0.689573 -0.134035 -2.318886 0.011393 0.940967 -0.062880 0.332411
1781254032.450978 -0.802092 -0.137441 -2.430597 0.011037 0.936285 -0.064153 0.345156
1781254033.619322 -0.992458 -0.146611 -2.586957 0.010171 0.941721 -0.063892 0.330114
1781254034.787630 -1.172669 -0.156381 -2.761209 0.009235 0.936567 -0.065382 0.344212
1781254035.855813 -1.332684 -0.163763 -2.919708 0.007889 0.942002 -0.067728 0.328608
1781254037.057504 -1.511894 -0.177162 -3.093921 0.009159 0.945961 -0.064901 0.317588
1781254038.459357 -1.729200 -0.182847 -3.243658 0.012210 0.972471 -0.067498 0.222698
1781254039.460749 -1.929112 -0.180715 -3.250761 0.014258 0.997021 -0.068611 0.032220
1781254040.495746 -2.117071 -0.173939 -3.170052 0.015816 0.985340 -0.066720 -0.156214
1781254041.566217 -2.306052 -0.161679 -3.028434 0.015923 0.940282 -0.062896 -0.334155
1781254042.600616 -2.430699 -0.157254 -2.875376 0.014931 0.893014 -0.056105 -0.446269
1781254043.601757 -2.478385 -0.141848 -2.694770 -0.012642 -0.800117 0.049920 0.597629
1781254044.803068 -2.433588 -0.130193 -2.504580 -0.012594 -0.691121 0.041953 0.721411
1781254045.904222 -2.394920 -0.120002 -2.249246 -0.012892 -0.677700 0.040512 0.734109
1781254046.972096 -2.373797 -0.103024 -2.070726 -0.012343 -0.616385 0.039011 0.786381
1781254048.039986 -2.219509 -0.111041 -1.991555 -0.013171 -0.456945 0.026309 0.889008
1781254049.041151 -1.996006 -0.116413 -1.924405 -0.011567 -0.318538 0.018550 0.947658
1781254050.075728 -1.766835 -0.109984 -1.863085 -0.010289 -0.222748 0.014180 0.974719
1781254051.343904 -1.500458 -0.114339 -1.842234 -0.009285 -0.135951 0.007151 0.990646
1781254052.345090 -1.275810 -0.104613 -1.720201 -0.008884 -0.222677 0.013625 0.974757
1781254053.446354 -1.118882 -0.093560 -1.552583 -0.009769 -0.307710 0.017676 0.951266
1781254054.447523 -1.036147 -0.087276 -1.388265 -0.010510 -0.394306 0.022657 0.918640
1781254055.448713 -0.992111 -0.075837 -1.255443 -0.010202 -0.469606 0.027841 0.882378
1781254056.583418 -0.971784 -0.065123 -1.089893 -0.011645 -0.555615 0.033612 0.830679
1781254057.652651 -0.999343 -0.046542 -0.906552 -0.013536 -0.654381 0.041382 0.754911
1781254058.654076 -1.084662 -0.031029 -0.732379 -0.011558 -0.760267 0.048022 0.647730
1781254059.890239 -1.215694 -0.022256 -0.561516 -0.011356 -0.839423 0.051887 0.540876
1781254060.926184 -1.257324 -0.006336 -0.352006 -0.009847 -0.720740 0.044942 0.691677
1781254062.027388 -1.188730 0.010364 -0.157298 -0.005646 -0.579256 0.036277 0.814319
1781254063.028478 -1.114141 0.020241 0.037790 -0.005370 -0.552511 0.033673 0.832808
1781254064.163040 -0.992521 0.017479 0.105812 -0.003102 -0.314249 0.017988 0.949165
1781254065.331038 -0.716603 0.012610 0.089410 0.000023 -0.067427 0.003139 0.997719
1781254066.465726 -0.448081 0.005357 0.030062 0.003014 0.086694 -0.007064 0.996205
1781254067.566969 -0.197474 0.009188 0.035787 0.003721 0.048553 -0.005441 0.998799
1781254068.568138 0.004895 0.003281 0.049634 0.002520 0.005950 -0.001418 0.999978
1781254069.569343 0.230384 0.000817 0.043393 0.001726 -0.032927 0.002039 0.999454
1781254070.603920 0.496092 -0.003142 0.035392 0.002248 0.031368 -0.002976 0.999501
1781254071.605087 0.733901 -0.008031 0.003219 0.003653 0.171575 -0.013031 0.985078
1781254072.672935 0.901848 -0.017724 -0.144386 0.007029 0.408776 -0.028752 0.912155
1781254073.807509 0.943308 -0.045993 -0.342923 0.007958 0.617045 -0.040430 0.785848
1781254075.442811 0.870889 -0.052241 -0.409717 0.007305 0.679498 -0.048185 0.732057
1781254076.645532 0.723223 -0.042061 -0.419330 0.012516 0.797033 -0.049555 0.601769
1781254077.646818 0.577519 -0.049611 -0.653152 0.014588 0.848525 -0.055415 0.526044
1781254078.782429 0.389143 -0.065242 -0.925798 0.013891 0.885082 -0.057359 0.461679
1781254079.918811 0.197608 -0.076459 -1.146044 0.012678 0.894910 -0.057871 0.442298
1781254080.953279 0.047671 -0.092397 -1.351980 0.009875 0.880168 -0.056064 0.471236
1781254081.954439 -0.038709 -0.101225 -1.536301 0.008927 0.857249 -0.055132 0.511864
1781254083.289247 -0.203991 -0.113224 -1.803646 0.011321 0.873624 -0.056809 0.483142
1781254084.590698 -0.439919 -0.122465 -2.067624 0.013771 0.915832 -0.060475 0.396743
1781254085.658581 -0.598403 -0.127784 -2.237381 0.012746 0.927516 -0.062208 0.368350
1781254086.693104 -0.804808 -0.134751 -2.433945 0.011566 0.933303 -0.064784 0.353007
1781254087.894527 -1.056425 -0.151119 -2.624728 0.009928 0.935577 -0.063295 0.347262
1781254088.895718 -1.226081 -0.154755 -2.791039 0.008879 0.924948 -0.064464 0.374481
1781254089.930282 -1.420965 -0.167851 -3.015790 0.008383 0.934970 -0.066896 0.348262
1781254090.931482 -1.638315 -0.179296 -3.140756 0.011774 0.976296 -0.065530 0.205944
1781254092.066121 -1.921118 -0.169720 -3.123834 0.016223 0.995988 -0.068301 -0.055491
1781254093.133948 -2.177991 -0.165925 -2.965925 0.018419 0.953740 -0.061624 -0.293671
1781254127.313866 -1.553052 -0.167132 -3.000794 0.011644 0.977970 -0.067300 0.197257
1781254128.448468 -1.916403 -0.167979 -3.024939 0.015406 0.996898 -0.067139 -0.038076
1781254129.584681 -2.297491 -0.150275 -2.836245 0.014764 0.914674 -0.059330 -0.399542
1781254130.752904 -2.425805 -0.131685 -2.506131 -0.013325 -0.780173 0.047090 0.623647
1781254132.355060 -2.238910 -0.117154 -2.074450 -0.013080 -0.472343 0.028010 0.880872
1781254133.423166 -1.883343 -0.110653 -1.924846 -0.009890 -0.223562 0.014180 0.974536
1781254134.591713 -1.489200 -0.113437 -1.809130 -0.010566 -0.208842 0.012172 0.977817
1781254135.659904 -1.191621 -0.094251 -1.568374 -0.010291 -0.304658 0.018204 0.952232
1781254136.761437 -1.020733 -0.077551 -1.298951 -0.010418 -0.467441 0.028207 0.883513
1781254137.829555 -0.976045 -0.057657 -0.995355 -0.013418 -0.630692 0.039126 0.774930
1781254139.131331 -1.139335 -0.028244 -0.654841 -0.011827 -0.801318 0.050782 0.595962
1781254140.433095 -1.154184 -0.008078 -0.301053 -0.009774 -0.652669 0.040508 0.756497
1781254141.567921 -1.028065 0.005274 -0.052503 -0.006346 -0.428016 0.025656 0.903385
1781254142.636011 -0.768726 0.009367 0.034740 -0.001677 -0.121966 0.008795 0.992494
1781254143.704123 -0.431478 -0.000343 -0.018938 0.000360 0.018000 -0.001370 0.999837
1781254144.805615 -0.077206 -0.000064 -0.019098 0.000886 -0.037448 0.001533 0.999297
1781254145.873733 0.315501 -0.001060 0.001572 0.001276 -0.077073 0.005277 0.997011
1781254146.908461 0.605277 0.001424 0.091000 -0.002422 -0.169533 0.008560 0.985484
