0.000000 0.000000 0.000000 -0.197474 0.009188 0.035787
0.000000 0.000000 0.000000 0.004895 0.003281 0.049634
0.000000 0.000000 0.000000 -0.077206 -0.000064 -0.019098
0.153878 -0.004249 -0.001824 -0.448081 0.005357 0.030062
0.630745 -0.008375 -0.050263 0.733901 -0.008031 0.003219
0.791278 -0.040933 -0.325684 0.943308 -0.045993 -0.342923
0.791278 -0.040933 -0.325684 0.870889 -0.052241 -0.409717
0.766941 -0.045719 -0.425375 0.723223 -0.042061 -0.419330
0.712119 -0.047125 -0.558893 0.577519 -0.049611 -0.653152
0.437488 -0.068087 -0.906960 0.389143 -0.065242 -0.925798
0.282506 -0.076114 -1.085555 0.197608 -0.076459 -1.146044
0.012711 -0.093669 -1.387470 0.047671 -0.092397 -1.351980
-0.078764 -0.102624 -1.539283 -0.038709 -0.101225 -1.536301
-0.402059 -0.122887 -2.045702 -0.439919 -0.122465 -2.067624
-0.802092 -0.137441 -2.430597 -0.804808 -0.134751 -2.433945
-0.992458 -0.146611 -2.586957 -1.056425 -0.151119 -2.624728
-1.172669 -0.156381 -2.761209 -1.226081 -0.154755 -2.791039
-1.332684 -0.163763 -2.919708 -1.420965 -0.167851 -3.015790
-1.729200 -0.182847 -3.243658 -1.638315 -0.179296 -3.140756
-1.929112 -0.180715 -3.250761 -1.921118 -0.169720 -3.123834
-1.929112 -0.180715 -3.250761 -1.916403 -0.167979 -3.024939
-2.306052 -0.161679 -3.028434 -2.177991 -0.165925 -2.965925
-2.430699 -0.157254 -2.875376 -2.297491 -0.150275 -2.836245
-2.219509 -0.111041 -1.991555 -2.238910 -0.117154 -2.074450
-1.500458 -0.114339 -1.842234 -1.489200 -0.113437 -1.809130
-1.118882 -0.093560 -1.552583 -1.191621 -0.094251 -1.568374
-0.992111 -0.075837 -1.255443 -1.020733 -0.077551 -1.298951
-0.716603 0.012610 0.089410 -0.768726 0.009367 0.034740
-0.448081 0.005357 0.030062 0.153878 -0.004249 -0.001824
-0.448081 0.005357 0.030062 -0.431478 -0.000343 -0.018938
-0.197474 0.009188 0.035787 0.000000 0.000000 0.000000
0.004895 0.003281 0.049634 0.000000 0.000000 0.000000
0.230384 0.000817 0.043393 0.315501 -0.001060 0.001572
0.496092 -0.003142 0.035392 0.605277 0.001424 0.091000
0.733901 -0.008031 0.003219 0.630745 -0.008375 -0.050263
0.943308 -0.045993 -0.342923 0.791278 -0.040933 -0.325684
0.870889 -0.052241 -0.409717 0.791278 -0.040933 -0.325684
0.723223 -0.042061 -0.419330 0.766941 -0.045719 -0.425375
0.577519 -0.049611 -0.653152 0.712119 -0.047125 -0.558893
0.389143 -0.065242 -0.925798 0.437488 -0.068087 -0.906960
0.197608 -0.076459 -1.146044 0.282506 -0.076114 -1.085555
0.047671 -0.092397 -1.351980 0.012711 -0.093669 -1.387470
-0.038709 -0.101225 -1.536301 -0.078764 -0.102624 -1.539283
-0.439919 -0.122465 -2.067624 -0.402059 -0.122887 -2.045702
-0.804808 -0.134751 -2.433945 -0.802092 -0.137441 -2.430597
-1.056425 -0.151119 -2.624728 -0.992458 -0.146611 -2.586957
-1.226081 -0.154755 -2.791039 -1.172669 -0.156381 -2.761209
-1.420965 -0.167851 -3.015790 -1.332684 -0.163763 -2.919708
-1.638315 -0.179296 -3.140756 -1.729200 -0.182847 -3.243658
-1.921118 -0.169720 -3.123834 -1.929112 -0.180715 -3.250761
-2.177991 -0.165925 -2.965925 -2.306052 -0.161679 -3.028434
-1.916403 -0.167979 -3.024939 -1.929112 -0.180715 -3.250761
-2.297491 -0.150275 -2.836245 -2.430699 -0.157254 -2.875376
-2.238910 -0.117154 -2.074450 -2.219509 -0.111041 -1.991555
-1.489200 -0.113437 -1.809130 -1.500458 -0.114339 -1.842234
-1.191621 -0.094251 -1.568374 -1.118882 -0.093560 -1.552583
-1.020733 -0.077551 -1.298951 -0.992111 -0.075837 -1.255443
-0.768726 0.009367 0.034740 -0.716603 0.012610 0.089410
-0.431478 -0.000343 -0.018938 -0.448081 0.005357 0.030062
-0.077206 -0.000064 -0.019098 0.000000 0.000000 0.000000
0.315501 -0.001060 0.001572 0.230384 0.000817 0.043393
0.605277 0.001424 0.091000 0.496092 -0.003142 0.035392
