1781254341.179440 0.0000000 0.0000000 0.0000000 -0.0000000 -0.0000000 -0.0000000 1.0000000
1781254343.299146 0.1422974 -0.0034879 0.0066703 -0.0002198 0.0019447 -0.0004790 0.9999980
1781254343.332524 0.1490379 -0.0038467 0.0072911 -0.0002668 0.0014805 -0.0005841 0.9999987
1781254343.532792 0.1932701 -0.0042263 0.0131336 -0.0003551 -0.0046197 -0.0002686 0.9999893
1781254343.799981 0.2556317 -0.0031899 0.0238265 -0.0002888 -0.0124541 0.0001124 0.9999224
1781254344.067233 0.3182070 -0.0032677 0.0366847 -0.0007710 -0.0203169 0.0004432 0.9997932
1781254344.367943 0.3934170 -0.0040156 0.0523544 -0.0013499 -0.0309547 0.0007702 0.9995196
1781254344.635209 0.4666776 -0.0025760 0.0689165 -0.0010314 -0.0391716 0.0013651 0.9992310
1781254344.969039 0.5548593 -0.0042155 0.0893487 -0.0022823 -0.0481261 0.0010845 0.9988381
1781254345.269500 0.6357030 -0.0041075 0.1091155 -0.0023724 -0.0573780 0.0018412 0.9983480
1781254345.603347 0.7269008 -0.0040664 0.1344935 -0.0026445 -0.0650692 0.0019418 0.9978753
1781254345.803616 0.7843139 -0.0040319 0.1498724 -0.0022772 -0.0654206 0.0023620 0.9978524
1781254346.003884 0.8444909 -0.0040399 0.1658829 -0.0014244 -0.0650096 0.0025176 0.9978805
1781254346.204153 0.9081069 -0.0046453 0.1800103 -0.0013795 -0.0611839 0.0027664 0.9981217
1781254346.437801 0.9853478 -0.0055424 0.1918168 -0.0014069 -0.0485835 0.0022431 0.9988156
1781254346.638074 1.0531449 -0.0090078 0.1962148 -0.0021306 -0.0341952 0.0022340 0.9994104
1781254346.871736 1.1335442 -0.0118398 0.1951912 -0.0024399 -0.0152933 0.0012100 0.9998794
1781254347.105402 1.2198404 -0.0116534 0.1905772 -0.0009147 0.0050607 0.0002588 0.9999868
1781254347.305689 1.2891909 -0.0151785 0.1837765 -0.0017874 0.0234688 -0.0010040 0.9997225
1781254347.606119 1.3872190 -0.0165937 0.1707211 -0.0018139 0.0488167 -0.0032109 0.9988010
1781254348.040002 1.5103452 -0.0174846 0.1662592 -0.0019325 0.0715843 -0.0052552 0.9974188
1781254348.373755 1.5976132 -0.0182273 0.1690870 -0.0020678 0.0686606 -0.0054073 0.9976233
1781254348.674135 1.6791275 -0.0204870 0.1720272 -0.0026325 0.0614111 -0.0052574 0.9980953
1781254348.941148 1.7487534 -0.0212612 0.1751736 -0.0023683 0.0572228 -0.0056754 0.9983425
1781254349.208160 1.8157831 -0.0239414 0.1752004 -0.0029558 0.0522477 -0.0053783 0.9986153
1781254349.508548 1.8880520 -0.0256464 0.1733620 -0.0032459 0.0502447 -0.0059473 0.9987140
1781254349.808920 1.9678738 -0.0251772 0.1717141 -0.0026420 0.0501303 -0.0054212 0.9987245
1781254350.075912 2.0389001 -0.0248434 0.1698323 -0.0023290 0.0517398 -0.0054657 0.9986429
1781254350.309527 2.1014810 -0.0246884 0.1677333 -0.0018589 0.0534178 -0.0054969 0.9985554
1781254350.509767 2.1546624 -0.0246335 0.1654755 -0.0013612 0.0553364 -0.0052537 0.9984530
1781254350.676645 2.2018561 -0.0257166 0.1626470 -0.0014340 0.0552369 -0.0054841 0.9984572
1781254350.876910 2.2604489 -0.0263909 0.1591471 -0.0007845 0.0576949 -0.0053315 0.9983197
1781254351.143929 2.3382750 -0.0289850 0.1515757 -0.0007941 0.0635216 -0.0052963 0.9979661
1781254351.410950 2.4137776 -0.0334599 0.1379650 -0.0017504 0.0774594 -0.0055496 0.9969785
1781254351.677983 2.4889722 -0.0364512 0.1185197 -0.0015914 0.0994053 -0.0073301 0.9950188
1781254351.945058 2.5706978 -0.0402859 0.0934908 -0.0012722 0.1203569 -0.0085618 0.9926929
1781254352.212141 2.6537945 -0.0450251 0.0650190 -0.0027935 0.1470170 -0.0103091 0.9890763
1781254352.379071 2.7065423 -0.0466873 0.0443486 -0.0022834 0.1722153 -0.0116494 0.9849878
1781254352.546002 2.7550416 -0.0485443 0.0206898 -0.0019280 0.2052643 -0.0136024 0.9786102
1781254352.813040 2.8224578 -0.0531080 -0.0149798 -0.0022164 0.2651568 -0.0166055 0.9640598
1781254353.113436 2.8851991 -0.0550327 -0.0500682 -0.0010409 0.3259502 -0.0205771 0.9451624
1781254353.947836 3.0191944 -0.0703906 -0.1667702 0.0002492 0.4446716 -0.0261523 0.8953118
1781254354.682046 3.0599036 -0.0731221 -0.2703190 0.0029775 0.5764753 -0.0352489 0.8163486
1781254355.149262 3.0760410 -0.0715194 -0.3635972 0.0058724 0.6495229 -0.0406836 0.7592301
1781254355.516358 3.0793617 -0.0758746 -0.4439926 0.0071386 0.7008343 -0.0441139 0.7119230
1781254356.016980 3.0739353 -0.0767643 -0.5306423 0.0100158 0.7620474 -0.0491207 0.6455778
1781254356.717860 3.0203214 -0.0920466 -0.6684699 0.0094834 0.8279281 -0.0511575 0.5584157
1781254357.218463 2.9621830 -0.0932270 -0.7651236 0.0106511 0.8747271 -0.0563079 0.4812156
1781254357.819203 2.8683991 -0.0994527 -0.8576899 0.0115855 0.9208761 -0.0579902 0.3853444
1781254358.286486 2.7813525 -0.1046195 -0.9063497 0.0125649 0.9509389 -0.0589055 0.3034590
1781254358.553507 2.7321646 -0.1077216 -0.9257436 0.0123438 0.9637597 -0.0594297 0.2597749
1781254358.820518 2.6838984 -0.1085546 -0.9389050 0.0125957 0.9742185 -0.0601163 0.2170846
1781254359.054151 2.6421633 -0.1095922 -0.9487255 0.0129784 0.9824407 -0.0603398 0.1760708
1781254359.321158 2.5935912 -0.1090511 -0.9502113 0.0136334 0.9895687 -0.0607705 0.1299031
1781254359.554789 2.5483172 -0.1104952 -0.9497086 0.0142565 0.9943812 -0.0606630 0.0855733
1781254359.788426 2.5025885 -0.1082810 -0.9453177 0.0145761 0.9972928 -0.0608290 0.0386599
1781254360.055442 2.4487495 -0.1049062 -0.9356577 -0.0151747 -0.9978375 0.0610723 0.0189781
1781254360.422590 2.3737338 -0.1024234 -0.9078578 -0.0153324 -0.9928845 0.0604742 0.1014303
1781254360.789736 2.3013783 -0.0994706 -0.8735929 -0.0160313 -0.9822801 0.0599642 0.1768417
1781254361.056751 2.2496724 -0.0972369 -0.8442451 -0.0160878 -0.9735055 0.0594884 0.2202029
1781254361.323766 2.2016761 -0.0971157 -0.8101571 -0.0160406 -0.9637694 0.0580936 0.2598392
1781254361.657534 2.1474609 -0.0929792 -0.7686932 -0.0161497 -0.9505722 0.0576552 0.3046763
1781254362.024663 2.0906181 -0.0894926 -0.7186722 -0.0154274 -0.9369606 0.0561495 0.3445489
1781254362.358416 2.0323541 -0.0857558 -0.6660664 -0.0148481 -0.9270207 0.0555448 0.3705767
1781254362.658794 1.9753171 -0.0806040 -0.6144857 -0.0144853 -0.9221176 0.0552633 0.3826687
1781254363.059296 1.8931566 -0.0761286 -0.5464606 -0.0145229 -0.9233878 0.0547895 0.3796607
1781254363.426424 1.8107800 -0.0723552 -0.4919612 -0.0145008 -0.9304880 0.0553417 0.3618276
1781254363.826944 1.7268933 -0.0660693 -0.4486470 -0.0144672 -0.9380245 0.0557387 0.3417513
1781254364.227480 1.6483250 -0.0629665 -0.4133722 -0.0143136 -0.9461402 0.0563480 0.3184943
1781254364.628017 1.5656343 -0.0608740 -0.3931721 -0.0142186 -0.9572294 0.0567102 0.2833613
1781254365.028548 1.4781759 -0.0593456 -0.3807093 -0.0142244 -0.9670643 0.0570443 0.2476496
1781254365.395703 1.3964465 -0.0570507 -0.3820484 -0.0137347 -0.9765158 0.0576568 0.2071325
1781254365.629345 1.3459322 -0.0574937 -0.3832228 -0.0137784 -0.9812589 0.0578991 0.1832726
1781254365.929729 1.2839931 -0.0571947 -0.3910109 -0.0133297 -0.9869584 0.0581950 0.1494954
1781254366.230115 1.2249652 -0.0579454 -0.4033420 -0.0130896 -0.9917226 0.0590179 0.1132776
1781254366.463747 1.1795561 -0.0574799 -0.4167894 -0.0130643 -0.9945878 0.0594973 0.0841692
1781254366.730762 1.1279775 -0.0581857 -0.4359840 -0.0128320 -0.9968132 0.0598574 0.0511447
1781254366.964406 1.0824659 -0.0584527 -0.4555947 -0.0125184 -0.9979268 0.0600593 0.0194493
1781254367.231427 1.0274072 -0.0602038 -0.4848973 0.0123748 0.9979634 -0.0601176 0.0173740
1781254367.565205 0.9645495 -0.0603748 -0.5265911 0.0124734 0.9962306 -0.0595121 0.0618656
1781254367.932360 0.9062892 -0.0619893 -0.5752370 0.0120824 0.9922756 -0.0594329 0.1082167
1781254368.266139 0.8539612 -0.0658137 -0.6234018 0.0124124 0.9869693 -0.0579731 0.1495884
1781254368.533162 0.8154402 -0.0666413 -0.6659245 0.0119683 0.9813138 -0.0574298 0.1832533
1781254368.800183 0.7793782 -0.0688017 -0.7130692 0.0110624 0.9743595 -0.0567413 0.2174433
1781254369.033826 0.7493582 -0.0716204 -0.7593611 0.0106434 0.9665954 -0.0563196 0.2498166
1781254369.267469 0.7216909 -0.0737116 -0.8067073 0.0105277 0.9577667 -0.0564608 0.2817521
1781254369.467734 0.7006087 -0.0759931 -0.8467633 0.0099517 0.9493555 -0.0562370 0.3089701
1781254369.634623 0.6851279 -0.0772697 -0.8807926 0.0099768 0.9422566 -0.0562597 0.3299816
1781254369.835335 0.6676162 -0.0798344 -0.9229250 0.0095990 0.9327243 -0.0561225 0.3560668
1781254370.169894 0.6411515 -0.0845470 -0.9982087 0.0093107 0.9149470 -0.0546039 0.3997547
1781254370.437577 0.6281818 -0.0873322 -1.0561314 0.0092708 0.9011964 -0.0534372 0.4300042
1781254370.738459 0.6117414 -0.0915352 -1.1181530 0.0088227 0.8892792 -0.0523522 0.4542729
1781254371.205595 0.5798645 -0.0975140 -1.2061098 0.0086191 0.8834735 -0.0515137 0.4655606
1781254371.505887 0.5507640 -0.0988084 -1.2492816 0.0086857 0.8942567 -0.0524940 0.4443806
1781254371.739452 0.5217422 -0.1010384 -1.2733938 0.0092211 0.9077219 -0.0530586 0.4161018
1781254371.973020 0.4899028 -0.1027632 -1.2937759 0.0089618 0.9222345 -0.0541062 0.3827215
1781254372.206583 0.4530259 -0.1030495 -1.3130419 0.0092552 0.9365358 -0.0549903 0.3461086
1781254372.373413 0.4265949 -0.1028107 -1.3254180 0.0096628 0.9458069 -0.0559015 0.3197359
1781254372.640336 0.3829442 -0.1040390 -1.3398101 0.0093562 0.9588674 -0.0570202 0.2779110
1781254372.940666 0.3311210 -0.1041816 -1.3535290 0.0093581 0.9717034 -0.0580991 0.2287564
1781254373.207624 0.2850532 -0.1050708 -1.3598005 0.0092998 0.9811745 -0.0586152 0.1837782
1781254373.541315 0.2196700 -0.1048129 -1.3636256 0.0092300 0.9907093 -0.0589743 0.1221964
1781254374.008477 0.1339030 -0.1048265 -1.3574415 0.0088000 0.9977105 -0.0597798 0.0303760
1781254374.475627 0.0668093 -0.1028454 -1.3375375 -0.0080319 -0.9970012 0.0604647 0.0476236
1781254376.577826 -0.0413938 -0.0903907 -1.2175077 -0.0086307 -0.9933909 0.0610577 0.0968094
1781254377.311930 -0.1237738 -0.0825620 -1.1360810 -0.0091740 -0.9895559 0.0616401 0.1299828
1781254377.945916 -0.1895289 -0.0775206 -1.0559486 -0.0091069 -0.9853463 0.0611788 0.1589555
1781254378.513150 -0.2519405 -0.0721645 -0.9805331 -0.0085513 -0.9798628 0.0613407 0.1898239
1781254379.080487 -0.3220212 -0.0665462 -0.9038543 -0.0084583 -0.9743376 0.0613713 0.2163981
1781254379.581103 -0.3939547 -0.0623887 -0.8403310 -0.0078240 -0.9717020 0.0619425 0.2278092
1781254380.081643 -0.4638900 -0.0573566 -0.7852857 -0.0077264 -0.9690245 0.0621719 0.2388860
1781254380.582158 -0.5399061 -0.0521226 -0.7188188 -0.0087385 -0.9672743 0.0619611 0.2458960
1781254381.015950 -0.6245620 -0.0463785 -0.6499768 -0.0095228 -0.9621502 0.0621494 0.2651674
1781254381.516472 -0.7074540 -0.0417496 -0.5760027 -0.0105293 -0.9554017 0.0620631 0.2885219
1781254382.183861 -0.7830274 -0.0352993 -0.4796983 -0.0109917 -0.9345874 0.0609894 0.3502942
1781254383.018102 -0.8221978 -0.0275174 -0.3752328 -0.0103028 -0.9059915 0.0594109 0.4189793
1781254383.919073 -0.7875504 -0.0109218 -0.2064276 -0.0061740 -0.8361920 0.0560838 0.5455267
1781254384.986875 -0.6536392 0.0052778 -0.0602080 -0.0046148 -0.7350668 0.0529815 0.6759057
1781254385.921581 -0.4744047 0.0056138 -0.0133729 -0.0058443 -0.6038843 0.0458565 0.7957304
1781254387.057549 -0.3030847 0.0020134 0.0167192 -0.0065765 -0.4645256 0.0357046 0.8848152
1781254389.027118 -0.1501961 -0.0046989 -0.0385968 -0.0062066 -0.2899648 0.0221099 0.9567618
1781254390.962836 -0.0121774 -0.0056905 -0.0571895 -0.0037348 -0.0718566 0.0049858 0.9973955
1781254391.964066 -0.0028307 -0.0066232 -0.0675904 -0.0032313 0.0228442 -0.0006858 0.9997336
1781254396.369401 -0.0309615 -0.0540865 -0.0357889 -0.0174886 0.0558048 -0.0083522 0.9982536
1781254397.237163 -0.0649573 -0.1368655 -0.0354735 0.0367501 0.0307541 -0.0180601 0.9986879
1781254397.804544 -0.1017886 -0.1749259 -0.0593806 0.0663061 -0.0203201 -0.0474963 0.9964611
1781254398.472044 -0.1439759 -0.1558430 -0.0314984 0.0004485 -0.1260197 -0.0185524 0.9918542
1781254399.440250 -0.1465110 -0.1008429 0.0272639 -0.0831968 -0.1048283 -0.0018562 0.9910025
1781254399.974341 -0.0708401 -0.0738746 0.0685496 -0.1174335 0.0187979 -0.0023925 0.9929000
1781254400.374814 0.0184320 -0.0782140 0.0915830 -0.1077106 0.1125691 0.0036859 0.9877819
1781254400.708537 0.0622107 -0.1087820 0.0942780 -0.0706286 0.1623328 -0.0125722 0.9841248
1781254401.209129 0.0654518 -0.1735546 0.0815207 -0.0043205 0.1743441 -0.0444524 0.9836714
1781254402.010057 -0.0235800 -0.2266050 0.0497546 0.0288667 0.0568646 -0.0585626 0.9962447
1781254403.011283 -0.1617478 -0.1832176 0.0049218 -0.0308317 -0.1287401 -0.0270986 0.9908285
1781254404.346442 -0.0228975 -0.1348748 0.0583122 -0.0287849 0.0232079 -0.0302263 0.9988590
1781254405.681426 0.0515724 -0.2200776 0.0393189 0.0488779 0.0657101 -0.0730263 0.9939619
1781254406.148700 0.0299444 -0.2537323 0.0067481 0.0835706 0.0596932 -0.0553358 0.9931720
1781254410.520859 0.0291804 -0.2741788 0.1410232 0.0074159 0.1476319 -0.0484767 0.9878258
1781254411.054922 -0.0899644 -0.3277485 0.1970451 0.0204216 0.1483120 -0.0401774 0.9879131
1781254411.555626 -0.2013781 -0.2850793 0.1511901 0.0286506 0.0502760 -0.0175983 0.9981692
1781254413.324585 -0.0339475 0.0046010 0.1075636 0.0014971 0.0175358 0.0058326 0.9998282
