1781254169.041763 0.0000000 0.0000000 0.0000000 -0.0000000 -0.0000000 -0.0000000 1.0000000
1781254173.316015 0.0097875 -0.0153549 -0.2225701 0.0015930 0.0461647 -0.0006771 0.9989324
1781254173.349385 0.0083615 -0.0155083 -0.2260575 0.0013570 0.0475725 -0.0005408 0.9988667
1781254173.582968 0.0151932 -0.0169840 -0.2623831 0.0017978 0.0514069 -0.0006057 0.9986760
1781254173.983386 0.0269558 -0.0214000 -0.3398927 0.0017383 0.0600973 -0.0003794 0.9981909
1781254174.585466 0.0471009 -0.0286617 -0.4642136 0.0017117 0.0676644 -0.0007604 0.9977064
1781254175.488577 0.1443597 -0.0355283 -0.5632896 0.0010549 0.0880117 -0.0027450 0.9961151
1781254176.089277 0.2440609 -0.0387012 -0.5977676 0.0008712 0.1225186 -0.0045860 0.9924552
1781254177.090050 0.3519752 -0.0329647 -0.5107155 -0.0006110 0.0669329 -0.0000086 0.9977573
1781254177.957474 0.4331312 -0.0258001 -0.3763860 0.0002725 0.0516307 0.0010229 0.9986657
1781254178.624800 0.5026166 -0.0201062 -0.2718820 0.0021561 0.0758727 -0.0004111 0.9971151
1781254179.091945 0.5745291 -0.0185988 -0.2375613 0.0029317 0.0489799 0.0005326 0.9987953
1781254179.458972 0.6459979 -0.0213771 -0.2354944 0.0029894 0.0467418 0.0002974 0.9989025
1781254179.625798 0.6741130 -0.0208656 -0.2428050 0.0037814 0.0754928 -0.0015783 0.9971380
1781254179.859348 0.7042922 -0.0220455 -0.2639050 0.0034154 0.1197353 -0.0040318 0.9927918
1781254180.326462 0.7372978 -0.0268323 -0.3402113 0.0031544 0.1419850 -0.0042793 0.9898546
1781254180.793608 0.7587552 -0.0341486 -0.4565559 0.0025215 0.1762637 -0.0057430 0.9843230
1781254181.360924 0.7710996 -0.0468206 -0.5965268 0.0005449 0.2066835 -0.0077172 0.9783773
1781254182.162065 0.7794725 -0.0599065 -0.7974889 -0.0006344 0.2017938 -0.0078354 0.9793965
1781254183.664085 0.8128970 -0.0793301 -1.1033530 0.0001841 0.1038751 -0.0040517 0.9945821
1781254184.865632 1.0263659 -0.0797553 -1.0612919 -0.0006199 0.1210287 -0.0048264 0.9926371
1781254185.566430 1.1375717 -0.0688154 -0.8784595 -0.0008745 0.1302070 -0.0068478 0.9914628
1781254186.167056 1.2318702 -0.0581980 -0.7112160 -0.0008639 0.1264649 -0.0072871 0.9919440
1781254186.667737 1.3008524 -0.0492401 -0.5744216 0.0002479 0.1054804 -0.0064586 0.9944004
1781254187.034902 1.3526721 -0.0432702 -0.4811426 0.0008118 0.0739518 -0.0053405 0.9972472
1781254187.468764 1.4166648 -0.0407884 -0.4130165 0.0005241 0.0388104 -0.0037382 0.9992394
1781254187.835849 1.4856257 -0.0385908 -0.3715558 0.0007409 0.0178149 -0.0028645 0.9998369
1781254188.136188 1.5594052 -0.0374794 -0.3391506 0.0011674 0.0139377 -0.0025932 0.9998989
1781254188.436536 1.6272719 -0.0366274 -0.3387122 0.0024028 0.0551688 -0.0040712 0.9984659
1781254188.803626 1.6811678 -0.0413882 -0.3900510 0.0020468 0.1286528 -0.0070780 0.9916623
1781254189.270807 1.7280742 -0.0485865 -0.4992305 0.0025688 0.1467835 -0.0069441 0.9891409
1781254189.838016 1.7544426 -0.0601820 -0.6497632 0.0024448 0.1724219 -0.0070057 0.9849952
1781254190.906642 1.7170441 -0.0801080 -0.9675046 0.0022847 0.1578699 -0.0064532 0.9874362
1781254191.541071 1.7986982 -0.0910107 -1.0801539 0.0026371 0.1784441 -0.0096356 0.9838994
1781254192.508898 2.0100467 -0.0823667 -0.9651351 0.0018265 0.2053612 -0.0122190 0.9786083
1781254193.209712 2.1457350 -0.0727013 -0.7844459 0.0033879 0.2405123 -0.0138938 0.9705408
1781254193.743695 2.2307529 -0.0654109 -0.6467218 0.0042004 0.2429071 -0.0138723 0.9699413
1781254194.277673 2.3101892 -0.0581730 -0.5100732 0.0050409 0.2482294 -0.0139633 0.9685875
1781254194.711532 2.3728871 -0.0527582 -0.4014939 0.0051847 0.2299355 -0.0128310 0.9731075
1781254195.278884 2.4373007 -0.0457748 -0.2833513 0.0039668 0.1880734 -0.0109544 0.9820859
1781254195.812878 2.5180638 -0.0445881 -0.2346561 0.0026088 0.1332484 -0.0088608 0.9910396
1781254196.346864 2.6152809 -0.0493714 -0.2743600 0.0025301 0.1529377 -0.0102315 0.9881796
1781254196.747347 2.6960526 -0.0553160 -0.3356884 0.0025071 0.1743153 -0.0113059 0.9846218
1781254197.381474 2.7543175 -0.0635698 -0.4566863 0.0032735 0.1529457 -0.0091335 0.9881870
1781254197.982304 2.7850578 -0.0716355 -0.5771781 0.0020492 0.0851938 -0.0050518 0.9963495
1781254198.649966 2.8043261 -0.0826248 -0.7727084 0.0004403 0.0701559 -0.0043173 0.9975266
1781254199.351020 2.8295093 -0.0950070 -0.9574492 0.0008299 0.0554677 -0.0039890 0.9984522
1781254199.851709 2.9269676 -0.1014868 -1.0241507 0.0005211 0.0581988 -0.0059697 0.9982871
1781254200.085365 2.9869568 -0.1033032 -1.0332259 0.0012652 0.0949597 -0.0082327 0.9954463
1781254200.419159 3.0576451 -0.1044808 -1.0166224 0.0010753 0.1214707 -0.0094024 0.9925499
1781254201.320404 3.1597595 -0.0939867 -0.8375171 0.0005078 0.0972611 -0.0071109 0.9952334
1781254201.887796 3.2236984 -0.0864601 -0.6951540 0.0011964 0.1011484 -0.0074383 0.9948428
1781254202.321709 3.2815659 -0.0787509 -0.5951396 0.0020419 0.0718782 -0.0068771 0.9973876
1781254202.655539 3.3395524 -0.0761112 -0.5521761 0.0020441 0.0430263 -0.0058155 0.9990549
1781254202.955988 3.3918934 -0.0761077 -0.5331540 0.0021789 0.0521501 -0.0059884 0.9986190
1781254203.156291 3.4300759 -0.0762911 -0.5261666 0.0025658 0.0664600 -0.0072741 0.9977593
1781254203.423343 3.4916010 -0.0773573 -0.5238488 0.0031651 0.0971256 -0.0091790 0.9952248
1781254203.657012 3.5416727 -0.0792786 -0.5376245 0.0037819 0.1382250 -0.0116657 0.9903250
1781254203.857301 3.5697877 -0.0817674 -0.5647222 0.0035709 0.1708685 -0.0130408 0.9852011
1781254204.191119 3.6022720 -0.0850466 -0.6208420 0.0039260 0.1802419 -0.0126769 0.9835328
1781254204.558300 3.6216211 -0.0925375 -0.7207702 0.0034223 0.1968975 -0.0123237 0.9803407
1781254204.858723 3.6278672 -0.1008181 -0.8130896 0.0031302 0.2100358 -0.0125477 0.9776082
1781254205.459544 3.6379519 -0.1120053 -0.9779538 0.0028502 0.2278723 -0.0125938 0.9736055
1781254206.360723 3.6435480 -0.1306074 -1.2584617 0.0021027 0.2341690 -0.0130959 0.9721054
1781254207.729210 3.9140322 -0.1345682 -1.2635920 0.0011490 0.2420149 -0.0131870 0.9701822
1781254208.463499 4.0347466 -0.1242251 -1.0434772 0.0021285 0.2553231 -0.0134676 0.9667597
1781254208.964137 4.1223288 -0.1154292 -0.8834392 0.0030090 0.2719887 -0.0143202 0.9621892
1781254209.498155 4.2003107 -0.1078002 -0.7416921 0.0022117 0.2844092 -0.0159535 0.9585677
1781254210.032176 4.2373953 -0.1088879 -0.6643373 -0.0003108 0.3750981 -0.0213701 0.9267387
1781254211.400613 4.2118168 -0.1173854 -0.8636738 0.0074217 0.6010820 -0.0359533 0.7983437
1781254211.934638 4.1761298 -0.1231068 -1.0277724 0.0101456 0.6837339 -0.0405893 0.7285311
1781254212.301778 4.1303444 -0.1326006 -1.1468499 0.0091196 0.7414009 -0.0421987 0.6696722
1781254212.769043 4.0978494 -0.1322858 -1.2901335 0.0133890 0.8176572 -0.0489534 0.5734640
1781254213.436567 4.0545983 -0.1433392 -1.4609981 0.0107835 0.9017470 -0.0555813 0.4285403
1781254214.137481 3.9689326 -0.1498894 -1.5469303 0.0106860 0.9738971 -0.0576331 0.2192913
1781254214.805106 3.8935695 -0.1431100 -1.4722626 -0.0123970 -0.9958792 0.0603515 0.0665484
1781254215.873239 3.8892076 -0.1181688 -1.1432464 -0.0142381 -0.9832027 0.0613662 0.1713006
1781254217.108184 3.8020632 -0.0996483 -0.8589401 -0.0127264 -0.9695393 0.0606743 0.2369602
1781254218.042724 3.5799818 -0.1018749 -0.9820105 -0.0156351 -0.9807997 0.0609867 0.1845757
1781254218.843789 3.4563568 -0.1138149 -1.1683657 -0.0164083 -0.9778709 0.0610124 0.1994414
1781254219.244326 3.3833761 -0.1198458 -1.2854782 -0.0167323 -0.9724580 0.0611794 0.2242822
1781254219.678234 3.2929757 -0.1257272 -1.4101058 -0.0163937 -0.9743786 0.0611438 0.2158216
1781254220.178899 3.2000110 -0.1273310 -1.4738753 -0.0158786 -0.9825194 0.0617664 0.1748956
1781254220.813063 3.0668406 -0.1253372 -1.4436445 -0.0165332 -0.9843597 0.0619907 0.1640724
1781254221.380480 3.0116744 -0.1197770 -1.3460851 -0.0180726 -0.9820164 0.0611047 0.1777173
1781254221.947911 3.0091774 -0.1077670 -1.1702716 -0.0171829 -0.9851090 0.0613102 0.1597060
1781254222.549545 3.0016396 -0.0982455 -1.0029228 -0.0168943 -0.9876878 0.0621281 0.1425751
1781254223.252282 2.9786162 -0.0841582 -0.8138596 -0.0170357 -0.9896019 0.0621111 0.1286088
1781254223.819581 2.9066958 -0.0751266 -0.7055670 -0.0154025 -0.9861070 0.0618537 0.1533948
1781254224.220016 2.7989912 -0.0721758 -0.6927137 -0.0150651 -0.9816367 0.0609020 0.1801485
1781254224.687191 2.6846306 -0.0706294 -0.7085976 -0.0149883 -0.9860502 0.0620267 0.1537305
1781254225.120983 2.6056662 -0.0748648 -0.7828321 -0.0156464 -0.9893683 0.0619972 0.1306216
1781254225.654897 2.5416107 -0.0808574 -0.8889003 -0.0162260 -0.9878883 0.0616480 0.1414674
1781254226.255543 2.4702907 -0.0864418 -0.9901134 -0.0152605 -0.9912523 0.0616267 0.1157072
1781254226.789467 2.3757389 -0.0858084 -0.9962574 -0.0139352 -0.9954899 0.0621818 0.0702793
1781254227.156532 2.2986412 -0.0814074 -0.9562991 -0.0139062 -0.9908642 0.0607854 0.1195824
1781254227.623758 2.2195134 -0.0738119 -0.8517721 -0.0138790 -0.9880342 0.0609302 0.1410084
1781254227.890748 2.1740868 -0.0698735 -0.7866665 -0.0142509 -0.9865677 0.0611152 0.1508180
1781254228.157735 2.1302006 -0.0634162 -0.7218566 -0.0142450 -0.9853469 0.0613937 0.1584910
1781254228.491426 2.0753064 -0.0577468 -0.6358118 -0.0146063 -0.9833346 0.0611968 0.1705716
1781254229.225502 2.0118461 -0.0474292 -0.4709468 -0.0129242 -0.9847602 0.0609365 0.1623795
1781254229.926244 1.8560112 -0.0473594 -0.5194924 -0.0120814 -0.9904118 0.0606192 0.1235473
1781254230.426774 1.7835783 -0.0546621 -0.6428545 -0.0134811 -0.9900882 0.0607315 0.1259180
1781254230.760469 1.7451940 -0.0599062 -0.7579269 -0.0139173 -0.9845799 0.0612281 0.1632785
1781254231.127525 1.6942669 -0.0687685 -0.9085511 -0.0146389 -0.9791291 0.0616377 0.1931131
1781254231.561315 1.6272445 -0.0802369 -1.1029420 -0.0141547 -0.9784811 0.0608185 0.1966610
1781254231.894991 1.5820856 -0.0869726 -1.2229065 -0.0141491 -0.9809777 0.0611115 0.1837063
1781254232.328763 1.5333135 -0.0954008 -1.3679552 -0.0133160 -0.9843315 0.0619668 0.1645424
1781254232.829263 1.4763837 -0.1049562 -1.5272393 -0.0127026 -0.9883290 0.0631558 0.1380427
1781254233.196284 1.4205154 -0.1120037 -1.6233540 -0.0115706 -0.9924817 0.0636171 0.1039189
1781254233.563506 1.3466563 -0.1151417 -1.6999384 -0.0105405 -0.9938853 0.0635622 0.0896700
1781254233.964136 1.2634940 -0.1211361 -1.7568680 -0.0097112 -0.9961634 0.0629116 0.0600523
1781254234.364711 1.1588014 -0.1229386 -1.7889400 -0.0094486 -0.9959275 0.0625652 0.0642239
1781254234.765158 1.0514951 -0.1230435 -1.7873050 -0.0102172 -0.9940947 0.0625482 0.0880857
1781254235.766232 0.9890678 -0.1114276 -1.6245102 -0.0110127 -0.9885147 0.0626320 0.1370938
1781254236.567068 0.9963475 -0.0989932 -1.4225755 -0.0125191 -0.9879167 0.0620398 0.1414739
1781254237.034227 1.0394030 -0.0902123 -1.2565324 -0.0130061 -0.9840383 0.0610467 0.1666518
1781254237.768441 1.0873259 -0.0746548 -1.0487165 -0.0119689 -0.9841116 0.0619485 0.1659623
1781254238.402782 1.1310234 -0.0620311 -0.8417458 -0.0125195 -0.9844522 0.0619030 0.1639060
1781254239.271809 1.1376158 -0.0474314 -0.5948772 -0.0137528 -0.9829627 0.0616501 0.1726106
1781254239.905957 1.0336051 -0.0417357 -0.4948097 -0.0136661 -0.9738854 0.0601775 0.2184927
1781254240.840454 0.7817699 -0.0419361 -0.5232881 -0.0113921 -0.9832282 0.0607140 0.1715995
1781254241.541305 0.6884032 -0.0527942 -0.7229152 -0.0123431 -0.9843264 0.0627388 0.1643565
1781254241.941787 0.6426839 -0.0628800 -0.8766980 -0.0118418 -0.9868837 0.0630740 0.1481283
1781254242.275521 0.6092037 -0.0707397 -1.0050937 -0.0114222 -0.9890215 0.0628104 0.1332695
1781254242.709413 0.5752968 -0.0747433 -1.0897930 -0.0107310 -0.9924716 0.0631727 0.1043756
1781254243.510441 0.4809613 -0.0718382 -1.0434291 -0.0098642 -0.9917975 0.0629795 0.1107880
1781254243.910956 0.3883185 -0.0668579 -0.9736238 -0.0116195 -0.9890065 0.0626709 0.1334300
1781254244.144590 0.3309728 -0.0646642 -0.9349858 -0.0120040 -0.9881803 0.0626204 0.1394073
1781254244.444967 0.2483460 -0.0598977 -0.8965200 -0.0132968 -0.9884699 0.0622795 0.1373744
1781254244.778712 0.1773948 -0.0563996 -0.8449549 -0.0144252 -0.9884304 0.0621794 0.1375896
1781254245.379436 0.1384658 -0.0472865 -0.6935419 -0.0152984 -0.9898469 0.0606749 0.1276232
1781254245.813262 0.1367416 -0.0389765 -0.5508262 -0.0149726 -0.9904658 0.0599982 0.1230998
1781254246.514064 0.0964477 -0.0292290 -0.3768536 -0.0140889 -0.9908545 0.0588984 0.1205814
1781254247.114766 0.0285470 -0.0206971 -0.2280587 -0.0130918 -0.9854441 0.0585483 0.1590618
1781254248.549793 -0.1735919 -0.0285922 -0.4548911 -0.0137569 -0.9720204 0.0571353 0.2274260
1781254249.350769 -0.2025520 -0.0308182 -0.5491481 -0.0128103 -0.9037672 0.0549604 0.4242877
1781254250.452412 -0.1232644 -0.0283938 -0.3953492 -0.0084232 -0.7512777 0.0440189 0.6584627
1781254251.086602 -0.0596419 -0.0088527 -0.2486048 -0.0049801 -0.6106815 0.0392352 0.7908881
1781254251.587279 0.0243542 -0.0089298 -0.1470935 -0.0041508 -0.4388084 0.0284358 0.8981211
1781254252.288231 0.1103734 -0.0109012 -0.1471646 -0.0027132 -0.2192543 0.0142224 0.9755604
1781254253.122710 0.3223289 -0.0142955 -0.2423849 0.0016319 -0.0294629 0.0030639 0.9995599
1781254253.356364 0.4107550 -0.0171412 -0.2615368 0.0022184 0.0104354 0.0019670 0.9999412
