1781254169.041763 0.0000000 0.0000000 0.0000000 -0.0000000 -0.0000000 -0.0000000 1.0000000
1781254173.316015 0.0068158 -0.0157184 -0.2201478 0.0014448 0.0469737 -0.0009630 0.9988946
1781254173.349385 0.0073426 -0.0170954 -0.2251310 0.0009144 0.0479109 -0.0007610 0.9988509
1781254173.582968 0.0131664 -0.0182947 -0.2609865 0.0014752 0.0519169 -0.0007389 0.9986500
1781254173.983386 0.0257506 -0.0246973 -0.3393211 0.0007307 0.0605171 -0.0005728 0.9981668
1781254174.685928 0.0487280 -0.0323384 -0.4776365 0.0008385 0.0667841 -0.0010067 0.9977666
1781254175.488577 0.1433858 -0.0373075 -0.5613606 0.0005696 0.0882625 -0.0031173 0.9960923
1781254176.022532 0.2334307 -0.0402946 -0.5943137 0.0004384 0.1202182 -0.0045430 0.9927371
1781254177.056695 0.3496560 -0.0357359 -0.5145828 -0.0010510 0.0682975 -0.0003832 0.9976644
1781254177.824028 0.4229330 -0.0299980 -0.3994650 -0.0005410 0.0458829 0.0011949 0.9989460
1781254178.257748 0.4623145 -0.0262205 -0.3216009 0.0001229 0.0652263 0.0001262 0.9978705
1781254178.791640 0.5269907 -0.0218082 -0.2562948 0.0018560 0.0687438 -0.0006015 0.9976324
1781254179.225412 0.6004455 -0.0218039 -0.2335211 0.0023898 0.0424319 0.0002848 0.9990965
1781254179.458972 0.6471835 -0.0225102 -0.2335854 0.0027858 0.0464693 -0.0003779 0.9989158
1781254179.625798 0.6760252 -0.0229171 -0.2421463 0.0031944 0.0749818 -0.0019996 0.9971778
1781254179.792620 0.6975579 -0.0246892 -0.2584939 0.0028009 0.1100764 -0.0038734 0.9939117
1781254180.026166 0.7201797 -0.0260315 -0.2842608 0.0027936 0.1286420 -0.0045845 0.9916766
1781254180.560037 0.7505049 -0.0344581 -0.3958161 0.0014480 0.1595298 -0.0056142 0.9871761
1781254181.093909 0.7672529 -0.0460286 -0.5269346 0.0000091 0.1955530 -0.0076495 0.9806633
1781254181.928397 0.7794541 -0.0609809 -0.7411423 -0.0011836 0.2037556 -0.0084615 0.9789845
1781254183.296925 0.7647813 -0.0820876 -1.0479161 -0.0009236 0.1329387 -0.0048696 0.9911119
1781254184.365008 0.9587784 -0.0914486 -1.1336021 -0.0014361 0.1342641 -0.0066764 0.9909221
1781254185.266109 1.0938047 -0.0805109 -0.9572484 -0.0026551 0.1266496 -0.0062916 0.9919240
1781254185.900115 1.1904212 -0.0695361 -0.7858499 -0.0020730 0.1296571 -0.0078885 0.9915254
1781254186.300571 1.2514869 -0.0627053 -0.6772743 -0.0020802 0.1225144 -0.0069807 0.9924400
1781254186.767873 1.3162469 -0.0534720 -0.5472924 -0.0006048 0.0975993 -0.0061349 0.9952067
1781254187.168416 1.3711600 -0.0485151 -0.4570941 -0.0007410 0.0584077 -0.0045983 0.9982820
1781254187.568879 1.4337834 -0.0465750 -0.4040753 -0.0006570 0.0343046 -0.0037331 0.9994043
1781254187.869220 1.4927123 -0.0440332 -0.3684291 -0.0006161 0.0162972 -0.0031289 0.9998621
1781254188.236303 1.5841689 -0.0424469 -0.3348782 0.0004300 0.0208969 -0.0032706 0.9997762
1781254188.536652 1.6469711 -0.0440150 -0.3499953 0.0008328 0.0776510 -0.0056959 0.9969640
1781254188.870369 1.6923279 -0.0493788 -0.4061959 0.0005560 0.1324704 -0.0073465 0.9911596
1781254189.437637 1.7402450 -0.0603237 -0.5406182 0.0005460 0.1564325 -0.0073630 0.9876611
1781254190.405495 1.7379522 -0.0785969 -0.8259755 0.0006809 0.1553983 -0.0063932 0.9878310
1781254191.440949 1.7730583 -0.0998866 -1.0754578 0.0005731 0.1611152 -0.0093554 0.9868911
1781254192.542270 2.0185649 -0.0912567 -0.9581299 -0.0001642 0.2067118 -0.0126353 0.9783203
1781254193.209712 2.1495273 -0.0816674 -0.7870435 0.0015393 0.2394127 -0.0147825 0.9708042
1781254193.843817 2.2490666 -0.0725550 -0.6242142 0.0023474 0.2425297 -0.0146445 0.9700306
1781254194.344421 2.3243194 -0.0656798 -0.4944152 0.0032185 0.2468488 -0.0142970 0.9689432
1781254194.878399 2.3956289 -0.0566025 -0.3688406 0.0036329 0.2178469 -0.0124700 0.9758965
1781254195.379008 2.4552393 -0.0509293 -0.2684596 0.0024105 0.1775445 -0.0107959 0.9840506
1781254195.913001 2.5365732 -0.0518903 -0.2366640 0.0009435 0.1279209 -0.0088554 0.9917444
1781254196.346864 2.6193147 -0.0563554 -0.2759494 0.0008702 0.1514618 -0.0103288 0.9884088
1781254196.747347 2.6995833 -0.0615055 -0.3361748 0.0011883 0.1733005 -0.0119858 0.9847953
1781254197.081080 2.7394106 -0.0659752 -0.3979020 0.0013742 0.1746948 -0.0117500 0.9845515
1781254197.681887 2.7727182 -0.0754793 -0.5133275 0.0007246 0.1158826 -0.0076953 0.9932329
1781254198.249351 2.8011725 -0.0841602 -0.6495993 -0.0008014 0.0698553 -0.0045416 0.9975465
1781254198.716735 2.8121054 -0.0935973 -0.7951670 -0.0015344 0.0698656 -0.0047128 0.9975441
1781254199.384399 2.8393922 -0.1062597 -0.9650454 -0.0012755 0.0504197 -0.0044872 0.9987172
1781254199.885088 2.9430213 -0.1137850 -1.0294210 -0.0018444 0.0622577 -0.0065244 0.9980371
1781254200.085365 2.9945409 -0.1131543 -1.0341880 -0.0006703 0.0934428 -0.0085202 0.9955880
1781254200.385780 3.0596688 -0.1142976 -1.0208433 -0.0008995 0.1194282 -0.0100591 0.9927915
1781254201.220276 3.1546404 -0.1055050 -0.8641308 -0.0016862 0.0951138 -0.0072886 0.9954383
1781254201.687541 3.2072768 -0.0963090 -0.7463762 -0.0005594 0.0994942 -0.0080964 0.9950051
1781254202.021301 3.2470145 -0.0904134 -0.6625947 0.0003087 0.0971613 -0.0082742 0.9952343
1781254202.321709 3.2885418 -0.0860020 -0.5946114 0.0005297 0.0700909 -0.0070050 0.9975159
1781254202.655539 3.3479307 -0.0841806 -0.5515113 0.0001678 0.0405404 -0.0055706 0.9991624
1781254202.989372 3.4038324 -0.0845426 -0.5313012 0.0001684 0.0522595 -0.0063349 0.9986135
1781254203.156291 3.4362872 -0.0856132 -0.5256603 0.0001923 0.0648604 -0.0072944 0.9978677
1781254203.356581 3.4839783 -0.0852166 -0.5221599 0.0011228 0.0861176 -0.0084425 0.9962486
1781254203.556868 3.5281866 -0.0869720 -0.5276081 0.0011854 0.1182203 -0.0105875 0.9929302
1781254203.790538 3.5679080 -0.0883515 -0.5533475 0.0020469 0.1601669 -0.0130120 0.9870021
1781254204.090974 3.6013210 -0.0922203 -0.6002315 0.0019688 0.1786312 -0.0131050 0.9838269
1781254204.491539 3.6273608 -0.1018716 -0.6996212 0.0007052 0.1904181 -0.0121360 0.9816278
1781254204.791962 3.6342914 -0.1086091 -0.7915705 0.0009419 0.2054261 -0.0124863 0.9785925
1781254205.426167 3.6457431 -0.1217490 -0.9691189 0.0010146 0.2266209 -0.0127018 0.9738997
1781254206.427479 3.6534190 -0.1457870 -1.2801352 -0.0006421 0.2324280 -0.0132055 0.9725237
1781254208.029604 3.9732075 -0.1438998 -1.1804384 -0.0015407 0.2396599 -0.0129747 0.9707690
1781254208.730506 4.0917211 -0.1323586 -0.9589549 -0.0002376 0.2616569 -0.0137525 0.9650630
1781254209.231143 4.1734862 -0.1228726 -0.8030394 -0.0006770 0.2742519 -0.0152712 0.9615364
1781254209.998800 4.2454143 -0.1161270 -0.6651996 -0.0018392 0.3639661 -0.0210422 0.9311727
1781254211.400613 4.2165322 -0.1271519 -0.8560570 0.0051541 0.6013266 -0.0376497 0.7980990
1781254211.901262 4.1821251 -0.1312908 -1.0067525 0.0083975 0.6797353 -0.0424766 0.7321783
1781254212.235025 4.1411972 -0.1370245 -1.1128304 0.0090521 0.7322489 -0.0444765 0.6795229
1781254212.535411 4.1212311 -0.1383988 -1.2026300 0.0117741 0.7840851 -0.0484710 0.6186457
1781254213.036049 4.0817227 -0.1504734 -1.3475385 0.0126123 0.8559201 -0.0512202 0.5144105
1781254213.636828 4.0346837 -0.1556901 -1.4767151 0.0117244 0.9214218 -0.0565641 0.3842458
1781254214.137481 3.9650860 -0.1596728 -1.5275698 0.0114692 0.9739310 -0.0573983 0.2191629
1781254214.504668 3.9121907 -0.1591640 -1.5074356 0.0125135 0.9972468 -0.0584839 0.0438393
1781254214.805106 3.8899689 -0.1547940 -1.4533305 -0.0128908 -0.9959351 0.0593742 0.0664962
1781254215.272451 3.8826027 -0.1419356 -1.3295841 -0.0148804 -0.9899088 0.0614736 0.1268074
1781254216.106879 3.8852687 -0.1247273 -1.0675344 -0.0147103 -0.9814737 0.0602384 0.1812850
1781254216.974677 3.8265553 -0.1074355 -0.8545113 -0.0137791 -0.9733585 0.0606459 0.2206934
1781254217.441949 3.7090330 -0.1063590 -0.8566380 -0.0147446 -0.9669755 0.0591902 0.2474621
1781254218.009347 3.5840001 -0.1102583 -0.9644155 -0.0162808 -0.9802470 0.0599134 0.1877797
1781254218.510007 3.5010300 -0.1180153 -1.0728884 -0.0169461 -0.9816136 0.0600715 0.1803856
1781254218.910545 3.4399984 -0.1235789 -1.1765020 -0.0173053 -0.9769585 0.0601548 0.2040443
1781254219.311081 3.3627615 -0.1287561 -1.2957357 -0.0176017 -0.9723250 0.0602608 0.2250398
1781254219.744989 3.2757285 -0.1340977 -1.4148022 -0.0170095 -0.9752774 0.0606056 0.2118296
1781254220.379162 3.1589122 -0.1349590 -1.4666710 -0.0169749 -0.9843090 0.0615155 0.1645099
1781254220.979949 3.0292683 -0.1306483 -1.4100242 -0.0178520 -0.9822122 0.0610266 0.1766811
1781254221.781020 3.0018895 -0.1206304 -1.2176528 -0.0185421 -0.9849328 0.0604660 0.1609577
1781254222.549545 2.9961166 -0.1071557 -0.9941132 -0.0175102 -0.9877660 0.0613077 0.1423137
1781254223.319024 2.9702625 -0.0922237 -0.7834327 -0.0173359 -0.9898670 0.0609409 0.1270787
1781254223.852951 2.8910465 -0.0848389 -0.6921110 -0.0160563 -0.9856501 0.0609639 0.1565872
1781254224.153277 2.8097627 -0.0827274 -0.6800185 -0.0156503 -0.9816487 0.0603823 0.1802083
1781254224.687191 2.6794865 -0.0803123 -0.6973946 -0.0158498 -0.9861494 0.0611393 0.1533629
1781254225.187719 2.5918953 -0.0856288 -0.7834752 -0.0168044 -0.9891034 0.0608616 0.1329957
1781254225.788376 2.5194144 -0.0913263 -0.9049513 -0.0171370 -0.9879836 0.0605501 0.1411679
1781254226.455767 2.4355755 -0.0948738 -0.9891700 -0.0153147 -0.9950429 0.0609647 0.0770615
1781254226.989685 2.3219881 -0.0913247 -0.9682460 -0.0147099 -0.9936799 0.0604591 0.0934264
1781254227.423515 2.2460070 -0.0857603 -0.8870325 -0.0151182 -0.9889752 0.0599744 0.1345457
1781254227.690506 2.1992967 -0.0808443 -0.8238772 -0.0150576 -0.9876744 0.0603734 0.1436230
1781254228.024242 2.1441326 -0.0744018 -0.7449671 -0.0152004 -0.9860411 0.0603871 0.1544193
1781254228.324586 2.0947542 -0.0673447 -0.6691164 -0.0152587 -0.9842868 0.0607045 0.1651109
1781254228.925203 2.0351794 -0.0596090 -0.5211114 -0.0146619 -0.9837818 0.0599263 0.1684260
1781254229.792772 1.8841522 -0.0549859 -0.4860316 -0.0129969 -0.9876612 0.0593394 0.1443447
1781254230.226554 1.8032899 -0.0576609 -0.5783180 -0.0133734 -0.9915764 0.0597942 0.1141141
1781254230.727100 1.7454129 -0.0680712 -0.7354275 -0.0145616 -0.9853209 0.0599593 0.1591718
1781254231.060788 1.7000870 -0.0761393 -0.8666441 -0.0150538 -0.9797682 0.0601945 0.1902744
1781254231.394474 1.6484668 -0.0812472 -1.0223016 -0.0150938 -0.9780093 0.0603456 0.1990687
1781254231.861624 1.5840669 -0.0920848 -1.2003487 -0.0149436 -0.9808294 0.0601736 0.1847418
1781254232.295396 1.5335581 -0.1005066 -1.3459086 -0.0143462 -0.9843232 0.0610356 0.1648535
1781254232.829263 1.4744399 -0.1104748 -1.5164517 -0.0136882 -0.9884167 0.0620404 0.1378259
1781254233.196284 1.4171479 -0.1156785 -1.6131178 -0.0126458 -0.9925584 0.0631005 0.1033742
1781254233.530120 1.3498726 -0.1196721 -1.6820697 -0.0117638 -0.9938860 0.0626965 0.0901192
1781254233.863979 1.2823620 -0.1240801 -1.7346365 -0.0111551 -0.9957072 0.0622250 0.0676084
1781254234.264598 1.1831326 -0.1251176 -1.7734106 -0.0102513 -0.9961339 0.0622730 0.0611084
1781254234.531565 1.1068276 -0.1253441 -1.7850072 -0.0105995 -0.9959751 0.0624120 0.0634507
1781254234.932009 1.0232483 -0.1229839 -1.7668173 -0.0109462 -0.9922897 0.0624398 0.1065024
1781254235.966437 0.9804069 -0.1118354 -1.5675082 -0.0125097 -0.9880613 0.0616906 0.1406154
1781254236.733912 1.0070909 -0.0999935 -1.3555335 -0.0131535 -0.9869168 0.0607779 0.1487557
1781254237.100962 1.0423428 -0.0916170 -1.2242694 -0.0134818 -0.9838549 0.0604638 0.1679046
1781254238.002067 1.1015754 -0.0746084 -0.9681014 -0.0125218 -0.9849745 0.0615276 0.1608814
1781254238.703578 1.1393425 -0.0611015 -0.7425829 -0.0138978 -0.9822974 0.0610139 0.1765675
1781254239.538819 1.1039848 -0.0455866 -0.5284072 -0.0143210 -0.9820375 0.0610173 0.1779726
1781254239.972708 1.0152644 -0.0428254 -0.4792270 -0.0138200 -0.9727439 0.0601294 0.2235234
1781254240.807080 0.7873513 -0.0453457 -0.5094009 -0.0118518 -0.9828564 0.0601116 0.1738952
1781254241.574679 0.6831884 -0.0571535 -0.7285558 -0.0131022 -0.9846096 0.0623512 0.1627409
1781254242.041906 0.6318063 -0.0676799 -0.9076589 -0.0126557 -0.9875777 0.0624038 0.1436519
1781254242.409026 0.5952543 -0.0746888 -1.0375645 -0.0118921 -0.9900011 0.0622753 0.1260085
1781254243.210054 0.5326124 -0.0748097 -1.0633333 -0.0102974 -0.9941070 0.0633485 0.0873624
1781254243.510441 0.4806227 -0.0740234 -1.0346246 -0.0108899 -0.9918325 0.0623500 0.1107350
1781254243.810827 0.4134594 -0.0703819 -0.9836912 -0.0122092 -0.9894926 0.0619209 0.1300816
1781254244.111214 0.3398038 -0.0656897 -0.9317597 -0.0125383 -0.9881413 0.0622602 0.1397973
1781254244.378217 0.2681866 -0.0618099 -0.8980741 -0.0134718 -0.9884706 0.0622348 0.1373730
1781254244.778712 0.1799496 -0.0571911 -0.8380330 -0.0147395 -0.9883515 0.0618513 0.1382694
1781254245.412807 0.1420919 -0.0482095 -0.6742079 -0.0157541 -0.9897209 0.0603018 0.1287166
1781254245.946746 0.1355319 -0.0385047 -0.5069622 -0.0156568 -0.9906378 0.0596549 0.1217900
1781254246.614182 0.0908172 -0.0288621 -0.3422900 -0.0148969 -0.9905916 0.0584894 0.1228229
1781254247.148138 0.0276363 -0.0201804 -0.2172338 -0.0134250 -0.9846470 0.0586755 0.1638511
1781254248.583166 -0.1707296 -0.0285114 -0.4574236 -0.0137124 -0.9693481 0.0570885 0.2385731
1781254249.484301 -0.1961312 -0.0285852 -0.5494591 -0.0113713 -0.8873280 0.0544055 0.4577770
1781254250.452412 -0.1191837 -0.0241711 -0.3902743 -0.0077152 -0.7506588 0.0452601 0.6590928
1781254251.053223 -0.0633724 -0.0081096 -0.2464072 -0.0055043 -0.6212231 0.0406943 0.7825571
1781254251.487144 0.0079425 -0.0086583 -0.1556082 -0.0046207 -0.4773827 0.0307262 0.8781460
1781254251.954445 0.0695539 -0.0086268 -0.1098887 -0.0034797 -0.3225760 0.0201244 0.9463232
1781254252.288231 0.1065163 -0.0110650 -0.1425994 -0.0028473 -0.2184743 0.0141413 0.9757361
1781254252.889055 0.2379959 -0.0200181 -0.2205942 -0.0015454 -0.0745067 0.0062413 0.9971998
1781254253.022571 0.2863912 -0.0236099 -0.2371478 -0.0013898 -0.0470299 0.0063053 0.9988726
1781254253.523262 0.4696091 -0.0239329 -0.2698705 0.0015638 0.0302917 0.0009869 0.9995394
