1781254002.971368 0.0000000 0.0000000 0.0000000 -0.0000000 -0.0000000 -0.0000000 1.0000000
1781254007.849235 0.0957957 -0.0006977 0.0004529 0.0022053 0.0228221 -0.0026408 0.9997336
1781254007.882638 0.0994823 -0.0007167 0.0007045 0.0023619 0.0240470 -0.0025000 0.9997050
1781254008.049663 0.1174919 -0.0013045 0.0002284 0.0023265 0.0323298 -0.0029191 0.9994703
1781254008.383676 0.1534289 -0.0012039 -0.0004080 0.0026334 0.0452457 -0.0036465 0.9989658
1781254009.919333 0.3121676 -0.0019918 -0.0037202 0.0037097 0.0912710 -0.0055543 0.9958037
1781254010.720764 0.3921394 -0.0020447 -0.0002423 0.0039718 0.1233940 -0.0080458 0.9923172
1781254011.556141 0.4741001 -0.0039963 -0.0078541 0.0042860 0.1754783 -0.0120174 0.9844006
1781254012.359874 0.5612934 -0.0063480 -0.0360636 0.0046860 0.2495149 -0.0180399 0.9681916
1781254013.193685 0.6314874 -0.0081877 -0.0702016 0.0058992 0.3129399 -0.0219182 0.9495017
1781254013.760822 0.6671190 -0.0128473 -0.1101348 0.0059087 0.3992363 -0.0272476 0.9164241
1781254014.628291 0.7043983 -0.0187496 -0.1848137 0.0070961 0.5066815 -0.0336234 0.8614482
1781254015.462384 0.7269205 -0.0259254 -0.2655389 0.0082011 0.6045933 -0.0399035 0.7954919
1781254016.096443 0.7295214 -0.0280281 -0.3128191 0.0092927 0.6706660 -0.0439897 0.7403956
1781254016.897342 0.7031556 -0.0334151 -0.3845406 0.0099843 0.7658621 -0.0471194 0.6411983
1781254017.931833 0.6483327 -0.0410701 -0.4966094 0.0115713 0.8372317 -0.0519478 0.5442524
1781254018.966266 0.5610388 -0.0434215 -0.6182068 0.0135476 0.8843969 -0.0577309 0.4629535
1781254019.667099 0.4857844 -0.0485246 -0.6990744 0.0137443 0.9101173 -0.0593715 0.4098447
1781254020.501618 0.4056193 -0.0527468 -0.7927352 0.0132247 0.9226996 -0.0606997 0.3804815
1781254021.269154 0.3308914 -0.0565954 -0.8781613 0.0133566 0.9292394 -0.0611929 0.3641309
1781254021.969976 0.2257450 -0.0632339 -0.9914117 0.0133409 0.9364409 -0.0610548 0.3452142
1781254022.770905 0.1131047 -0.0697132 -1.1033394 0.0134981 0.9429707 -0.0617739 0.3268150
1781254023.671942 0.0088103 -0.0758769 -1.2178770 0.0122433 0.9413098 -0.0613703 0.3316922
1781254024.773261 -0.1250646 -0.0865425 -1.3670170 0.0111079 0.9378096 -0.0592569 0.3418749
1781254025.674325 -0.2007240 -0.0934197 -1.4933256 0.0111857 0.9202960 -0.0574698 0.3868171
1781254026.441767 -0.2529652 -0.0984525 -1.5790932 0.0107444 0.9153764 -0.0576401 0.3983068
1781254027.309337 -0.3254266 -0.1088531 -1.7183276 0.0111492 0.9116008 -0.0578713 0.4068300
1781254028.044468 -0.4032836 -0.1145028 -1.8275423 0.0115377 0.9237377 -0.0582036 0.3784019
1781254028.512254 -0.4581916 -0.1170661 -1.8857806 0.0122232 0.9307754 -0.0593537 0.3605342
1781254029.146431 -0.5368047 -0.1211872 -1.9676570 0.0117584 0.9359542 -0.0595936 0.3468432
1781254029.713848 -0.6172650 -0.1245398 -2.0396380 0.0113868 0.9434837 -0.0594745 0.3258402
1781254030.514913 -0.7330377 -0.1312771 -2.1393535 0.0099541 0.9487731 -0.0587353 0.3102912
1781254031.316036 -0.8405137 -0.1353644 -2.2356589 0.0094719 0.9458226 -0.0590372 0.3191310
1781254032.083788 -0.9239564 -0.1400943 -2.3119781 0.0088261 0.9418150 -0.0593571 0.3307317
1781254032.751408 -1.0052149 -0.1415779 -2.3847604 0.0092575 0.9416381 -0.0600141 0.3311047
1781254033.051840 -1.0513563 -0.1421224 -2.4215074 0.0095318 0.9433862 -0.0601970 0.3260491
1781254033.318892 -1.1012247 -0.1441117 -2.4565561 0.0094248 0.9454727 -0.0601810 0.3199543
1781254033.652703 -1.1593270 -0.1467022 -2.5013413 0.0096067 0.9464838 -0.0600134 0.3169772
1781254034.086658 -1.2254081 -0.1494269 -2.5717392 0.0094146 0.9393015 -0.0605756 0.3375718
1781254034.520601 -1.2887256 -0.1529939 -2.6341608 0.0096685 0.9387639 -0.0604928 0.3390716
1781254034.987900 -1.3544405 -0.1574041 -2.6925890 0.0100623 0.9420791 -0.0602923 0.3297733
1781254035.355062 -1.4112213 -0.1615265 -2.7442210 0.0097220 0.9440742 -0.0596952 0.3241388
1781254035.755661 -1.4737380 -0.1654104 -2.7988312 0.0093140 0.9460623 -0.0599087 0.3182613
1781254036.256428 -1.5432034 -0.1686625 -2.8650589 0.0091945 0.9472195 -0.0592785 0.3149234
1781254036.656984 -1.6073270 -0.1708393 -2.9244869 0.0096411 0.9486009 -0.0589895 0.3107791
1781254036.990751 -1.6604414 -0.1738993 -2.9737141 0.0099916 0.9500582 -0.0583473 0.3064070
1781254037.391269 -1.7175198 -0.1773066 -3.0344448 0.0101665 0.9480149 -0.0576428 0.3127964
1781254037.725046 -1.7695274 -0.1803122 -3.0782318 0.0103142 0.9517638 -0.0574059 0.3012372
1781254038.092200 -1.8305163 -0.1827502 -3.1067035 0.0102647 0.9623774 -0.0578316 0.2652922
1781254038.559496 -1.9103086 -0.1820889 -3.1258233 0.0113575 0.9806343 -0.0600283 0.1860752
1781254039.227091 -2.0357566 -0.1827563 -3.1256955 0.0111617 0.9964182 -0.0603547 0.0581677
1781254040.428825 -2.2189739 -0.1720432 -3.0429611 -0.0110531 -0.9820866 0.0614195 0.1777959
1781254041.064656 -2.3095305 -0.1620173 -2.9625413 -0.0117807 -0.9527271 0.0603543 0.2975394
1781254041.499480 -2.3719921 -0.1564767 -2.8954539 -0.0116088 -0.9284355 0.0584192 0.3666879
1781254042.533873 -2.4775517 -0.1450241 -2.7508686 -0.0119538 -0.8720441 0.0565008 0.4860081
1781254043.368152 -2.5036583 -0.1328368 -2.6220326 -0.0092021 -0.7899936 0.0510224 0.6109191
1781254044.235816 -2.4741323 -0.1249076 -2.4769983 -0.0093604 -0.6996003 0.0448439 0.7130644
1781254045.069994 -2.4152997 -0.1188168 -2.3405414 -0.0097300 -0.6349034 0.0407016 0.7714573
1781254045.804107 -2.3778319 -0.1097166 -2.1667552 -0.0093146 -0.6363765 0.0409093 0.7702367
1781254046.338043 -2.3713391 -0.1031534 -2.0539904 -0.0091757 -0.6508339 0.0420251 0.7580006
1781254046.738499 -2.3545763 -0.0994060 -1.9919953 -0.0094352 -0.6151667 0.0405426 0.7872974
1781254047.105578 -2.3187010 -0.0977817 -1.9525499 -0.0096886 -0.5533462 0.0367266 0.8320850
1781254047.506029 -2.2680495 -0.0978447 -1.9247340 -0.0101038 -0.4917614 0.0323793 0.8700691
1781254047.973242 -2.1967332 -0.0953365 -1.9023585 -0.0091848 -0.4254456 0.0281606 0.9044991
1781254048.407072 -2.1041148 -0.0939319 -1.8830433 -0.0084608 -0.3508040 0.0241894 0.9360982
1781254048.874290 -1.9962950 -0.0943228 -1.8573261 -0.0076083 -0.2900614 0.0208775 0.9567500
1781254049.374869 -1.8781865 -0.0945632 -1.8281655 -0.0072405 -0.2471974 0.0181668 0.9687678
1781254049.741985 -1.7978528 -0.0944292 -1.8133907 -0.0072395 -0.2149730 0.0160947 0.9764606
1781254050.175849 -1.7267754 -0.0940582 -1.8054290 -0.0065066 -0.1774388 0.0140100 0.9840106
1781254050.709826 -1.6244159 -0.0954450 -1.8036538 -0.0059736 -0.1299145 0.0101093 0.9914557
1781254051.143671 -1.5280185 -0.0963039 -1.8093793 -0.0055084 -0.1024393 0.0080328 0.9946916
1781254051.577517 -1.4275154 -0.0964416 -1.7964550 -0.0051925 -0.1082962 0.0085898 0.9940680
1781254051.977993 -1.3364298 -0.0946294 -1.7594312 -0.0058974 -0.1450398 0.0101820 0.9893559
1781254052.211601 -1.2875409 -0.0919192 -1.7273316 -0.0053870 -0.1770503 0.0123734 0.9841093
1781254052.445207 -1.2389938 -0.0909592 -1.6930997 -0.0059520 -0.2041040 0.0137087 0.9788352
1781254052.845673 -1.1705024 -0.0887194 -1.6347444 -0.0062053 -0.2455139 0.0156617 0.9692467
1781254053.312869 -1.1170293 -0.0839324 -1.5720835 -0.0066648 -0.2757579 0.0170783 0.9610523
1781254053.679966 -1.0759454 -0.0805888 -1.5144646 -0.0070942 -0.3000656 0.0176605 0.9537287
1781254053.946945 -1.0527768 -0.0786413 -1.4691728 -0.0070729 -0.3299106 0.0197414 0.9437792
1781254054.280664 -1.0271618 -0.0745156 -1.4172077 -0.0069101 -0.3595848 0.0215571 0.9328378
1781254054.647766 -1.0048285 -0.0709895 -1.3602579 -0.0068604 -0.3921922 0.0234949 0.9195576
1781254055.014873 -0.9863763 -0.0677409 -1.3033122 -0.0073453 -0.4235172 0.0255349 0.9054984
1781254055.515448 -0.9682922 -0.0644446 -1.2400360 -0.0077510 -0.4594872 0.0284455 0.8876949
1781254056.015953 -0.9570447 -0.0605046 -1.1760266 -0.0087179 -0.4953395 0.0304482 0.8681220
1781254056.382976 -0.9508495 -0.0579678 -1.1239810 -0.0090937 -0.5261303 0.0321763 0.8497464
1781254056.817346 -0.9483293 -0.0528784 -1.0464063 -0.0103306 -0.5679794 0.0350226 0.8222324
1781254057.084723 -0.9506707 -0.0502084 -1.0020198 -0.0109143 -0.5942435 0.0366309 0.8033765
1781254057.452367 -0.9606885 -0.0462385 -0.9396363 -0.0116788 -0.6297404 0.0385229 0.7757620
1781254057.752794 -0.9780640 -0.0419411 -0.8827328 -0.0115180 -0.6641745 0.0403336 0.7463999
1781254058.019838 -0.9968971 -0.0380587 -0.8355180 -0.0106005 -0.6952558 0.0420207 0.7174548
1781254058.286883 -1.0190563 -0.0340578 -0.7887186 -0.0111933 -0.7222007 0.0443203 0.6901714
1781254058.654076 -1.0537596 -0.0301416 -0.7302853 -0.0114579 -0.7585847 0.0463432 0.6498233
1781254058.987891 -1.0911665 -0.0255102 -0.6805660 -0.0112355 -0.7876990 0.0481808 0.6140707
1781254059.355089 -1.1325840 -0.0215968 -0.6357187 -0.0114723 -0.8155957 0.0499077 0.5763518
1781254059.689489 -1.1708338 -0.0183257 -0.5934073 -0.0120602 -0.8357183 0.0511115 0.5466416
1781254060.091005 -1.2120647 -0.0142661 -0.5298356 -0.0119417 -0.8307707 0.0500588 0.5542307
1781254060.325254 -1.2272685 -0.0110102 -0.4824697 -0.0117818 -0.8081893 0.0489907 0.5867633
1781254060.492390 -1.2349110 -0.0089730 -0.4451481 -0.0119732 -0.7878457 0.0477970 0.6138983
1781254060.625867 -1.2372925 -0.0068530 -0.4154439 -0.0113330 -0.7690611 0.0465089 0.6373802
1781254060.792711 -1.2382441 -0.0041093 -0.3772887 -0.0113134 -0.7447905 0.0453602 0.6656588
1781254060.992920 -1.2377062 0.0000418 -0.3322836 -0.0107759 -0.7138351 0.0437057 0.6988657
1781254061.159758 -1.2310374 0.0014222 -0.2963440 -0.0099705 -0.6879324 0.0416014 0.7245129
1781254061.426697 -1.2169790 0.0039294 -0.2472836 -0.0092083 -0.6480884 0.0391453 0.7605026
1781254061.727044 -1.1936588 0.0067098 -0.1988391 -0.0081459 -0.6102500 0.0359801 0.7913495
1781254062.060759 -1.1593180 0.0101896 -0.1455045 -0.0078116 -0.5818256 0.0339704 0.8125663
1781254062.661424 -1.1194969 0.0163996 -0.0302510 -0.0077487 -0.5865444 0.0338794 0.8091711
1781254063.061846 -1.0940332 0.0209335 0.0495042 -0.0073656 -0.5504279 0.0312804 0.8342641
1781254063.428890 -1.0621332 0.0234855 0.0975231 -0.0058356 -0.4815885 0.0268185 0.8759676
1781254063.896080 -1.0179905 0.0220522 0.1145298 -0.0045678 -0.3722700 0.0193654 0.9279112
1781254064.730348 -0.8729203 0.0246160 0.1100367 -0.0016729 -0.2046073 0.0103092 0.9787884
1781254065.230924 -0.7516071 0.0165965 0.0918987 -0.0006611 -0.0924339 0.0035562 0.9957123
1781254065.497900 -0.6810067 0.0158226 0.0795285 0.0004644 -0.0286228 -0.0006216 0.9995900
1781254065.731517 -0.6213037 0.0143228 0.0668108 0.0016857 0.0174927 -0.0030755 0.9998409
1781254065.998505 -0.5540856 0.0122873 0.0491350 0.0024727 0.0642549 -0.0058556 0.9979133
1781254066.599212 -0.4221703 0.0083329 0.0238432 0.0028664 0.0892178 -0.0080941 0.9959751
1781254067.533596 -0.2112230 0.0052366 0.0292853 0.0020592 0.0486073 -0.0056890 0.9987997
1781254067.800577 -0.1529821 0.0057117 0.0350399 0.0021477 0.0386947 -0.0047045 0.9992377
1781254068.201041 -0.0701838 0.0056589 0.0436179 0.0021528 0.0228235 -0.0037618 0.9997302
1781254068.835128 0.0522258 0.0035965 0.0529577 0.0021927 -0.0041850 -0.0007953 0.9999886
1781254069.669466 0.2538139 0.0008681 0.0441137 0.0015172 -0.0337174 0.0017681 0.9994287
1781254070.203443 0.3868673 -0.0009917 0.0359119 0.0019344 -0.0005313 0.0001854 0.9999980
1781254070.670666 0.4883633 -0.0008943 0.0364550 0.0028293 0.0377052 -0.0028826 0.9992808
1781254070.971019 0.5528322 -0.0018046 0.0324430 0.0031248 0.0766988 -0.0063251 0.9970294
1781254071.338113 0.6351554 -0.0044347 0.0201064 0.0031401 0.1307527 -0.0107025 0.9913523
1781254071.738573 0.7164175 -0.0087147 -0.0081192 0.0036690 0.1990575 -0.0151204 0.9798643
1781254072.038911 0.7665175 -0.0092404 -0.0409708 0.0050900 0.2701831 -0.0196625 0.9625947
1781254072.305872 0.8017046 -0.0113271 -0.0763730 0.0059323 0.3359420 -0.0239225 0.9415601
1781254072.572829 0.8318186 -0.0147759 -0.1215308 0.0067847 0.3943253 -0.0272651 0.9185413
1781254072.773040 0.8534726 -0.0172782 -0.1582192 0.0075605 0.4358587 -0.0294593 0.8995011
1781254073.073350 0.8789290 -0.0213437 -0.2175263 0.0087500 0.4981880 -0.0330401 0.8663952
1781254073.273554 0.8894727 -0.0253637 -0.2560675 0.0088625 0.5389881 -0.0354780 0.8415192
1781254073.640636 0.8913325 -0.0294591 -0.3073218 0.0093872 0.6029911 -0.0399013 0.7966941
1781254074.241371 0.8702900 -0.0342448 -0.3592381 0.0094818 0.6626841 -0.0434197 0.7475792
1781254076.144526 0.7351242 -0.0337692 -0.3574970 0.0113042 0.7771497 -0.0464999 0.6274938
1781254077.246295 0.5504540 -0.0396113 -0.5171151 0.0128281 0.8322794 -0.0524328 0.5517220
1781254077.746951 0.4762136 -0.0454713 -0.6296233 0.0133403 0.8593221 -0.0552933 0.5082619
1781254078.013973 0.4370347 -0.0463437 -0.6969731 0.0131749 0.8689091 -0.0571716 0.4914823
1781254078.280994 0.3929633 -0.0494957 -0.7609907 0.0129734 0.8783057 -0.0579866 0.4743927
1781254078.514788 0.3493844 -0.0532116 -0.8139001 0.0129622 0.8859434 -0.0580933 0.4599583
1781254078.815886 0.2973142 -0.0556641 -0.8778334 0.0125693 0.8918684 -0.0584715 0.4483235
1781254078.949719 0.2737526 -0.0564046 -0.9068834 0.0127406 0.8944606 -0.0586924 0.4430949
1781254079.418194 0.1917707 -0.0613877 -0.9899949 0.0123711 0.8990418 -0.0585023 0.4337605
1781254079.785340 0.1263673 -0.0654346 -1.0564677 0.0122228 0.9006333 -0.0590711 0.4303728
1781254080.085648 0.0716311 -0.0695113 -1.1159184 0.0118642 0.9023172 -0.0585186 0.4269175
1781254080.519429 0.0073692 -0.0748069 -1.1964581 0.0111331 0.8979076 -0.0578556 0.4362233
1781254080.719668 -0.0206120 -0.0787377 -1.2359346 0.0105147 0.8928718 -0.0569771 0.4465680
1781254081.053396 -0.0600127 -0.0815393 -1.3019476 0.0104439 0.8849689 -0.0566866 0.4620688
1781254081.687467 -0.1220083 -0.0874739 -1.4184840 0.0099064 0.8697666 -0.0554357 0.4902397
1781254082.388263 -0.1845926 -0.0951834 -1.5408162 0.0095758 0.8570675 -0.0547281 0.5121996
1781254082.888816 -0.2533517 -0.1019993 -1.6477535 0.0100184 0.8584809 -0.0551474 0.5097735
1781254083.222509 -0.3150640 -0.1072019 -1.7139709 0.0108204 0.8774335 -0.0550651 0.4764045
1781254083.422721 -0.3510585 -0.1100293 -1.7494378 0.0112087 0.8880517 -0.0550729 0.4562955
1781254083.856545 -0.4371045 -0.1191933 -1.8337620 0.0118655 0.9030923 -0.0547406 0.4257783
1781254084.123509 -0.4909489 -0.1209780 -1.8974180 0.0123649 0.9097483 -0.0558464 0.4112011
1781254089.029206 -1.4012074 -0.1604019 -2.7167869 0.0096680 0.9271396 -0.0579234 0.3700859
1781254089.629910 -1.5124304 -0.1666773 -2.8432970 0.0095929 0.9290386 -0.0584229 0.3652149
1781254090.063779 -1.6079638 -0.1734950 -2.9310699 0.0098883 0.9450048 -0.0573960 0.3218290
1781254090.664504 -1.7345927 -0.1780283 -3.0079174 0.0099685 0.9703764 -0.0574638 0.2344531
1781254091.498802 -1.9283385 -0.1776966 -3.0309138 0.0123797 0.9960510 -0.0597896 0.0644543
1781254092.032750 -2.0580990 -0.1760636 -3.0007157 -0.0117727 -0.9961159 0.0594691 0.0638586
1781254092.466569 -2.1363840 -0.1658048 -2.9517422 -0.0119945 -0.9832798 0.0610347 0.1711486
1781254092.800264 -2.1945531 -0.1596455 -2.9006555 -0.0124998 -0.9671206 0.0604951 0.2467017
1781254093.033844 -2.2396080 -0.1561986 -2.8544993 -0.0129976 -0.9519873 0.0594044 0.3000375
1781254093.267419 -2.2844172 -0.1542412 -2.8005047 -0.0129259 -0.9328241 0.0575039 0.3554790
1781254093.500995 -2.3198824 -0.1427529 -2.7530937 -0.0115120 -0.9095048 0.0588873 0.4113403
1781254093.934804 -2.3588357 -0.1375227 -2.6542990 -0.0119507 -0.8631878 0.0558471 0.5016423
1781254094.368602 -2.3914087 -0.1313916 -2.5454588 -0.0110939 -0.8189052 0.0525495 0.5714103
1781254094.602367 -2.4052489 -0.1270387 -2.4903874 -0.0102722 -0.8024604 0.0513657 0.5944016
1781254095.070239 -2.4200597 -0.1207627 -2.3667278 -0.0105500 -0.7739887 0.0492141 0.6311959
1781254095.404492 -2.4168475 -0.1144865 -2.2736428 -0.0105588 -0.7331425 0.0468277 0.6783788
1781254095.638648 -2.4055386 -0.1103935 -2.2111478 -0.0104916 -0.6945627 0.0446878 0.7179663
1781254095.839425 -2.3890228 -0.1090193 -2.1642101 -0.0100202 -0.6632195 0.0424870 0.7471508
1781254096.107156 -2.3675928 -0.1073729 -2.1127019 -0.0096675 -0.6297120 0.0403695 0.7757188
1781254096.374921 -2.3434167 -0.1047623 -2.0684133 -0.0095290 -0.5993524 0.0390038 0.7994777
1781254096.742316 -2.2958367 -0.1023679 -2.0106170 -0.0098652 -0.5495791 0.0361431 0.8346012
1781254097.042663 -2.2454777 -0.0999326 -1.9695637 -0.0100801 -0.4979574 0.0333734 0.8665004
1781254097.309633 -2.1948218 -0.0967784 -1.9374671 -0.0094185 -0.4490054 0.0304656 0.8929599
1781254097.643343 -2.1157637 -0.0942289 -1.8977569 -0.0085331 -0.3849274 0.0262650 0.9225336
1781254097.943676 -2.0269518 -0.0945851 -1.8621776 -0.0083565 -0.3222081 0.0228361 0.9463565
1781254098.244004 -1.9332041 -0.0934126 -1.8366275 -0.0075140 -0.2582734 0.0188751 0.9658583
1781254106.119112 -1.1147649 -0.0167230 -0.5511706 -0.0116545 -0.7758939 0.0472343 0.6289847
1781254106.719783 -1.1198423 -0.0093444 -0.4156747 -0.0107438 -0.6909360 0.0419621 0.7216171
1781254107.020121 -1.1106442 -0.0042968 -0.3503088 -0.0095670 -0.6534761 0.0396044 0.7558499
1781254107.387192 -1.0993669 0.0019128 -0.2624817 -0.0092993 -0.6279080 0.0380227 0.7773026
1781254107.854390 -1.0767000 0.0093101 -0.1527773 -0.0076580 -0.5692810 0.0335886 0.8214209
1781254108.188100 -1.0449500 0.0113627 -0.0874170 -0.0073700 -0.4982827 0.0283536 0.8665196
1781254108.521806 -0.9968002 0.0148624 -0.0337410 -0.0058619 -0.4137745 0.0233086 0.9100621
1781254110.590756 -0.4962245 0.0108470 0.0441784 0.0013940 0.0078820 -0.0022430 0.9999655
1781254111.024574 -0.3888596 0.0086631 0.0364172 0.0012904 0.0063533 -0.0028615 0.9999749
1781254112.996405 0.2065820 0.0020649 0.0613617 0.0014012 -0.0055359 0.0008453 0.9999834
1781254113.364561 0.3353269 -0.0005394 0.0461543 0.0028670 0.0753231 -0.0042014 0.9971462
1781254115.066863 0.6230569 -0.0197195 -0.1936539 0.0080140 0.5646812 -0.0364266 0.8244658
1781254120.940468 -0.2887368 -0.1139659 -1.6888487 0.0103395 0.8707873 -0.0520475 0.4887879
1781254123.976987 -0.9381459 -0.1384333 -2.3226676 0.0108153 0.9463531 -0.0598279 0.3173634
1781254126.846679 -1.5680165 -0.1688431 -2.8359447 0.0098543 0.9583254 -0.0583314 0.2794867
1781254127.480714 -1.7535400 -0.1711256 -2.8970468 0.0111770 0.9871500 -0.0591144 0.1480390
1781254128.148136 -1.9656310 -0.1741704 -2.9077694 0.0122684 0.9980567 -0.0595777 0.0135211
1781254129.417634 -2.3186259 -0.1448228 -2.7448945 -0.0121572 -0.9190310 0.0584594 0.3896367
1781254131.453855 -2.3719859 -0.1118096 -2.1684692 -0.0103426 -0.6188841 0.0396250 0.7844141
1781254132.288305 -2.2296786 -0.1007477 -1.9909048 -0.0094535 -0.4478027 0.0307917 0.8935520
1781254139.999178 -1.1636560 -0.0076673 -0.4210674 -0.0144592 -0.7206099 0.0490491 0.6914524
1781254140.499851 -1.1380161 0.0011514 -0.2725003 -0.0104995 -0.6434468 0.0393073 0.7644089
1781254146.441156 0.4817847 -0.0015653 0.0398409 -0.0008401 -0.1186746 0.0081209 0.9928997
1781254146.808323 0.5894019 -0.0002483 0.0819279 -0.0020503 -0.1589509 0.0092655 0.9872409
1781254147.642804 0.6975620 -0.0007469 0.1050497 -0.0025587 -0.1588223 0.0085534 0.9872668
