0.000000 0.000000 0.000000 0.073894 -0.008107 -0.128396
0.550157 -0.033657 -0.275015 0.661039 -0.041924 -0.329778
0.720007 -0.045489 -0.330096 0.787331 -0.048381 -0.349734
1.722976 -0.062519 -0.596705 2.957228 -0.116547 -1.089514
1.722976 -0.062519 -0.596705 3.100500 -0.093560 -0.873840
2.957228 -0.116547 -1.089514 1.722976 -0.062519 -0.596705
3.100500 -0.093560 -0.873840 1.722976 -0.062519 -0.596705
3.689879 -0.093873 -1.077361 2.183214 -0.060257 -1.049626
3.689879 -0.093873 -1.077361 2.008424 -0.082718 -0.715135
2.183214 -0.060257 -1.049626 3.689879 -0.093873 -1.077361
2.008424 -0.082718 -0.715135 3.689879 -0.093873 -1.077361
2.008424 -0.082718 -0.715135 1.012491 -0.066275 -0.606543
1.012491 -0.066275 -0.606543 2.008424 -0.082718 -0.715135
0.073894 -0.008107 -0.128396 0.000000 0.000000 0.000000
0.661039 -0.041924 -0.329778 0.550157 -0.033657 -0.275015
0.787331 -0.048381 -0.349734 0.720007 -0.045489 -0.330096
