1781254169.075240 0.000000 0.000000 0.000000 0.000000 0.000000 0.000000 1.000000
1781254172.682029 -0.002946 -0.008484 -0.124446 0.000094 0.032883 -0.000860 0.999459
1781254173.783178 0.018475 -0.019410 -0.302232 0.002143 0.057352 -0.000732 0.998351
1781254174.819891 0.062347 -0.028935 -0.494357 0.001947 0.064359 -0.002004 0.997923
1781254175.855669 0.199536 -0.048427 -0.600840 -0.001405 0.116779 -0.004874 0.993145
1781254176.856559 0.317444 -0.044885 -0.564904 -0.002705 0.088944 -0.003062 0.996028
1781254177.924113 0.426239 -0.039353 -0.412205 -0.002945 0.060971 -0.001778 0.998134
1781254178.991844 0.550157 -0.033657 -0.275015 -0.001067 0.066435 -0.002987 0.997786
1781254180.092892 0.720007 -0.045489 -0.330096 -0.001774 0.141455 -0.007870 0.989912
1781254181.260782 0.758407 -0.067627 -0.597720 -0.005213 0.214954 -0.012184 0.976534
1781254182.429088 0.753538 -0.089117 -0.892658 -0.007111 0.209434 -0.011655 0.977727
1781254183.430438 0.752895 -0.094961 -1.101000 -0.005600 0.131198 -0.008217 0.991306
1781254184.832258 0.997487 -0.100027 -1.105086 -0.007474 0.135856 -0.008840 0.990661
1781254186.200435 1.217851 -0.068402 -0.747635 -0.007294 0.141006 -0.011651 0.989913
1781254187.201789 1.368346 -0.051211 -0.506961 -0.007112 0.069736 -0.008033 0.997508
1781254188.303048 1.597271 -0.047093 -0.395059 -0.007179 0.043608 -0.007249 0.998997
1781254189.404271 1.722976 -0.062519 -0.596705 -0.006093 0.170335 -0.012654 0.985286
1781254190.639352 1.688825 -0.088425 -0.944337 -0.004755 0.178080 -0.010367 0.983950
1781254191.674567 1.797128 -0.075665 -1.122498 0.002777 0.217685 -0.015593 0.975891
1781254192.909364 2.033577 -0.073955 -0.906279 -0.000970 0.255760 -0.016496 0.966599
1781254194.144177 2.245033 -0.055455 -0.602216 0.002089 0.273954 -0.016024 0.961607
1781254195.178759 2.388283 -0.041468 -0.365334 0.002571 0.225724 -0.012376 0.974109
1781254196.179993 2.540403 -0.041446 -0.321285 0.000421 0.169533 -0.011179 0.985461
1781254197.247957 2.695463 -0.059851 -0.509137 -0.000035 0.198146 -0.011100 0.980110
1781254198.316119 2.724959 -0.075593 -0.744474 -0.001996 0.101761 -0.005470 0.994792
1781254199.451157 2.745596 -0.108364 -1.057338 -0.004696 0.077041 -0.005115 0.997004
1781254200.519299 2.957228 -0.116547 -1.089514 -0.004951 0.152570 -0.010894 0.988220
1781254201.520661 3.100500 -0.093560 -0.873840 -0.002838 0.132484 -0.009270 0.991138
1781254202.588772 3.257281 -0.078963 -0.661123 -0.002274 0.079093 -0.007176 0.996839
1781254204.124356 3.512071 -0.079451 -0.724796 0.002361 0.205673 -0.014994 0.978503
1781254205.125767 3.541102 -0.097780 -0.998483 0.002308 0.254101 -0.015537 0.967050
1781254206.527613 3.526009 -0.117294 -1.409471 0.003244 0.271625 -0.016374 0.962258
1781254207.829341 3.812831 -0.119388 -1.362345 0.001511 0.276357 -0.015614 0.960927
1781254208.830633 4.002375 -0.099613 -1.065004 0.004116 0.302643 -0.017166 0.952941
1781254209.865295 4.149532 -0.080632 -0.852040 0.005307 0.367513 -0.021185 0.929762
1781254210.899966 4.145305 -0.084460 -0.891731 0.006772 0.540813 -0.032399 0.840491
1781254212.034767 4.072994 -0.101982 -1.252639 0.010553 0.719534 -0.044310 0.692962
1781254213.036049 3.972556 -0.125530 -1.593560 0.011529 0.861363 -0.053055 0.505080
1781254214.070727 3.858760 -0.140829 -1.765587 0.010752 0.967764 -0.056033 0.245312
1781254215.105547 3.761718 -0.136566 -1.608292 0.013050 0.990848 -0.056404 -0.121934
1781254216.106879 3.768151 -0.115232 -1.301174 0.012706 0.979198 -0.056458 -0.194477
1781254217.141560 3.689879 -0.093873 -1.077361 0.011833 0.964226 -0.057537 -0.258492
1781254218.142853 3.456890 -0.097081 -1.208119 0.014820 0.978352 -0.057991 -0.198105
1781254219.210949 3.278600 -0.108360 -1.464265 0.015337 0.968392 -0.058160 -0.242074
1781254220.245653 3.075285 -0.124054 -1.655310 0.015635 0.979520 -0.057611 -0.192294
1781254221.246967 2.909307 -0.113065 -1.546958 0.016899 0.976077 -0.057507 -0.208998
1781254222.281855 2.912718 -0.093756 -1.257404 0.017112 0.982829 -0.058824 -0.174051
1781254223.319024 2.902483 -0.075315 -0.982337 0.016097 0.987223 -0.058817 -0.147216
1781254224.386866 2.674225 -0.061665 -0.874545 0.014409 0.980235 -0.058590 -0.188412
1781254225.387939 2.500794 -0.065803 -1.008935 0.015566 0.986200 -0.058762 -0.153995
1781254226.422395 2.369222 -0.064800 -1.161618 0.013320 0.993162 -0.060109 -0.099188
1781254227.423515 2.183214 -0.060257 -1.049626 0.012246 0.986768 -0.058413 -0.150751
1781254228.691633 2.008424 -0.082718 -0.715135 0.013211 0.980652 -0.053571 -0.187824
1781254229.826140 1.834715 -0.065188 -0.635028 0.010929 0.986372 -0.054816 -0.154745
1781254230.960682 1.669240 -0.080358 -0.963187 0.012813 0.978454 -0.055497 -0.198454
1781254231.961725 1.507767 -0.098141 -1.353139 0.013285 0.979092 -0.055605 -0.195220
1781254233.129554 1.360654 -0.111187 -1.703905 0.010870 0.990339 -0.059659 -0.124705
1781254234.164454 1.135540 -0.119619 -1.868233 0.008165 0.995408 -0.059644 -0.074417
1781254235.265705 0.932196 -0.117072 -1.814567 0.009004 0.988040 -0.058501 -0.142386
1781254236.300113 0.915087 -0.104540 -1.590859 0.009756 0.986583 -0.058185 -0.152229
1781254237.401311 1.014615 -0.090209 -1.244902 0.010253 0.980020 -0.056224 -0.190511
1781254238.436202 1.093892 -0.071363 -0.938509 0.009542 0.981373 -0.056990 -0.183215
1781254239.872581 1.012491 -0.066275 -0.606543 0.011726 0.971081 -0.053882 -0.232294
1781254240.940576 0.744668 -0.063017 -0.643502 0.008485 0.980063 -0.054438 -0.190894
1781254242.008533 0.602574 -0.071395 -0.996321 0.008027 0.984518 -0.058567 -0.165014
1781254243.009798 0.509888 -0.076621 -1.172698 0.005799 0.992499 -0.059776 -0.106483
1781254244.211343 0.276813 -0.063663 -1.007114 0.007635 0.985138 -0.059608 -0.160907
1781254245.312691 0.120097 -0.055599 -0.787020 0.011535 0.986493 -0.056947 -0.153153
1781254246.480691 0.090789 -0.031684 -0.464869 0.010223 0.987909 -0.055900 -0.144246
1781254247.515239 -0.036205 -0.019761 -0.315711 0.007318 0.973934 -0.056648 -0.219524
1781254248.516419 -0.179362 -0.028049 -0.513541 0.009769 0.968088 -0.055183 -0.244263
1781254249.584453 -0.215756 -0.028125 -0.607112 0.008561 0.866245 -0.052628 -0.496766
1781254250.886331 -0.097456 -0.020072 -0.319728 -0.006588 -0.657245 0.038548 0.752662
1781254251.987823 0.073894 -0.008107 -0.128396 -0.003798 -0.313501 0.018152 0.949407
1781254253.055950 0.299274 -0.034508 -0.265069 -0.004839 -0.033145 0.003018 0.999434
1781254254.190860 0.661039 -0.041924 -0.329778 -0.001799 0.076059 -0.005249 0.997088
1781254255.492710 0.787331 -0.048381 -0.349734 -0.001606 0.142845 -0.009881 0.989694
