1781254294.943020 0.0000000 0.0000000 0.0000000 -0.0000000 -0.0000000 -0.0000000 1.0000000
1781254296.435385 0.0936401 -0.0023722 0.0008043 -0.0005295 -0.0045376 0.0002988 0.9999896
1781254296.568896 0.1191992 -0.0022346 0.0041801 -0.0003448 -0.0017674 -0.0001364 0.9999984
1781254296.902685 0.1860512 -0.0029599 0.0179249 -0.0004958 -0.0076377 -0.0005197 0.9999706
1781254297.269934 0.2768226 -0.0046475 0.0362172 -0.0010577 -0.0165318 -0.0006332 0.9998626
1781254297.670759 0.4019111 -0.0031539 0.0640466 -0.0003341 -0.0349692 0.0000793 0.9993883
1781254298.205263 0.5928512 -0.0073427 0.1016262 -0.0024120 -0.0494806 0.0001988 0.9987722
1781254298.572477 0.7369229 -0.0078025 0.1389292 -0.0035796 -0.0531034 0.0003332 0.9985825
1781254298.906324 0.8658367 -0.0085077 0.1761476 -0.0040539 -0.0537605 0.0004078 0.9985456
1781254299.206780 0.9689134 -0.0072940 0.2126044 -0.0033257 -0.0675600 0.0010778 0.9977091
1781254299.941107 1.2438029 -0.0065583 0.2894703 -0.0011656 -0.0599767 0.0011695 0.9981984
1781254300.642248 1.5397584 -0.0085769 0.3284374 -0.0005686 -0.0067033 -0.0031211 0.9999725
1781254301.810677 2.0808244 -0.0141522 0.3972369 0.0000519 0.0038723 -0.0045292 0.9999822
1781254302.778594 2.5041358 -0.0263971 0.4421943 -0.0018151 0.0216092 -0.0053396 0.9997506
1781254303.612987 2.8200464 -0.0299647 0.4521488 -0.0006110 0.0827795 -0.0105172 0.9965122
1781254304.213724 3.0266702 -0.0350037 0.4012210 0.0022358 0.1880540 -0.0137698 0.9820597
1781254305.348615 3.2952163 -0.0528007 0.1777606 0.0073720 0.4678720 -0.0305246 0.8832383
1781254305.982784 3.3971033 -0.0626881 -0.0288098 0.0109229 0.6164867 -0.0408374 0.7862297
1781254306.650284 3.3944681 -0.0901187 -0.3013599 0.0072110 0.7656161 -0.0506025 0.6412639
1781254307.284408 3.3071055 -0.1037666 -0.5079975 0.0103407 0.8816780 -0.0572601 0.4682501
1781254307.751728 3.1905310 -0.1234663 -0.6380041 0.0112737 0.9344797 -0.0569150 0.3512567
1781254308.085531 3.0918586 -0.1292599 -0.7126257 0.0124028 0.9624778 -0.0582203 0.2647509
1781254308.352554 3.0076113 -0.1311609 -0.7547650 0.0138796 0.9792176 -0.0591634 0.1934942
1781254308.652947 2.9155197 -0.1289013 -0.7912793 0.0149353 0.9915051 -0.0602610 0.1142946
1781254309.353861 2.6595328 -0.1203552 -0.7694272 -0.0173016 -0.9883174 0.0603039 0.1388989
1781254309.854515 2.4884441 -0.1138998 -0.6930493 -0.0166737 -0.9635499 0.0581865 0.2605916
1781254310.388562 2.2992730 -0.1069690 -0.6286314 -0.0158529 -0.9632109 0.0579082 0.2619546
1781254310.855875 2.1256018 -0.1001876 -0.6014583 -0.0157493 -0.9763924 0.0591521 0.2071497
1781254311.289793 1.9740214 -0.0961170 -0.6041564 -0.0154004 -0.9873901 0.0600208 0.1456748
1781254311.690301 1.8323995 -0.0964240 -0.6269879 -0.0147284 -0.9949703 0.0600640 0.0788007
1781254312.090806 1.7013656 -0.0983182 -0.6762137 -0.0135353 -0.9981135 0.0598508 0.0020297
1781254312.524688 1.5689770 -0.1028336 -0.7550969 0.0123031 0.9935022 -0.0601554 0.0958299
1781254313.292327 1.3541627 -0.1117172 -0.9353948 0.0127555 0.9712627 -0.0584667 0.2303644
1781254314.160128 1.2069888 -0.1270314 -1.2029309 0.0110413 0.9214956 -0.0544087 0.3844005
1781254315.061284 1.1555041 -0.1442378 -1.4772048 0.0094726 0.8613860 -0.0519681 0.5051968
1781254316.229441 1.1171052 -0.1542706 -1.6578133 0.0083537 0.8664594 -0.0530063 0.4963555
1781254317.831490 1.0537934 -0.1611716 -1.7397890 0.0108448 0.8940962 -0.0520574 0.4447071
1781254318.398891 0.9426627 -0.1630893 -1.8174260 0.0082625 0.9622877 -0.0595774 0.2653010
1781254319.166505 0.7025327 -0.1623471 -1.8545417 0.0097636 0.9978648 -0.0630031 0.0141785
1781254319.700478 0.5084455 -0.1572648 -1.7952232 -0.0118996 -0.9862025 0.0620937 0.1529952
1781254320.067582 0.3820332 -0.1513380 -1.7342218 -0.0120834 -0.9721603 0.0620255 0.2256350
1781254320.601549 0.2035326 -0.1425639 -1.6305609 -0.0111772 -0.9547193 0.0612692 0.2909163
1781254321.335760 -0.0707185 -0.1288194 -1.4782014 -0.0121903 -0.9403752 0.0606863 0.3344594
1781254321.903136 -0.2694386 -0.1203560 -1.3320445 -0.0131138 -0.9118409 0.0588417 0.4060934
1781254322.604005 -0.4320360 -0.1045687 -1.1508114 -0.0102305 -0.8433487 0.0538379 0.5345651
1781254323.104620 -0.4635516 -0.0921047 -0.9937343 -0.0098751 -0.7403200 0.0478319 0.6704782
1781254323.738790 -0.3764460 -0.0820433 -0.7734855 -0.0107199 -0.5353249 0.0362011 0.8438021
1781254324.639962 -0.0775653 -0.0587113 -0.5183182 -0.0057542 -0.3193741 0.0223692 0.9473472
