1781254294.943020 0.000000000 0.000000000 0.000000000 -0.000000000 -0.000000000 -0.000000000 1.000000000
1781254295.834658 0.005311976 0.000033669 -0.002650176 0.000214572 -0.007087828 0.000408906 0.999974787
1781254295.901400 0.009311205 -0.000618151 -0.003174368 -0.000025940 -0.010170870 0.000292005 0.999948263
1781254296.435385 0.093640074 -0.002372154 0.000804276 -0.000529492 -0.004537643 0.000298798 0.999989569
1781254296.502141 0.104954824 -0.002075716 0.002969333 -0.000459073 -0.003462207 -0.000519269 0.999993801
1781254296.568896 0.119199231 -0.002234585 0.004180079 -0.000344844 -0.001767377 -0.000136381 0.999998391
1781254296.602275 0.125737861 -0.002696741 0.004821575 -0.000622659 -0.001435037 -0.000583585 0.999998629
1781254296.635653 0.131919369 -0.002324047 0.006322788 -0.000427539 -0.001313899 -0.000413397 0.999998987
1781254296.735789 0.151935562 -0.002389260 0.010057782 -0.000363435 -0.002940654 -0.000298450 0.999995649
1781254296.769168 0.158576742 -0.002505017 0.011264574 -0.000360703 -0.003476668 -0.000411415 0.999993801
1781254296.835926 0.171831474 -0.003743696 0.015280128 -0.000863168 -0.005765409 -0.000813117 0.999982655
1781254296.902685 0.186051220 -0.002959852 0.017924938 -0.000495788 -0.007637700 -0.000519675 0.999970555
1781254297.036205 0.215898156 -0.005570708 0.022947947 -0.001518123 -0.009376843 -0.001113148 0.999954283
1781254297.169742 0.249162123 -0.005603684 0.029656911 -0.001463312 -0.012576889 -0.001120289 0.999919236
1781254297.203139 0.258261293 -0.005463695 0.031901199 -0.001586439 -0.013511362 -0.001028608 0.999906957
1781254297.269934 0.276822627 -0.004647548 0.036217161 -0.001057715 -0.016531847 -0.000633233 0.999862611
1781254297.303334 0.286489040 -0.004053625 0.037979394 -0.000854665 -0.017033231 -0.000322477 0.999854565
1781254297.603950 0.379508018 -0.005797761 0.057645302 -0.000724023 -0.032803383 -0.000595779 0.999461472
1781254297.670759 0.401911110 -0.003153863 0.064046569 -0.000334072 -0.034969229 0.000079312 0.999388337
1781254297.704165 0.413026661 -0.003727268 0.065936409 -0.000488197 -0.035581775 0.000061208 0.999366701
1781254297.770979 0.434305340 -0.004622841 0.070022397 -0.001104328 -0.038821872 -0.000202115 0.999245524
1781254297.804387 0.445926100 -0.005199816 0.072607927 -0.001387735 -0.039659455 -0.000332519 0.999212325
1781254297.837796 0.457291931 -0.005718810 0.075350478 -0.001564585 -0.040142301 -0.000123402 0.999192774
1781254297.904614 0.477737695 -0.006217924 0.080905534 -0.001958380 -0.042306457 -0.000645651 0.999102592
1781254297.971435 0.500499487 -0.006005396 0.086160250 -0.002044386 -0.044568628 -0.000720453 0.999004006
1781254298.105086 0.545408309 -0.004430816 0.096205279 -0.001290697 -0.045235272 -0.001387418 0.998974621
1781254298.205263 0.592851222 -0.007342728 0.101626165 -0.002412014 -0.049480580 0.000198767 0.998772204
1781254298.272028 0.618246615 -0.006293452 0.107210852 -0.002485479 -0.051008698 -0.000076045 0.998695135
1781254298.338793 0.642674387 -0.005953937 0.113864101 -0.002508821 -0.051281992 -0.000109555 0.998681068
1781254298.405560 0.669336438 -0.007098889 0.119628057 -0.002580203 -0.050936203 0.000122418 0.998698592
1781254298.438943 0.684427083 -0.007823228 0.123696901 -0.003292647 -0.052221216 0.000494165 0.998630106
1781254298.539093 0.722298086 -0.006897340 0.134044647 -0.002851806 -0.053494442 0.000681278 0.998563826
1781254298.572477 0.736922920 -0.007802504 0.138929248 -0.003579642 -0.053103380 0.000333221 0.998582542
1781254298.605861 0.751266956 -0.007624703 0.142859742 -0.003254081 -0.052406006 0.000846922 0.998620212
1781254298.639245 0.764359713 -0.007410004 0.146662533 -0.003356615 -0.052333083 0.000165489 0.998624027
1781254298.706015 0.790405214 -0.007347113 0.153624475 -0.003420850 -0.052218463 0.000467610 0.998629749
1781254298.739399 0.801251233 -0.007010320 0.157479033 -0.003379758 -0.051747970 0.000555913 0.998654366
1781254298.772784 0.813729525 -0.007772633 0.160157591 -0.004010083 -0.051901683 0.000267349 0.998644114
1781254298.839554 0.838789284 -0.007739179 0.167924196 -0.003773974 -0.052080911 0.000373726 0.998635709
1781254298.906324 0.865836680 -0.008507687 0.176147595 -0.004053900 -0.053760480 0.000407799 0.998545587
1781254298.939709 0.878256083 -0.009127486 0.179563046 -0.004221733 -0.054916158 0.000475996 0.998481929
1781254298.973095 0.888462901 -0.008728305 0.183588579 -0.004245066 -0.055076264 0.000309623 0.998473167
1781254299.006480 0.899933815 -0.009306045 0.187240601 -0.004055246 -0.054308165 0.000286372 0.998516023
1781254299.039866 0.910831094 -0.008555580 0.190471008 -0.003706717 -0.055389475 0.000130407 0.998457968
1781254299.073252 0.921066165 -0.009275606 0.194318786 -0.003974407 -0.057687528 0.000103820 0.998326838
1781254299.140024 0.945558786 -0.007057585 0.204339504 -0.003257195 -0.062283888 0.000754227 0.998052835
1781254299.206780 0.968913376 -0.007293960 0.212604359 -0.003325723 -0.067560010 0.001077847 0.997709095
1781254299.306915 1.002673864 -0.006535162 0.224592015 -0.002344360 -0.072723158 0.001756400 0.997347891
1781254299.473807 1.060047030 -0.006248969 0.246562123 -0.002202467 -0.081393510 0.002375592 0.996676803
1781254299.607321 1.107575417 -0.005953578 0.262415469 -0.001974994 -0.081081972 0.002165264 0.996703148
1781254299.707456 1.146797061 -0.004920146 0.272374451 -0.001311705 -0.076071985 0.002293146 0.997098863
1781254299.774213 1.172978640 -0.006279346 0.276495069 -0.001742383 -0.069669500 0.002160445 0.997566283
1781254299.874349 1.214811683 -0.003961087 0.285777211 -0.000675266 -0.062269449 0.001613768 0.998057902
1781254299.941107 1.243802905 -0.006558296 0.289470345 -0.001165605 -0.059976690 0.001169495 0.998198450
1781254300.074622 1.296066165 -0.007602873 0.296759129 -0.000844584 -0.049748465 0.000486478 0.998761296
1781254300.174770 1.337774038 -0.006769834 0.303815782 -0.000023921 -0.040772114 0.000078468 0.999168456
1781254300.274939 1.380701065 -0.005198841 0.312202156 0.000327702 -0.034832437 -0.000703571 0.999392927
1781254300.308330 1.393824577 -0.007052388 0.312181860 -0.000001186 -0.030242363 -0.001044205 0.999542058
1781254300.375111 1.423942447 -0.006513335 0.316732168 -0.000158480 -0.027154362 -0.001330041 0.999630392
1781254300.408502 1.437245488 -0.009595013 0.315946758 -0.001053785 -0.023724444 -0.001208390 0.999717295
1781254300.508677 1.477441430 -0.008050616 0.323125839 -0.000262951 -0.014569552 -0.001746102 0.999892354
1781254300.575462 1.509773731 -0.008004164 0.326544523 -0.000643238 -0.012448491 -0.002343787 0.999919593
1781254300.642248 1.539758444 -0.008576904 0.328437328 -0.000568597 -0.006703317 -0.003121051 0.999972522
1781254300.742428 1.583747506 -0.010251608 0.331671715 -0.001219826 -0.001176660 -0.003909959 0.999990940
1781254300.809218 1.614133477 -0.009705275 0.336098939 -0.001005040 0.004226695 -0.004870554 0.999978721
1781254300.876007 1.646949291 -0.012179732 0.336888134 -0.001687712 0.006568902 -0.004979433 0.999964595
1781254300.909402 1.663645506 -0.010940541 0.340413988 -0.001467243 0.006456563 -0.005003980 0.999965608
1781254300.942798 1.678146958 -0.010104134 0.343099952 -0.000748516 0.008473977 -0.005460714 0.999948978
1781254301.009589 1.709871173 -0.011337881 0.346246928 -0.000897424 0.013308888 -0.006132598 0.999892294
1781254301.042985 1.724128962 -0.008577447 0.351678759 0.000304390 0.014580013 -0.005924396 0.999876201
1781254301.109779 1.755138397 -0.010382771 0.354466975 -0.000239594 0.011485771 -0.005543914 0.999918640
1781254301.143175 1.767843127 -0.008576551 0.358250797 0.000152461 0.012297678 -0.006578902 0.999902725
1781254301.176550 1.782840490 -0.007458271 0.361171037 0.000880553 0.013962840 -0.007071891 0.999877155
1781254301.243301 1.811486721 -0.009223489 0.363794923 0.000380264 0.014396907 -0.007011704 0.999871731
1781254301.276676 1.826258779 -0.006811636 0.368758440 0.001306378 0.012775796 -0.006601771 0.999895811
1781254301.310052 1.840895295 -0.013230360 0.366294891 -0.000928296 0.014210395 -0.008394144 0.999863446
1781254301.343427 1.855865002 -0.013139734 0.367399275 -0.000455207 0.013777068 -0.007554057 0.999876499
1781254301.376802 1.869095683 -0.010943574 0.371648639 0.000168232 0.012673725 -0.008132768 0.999886632
1781254301.410177 1.883602500 -0.010815744 0.373956621 0.000649013 0.011482966 -0.007575737 0.999905229
1781254301.443552 1.896121860 -0.009169640 0.376839042 0.001319632 0.011938323 -0.007404781 0.999900460
1781254301.510303 1.929334760 -0.012846526 0.376304746 0.000233914 0.013047936 -0.008066083 0.999882400
1781254301.577054 1.955546737 -0.003270028 0.388740838 0.003808785 0.011379755 -0.006655897 0.999905884
1781254301.643803 1.984447718 -0.004490192 0.392336458 0.003245382 0.012625935 -0.005613046 0.999899328
1781254301.677178 2.006061792 -0.010146182 0.390509665 0.001274187 0.007942813 -0.005812726 0.999950767
1781254301.743927 2.037939787 -0.008908305 0.397557706 0.002095377 0.008347989 -0.006788065 0.999939978
1781254301.777302 2.052400112 -0.012716986 0.397186130 0.000702645 0.009463323 -0.007091564 0.999929845
1781254301.810677 2.080824137 -0.014152170 0.397236854 0.000051888 0.003872304 -0.004529180 0.999982238
1781254301.844051 2.095643044 -0.013979623 0.399904907 0.000068413 0.003323712 -0.004735575 0.999983311
1781254301.910800 2.122818708 -0.014157645 0.404482067 -0.000073785 0.002487503 -0.004968956 0.999984622
1781254301.944175 2.138826847 -0.013998670 0.407476991 -0.000158573 0.003226755 -0.005031803 0.999982119
1781254301.977549 2.152754545 -0.013473259 0.410018086 0.000155463 0.003086815 -0.004948674 0.999983013
1781254302.010924 2.168045998 -0.014120607 0.411598623 -0.000233426 0.000537299 -0.005156932 0.999986529
1781254302.077672 2.195599318 -0.013323521 0.417729020 0.000656428 0.003080828 -0.004965725 0.999982715
1781254302.111047 2.210173607 -0.013274737 0.420521766 0.000592768 0.002020317 -0.004912242 0.999985754
1781254302.144421 2.225323200 -0.013154095 0.422283411 0.000771442 0.000389866 -0.004703938 0.999988556
1781254302.177798 2.237756014 -0.012823387 0.424013913 0.000873876 0.000471834 -0.005429952 0.999984801
1781254302.211177 2.254660368 -0.014102670 0.425898820 0.000518636 0.001103294 -0.005539446 0.999983966
1781254302.244555 2.264382601 -0.012700004 0.427582800 0.001377493 0.003701143 -0.005720307 0.999975920
1781254302.277932 2.279341459 -0.015764171 0.427626193 0.000063947 0.002571044 -0.005960095 0.999978960
1781254302.311309 2.291315079 -0.013581990 0.429117709 0.001062246 0.004238117 -0.006378174 0.999970138
1781254302.344687 2.308589458 -0.018326437 0.426176071 -0.000791183 0.005742738 -0.005493394 0.999968112
1781254302.378064 2.321887016 -0.014260999 0.431604475 0.001755749 0.007223932 -0.006432745 0.999951720
1781254302.444819 2.348988771 -0.016965428 0.430821508 0.000752131 0.008679991 -0.005667257 0.999945998
1781254302.478197 2.368940115 -0.015712146 0.431445956 0.001188672 0.008274863 -0.005055738 0.999952316
1781254302.511574 2.384814262 -0.013941595 0.436278820 0.001992184 0.009112556 -0.005334015 0.999942303
1781254302.544951 2.393416166 -0.011446294 0.440427214 0.003557582 0.012975984 -0.005276191 0.999895632
1781254302.578329 2.410990000 -0.015277658 0.439491183 0.001883294 0.011326750 -0.006055932 0.999915779
1781254302.611706 2.427799702 -0.011663092 0.442457438 0.002917949 0.012391640 -0.004778292 0.999907613
1781254302.645084 2.443190575 -0.015504943 0.440914452 0.001857565 0.015700901 -0.005553822 0.999859631
1781254302.678461 2.443893671 -0.005581072 0.450388819 0.006073400 0.021424290 -0.004935813 0.999739885
1781254302.711839 2.457865477 -0.012474814 0.446161449 0.003728168 0.022137588 -0.005409461 0.999733388
1781254302.745216 2.468347311 -0.017928518 0.443982452 0.001491560 0.025593124 -0.005876116 0.999654055
1781254302.778594 2.504135609 -0.026397133 0.442194343 -0.001815072 0.021609180 -0.005339554 0.999750614
1781254302.811971 2.518204689 -0.025892537 0.444406569 -0.001539152 0.023465313 -0.005747877 0.999706984
1781254302.845348 2.532400131 -0.025048912 0.445573360 -0.001145880 0.024476590 -0.006432795 0.999679089
1781254302.878726 2.545340538 -0.025516029 0.446747005 -0.001622325 0.027196467 -0.006454424 0.999607980
1781254302.912104 2.559146404 -0.026810678 0.446800590 -0.001882048 0.030480720 -0.006695166 0.999511182
1781254302.978859 2.585323572 -0.023202294 0.451201707 0.000101690 0.034934800 -0.007753706 0.999359488
1781254303.012236 2.598792791 -0.026242627 0.449469268 -0.001363205 0.037343565 -0.007548530 0.999273062
1781254303.045614 2.611471415 -0.027848395 0.449767530 -0.001603131 0.040353708 -0.007839305 0.999153435
1781254303.078991 2.624474764 -0.025793403 0.451430291 -0.000274678 0.041986462 -0.008508992 0.999081969
1781254303.112368 2.636722803 -0.026976235 0.450869411 -0.000959162 0.043348975 -0.008316754 0.999024928
1781254303.145746 2.649226189 -0.026937157 0.452821940 -0.000446401 0.044922791 -0.008543361 0.998953938
1781254303.179120 2.659850359 -0.026856724 0.452945083 -0.000218047 0.046943508 -0.009029419 0.998856723
1781254303.212495 2.671502590 -0.028120881 0.452311933 -0.000683871 0.048951168 -0.008978220 0.998760581
1781254303.245869 2.683388710 -0.027337713 0.454027325 -0.000485823 0.049564011 -0.009040346 0.998729944
1781254303.279244 2.695451260 -0.025155991 0.455500603 0.000892895 0.050767832 -0.009568857 0.998664320
1781254303.312618 2.706007719 -0.027036732 0.455000281 -0.000402246 0.053223267 -0.009203925 0.998540223
1781254303.345993 2.720307827 -0.027791478 0.455330282 -0.000711645 0.055531800 -0.008967317 0.998416483
1781254303.379367 2.734090805 -0.031121718 0.453930467 -0.001959070 0.056986447 -0.009289247 0.998329878
1781254303.412741 2.742831469 -0.028931286 0.455656230 -0.001187481 0.059344143 -0.008977451 0.998196483
1781254303.446115 2.755419731 -0.028188882 0.456152797 -0.000693365 0.063348450 -0.009354367 0.997947454
1781254303.479490 2.766933441 -0.030364916 0.454542011 -0.001672343 0.066901848 -0.009013144 0.997717559
1781254303.512864 2.778239727 -0.027447050 0.455839247 -0.000167633 0.071038984 -0.009752835 0.997425854
1781254303.546238 2.791295767 -0.028189817 0.454500467 -0.000186788 0.075007938 -0.009852154 0.997134268
1781254303.579612 2.803867579 -0.028553080 0.454144776 -0.000325073 0.079239063 -0.009501265 0.996810377
1781254303.612987 2.820046425 -0.029964723 0.452148825 -0.000611023 0.082779534 -0.010517222 0.996512234
1781254303.646361 2.831644535 -0.030385327 0.451264977 -0.001024138 0.088334270 -0.010955427 0.996030152
1781254303.679735 2.844454050 -0.030983670 0.448763490 -0.000927144 0.094168909 -0.011242331 0.995492399
1781254303.713109 2.857520580 -0.031604834 0.446258038 -0.000852558 0.098618641 -0.010991583 0.995064259
1781254303.746483 2.869683266 -0.031450730 0.444858938 -0.000591113 0.103983112 -0.011147647 0.994516432
1781254303.779857 2.882730961 -0.031820457 0.442728430 -0.000312153 0.110394590 -0.011157488 0.993825197
1781254303.879978 2.918121815 -0.034215841 0.434433579 -0.000721955 0.125769213 -0.011596481 0.991991580
1781254303.980099 2.950531721 -0.036029976 0.426909864 -0.000884890 0.143384680 -0.013063219 0.989580452
1781254304.046846 2.972739935 -0.038701147 0.418658197 -0.001200129 0.154500946 -0.014092120 0.987891436
1781254304.146966 3.001405478 -0.042477615 0.409759045 -0.002652559 0.176439777 -0.016673591 0.984166682
1781254304.213724 3.026670456 -0.035003703 0.401221037 0.002235790 0.188053980 -0.013769804 0.982059658
1781254304.280483 3.045062065 -0.036846414 0.392999113 0.002062000 0.202625811 -0.014558801 0.979145885
1781254304.380622 3.071799755 -0.041046485 0.378688365 0.001569752 0.222666070 -0.015735658 0.974766493
1781254304.414001 3.082146168 -0.040055860 0.372784197 0.002297652 0.228418827 -0.015645096 0.973434567
1781254304.447381 3.092688322 -0.039689951 0.367644429 0.003203264 0.235935166 -0.015659904 0.971637368
1781254304.547519 3.119581699 -0.041037589 0.351038933 0.004238893 0.257907093 -0.016325649 0.966022491
1781254304.614278 3.135231733 -0.043006811 0.340720743 0.003801279 0.272555232 -0.017675359 0.961970270
1781254304.647657 3.143653154 -0.043174267 0.334228933 0.004171037 0.281163633 -0.017864978 0.959484518
1781254304.681037 3.152907133 -0.044590980 0.326693714 0.003885781 0.287072748 -0.017850842 0.957734585
1781254304.747795 3.169689894 -0.045471571 0.315924168 0.004451822 0.303161949 -0.019127196 0.952736735
1781254304.781175 3.176278830 -0.045407660 0.309516728 0.004930338 0.311040968 -0.018758301 0.950198591
1781254304.847934 3.190070152 -0.045640841 0.295261443 0.005289227 0.328490704 -0.020373521 0.944272637
1781254304.948073 3.217180252 -0.046332631 0.274478137 0.006094583 0.355490953 -0.021782910 0.934405982
1781254305.014833 3.235966682 -0.047709033 0.256217241 0.005938333 0.372114360 -0.022415256 0.927897274
1781254305.081592 3.238443136 -0.050079726 0.243851006 0.006170511 0.394227773 -0.022524212 0.918716013
1781254305.181729 3.250806808 -0.047205746 0.227947354 0.007343445 0.424012154 -0.025854349 0.905257642
1781254305.215106 3.254480362 -0.052621331 0.224899650 0.006147833 0.435349137 -0.026595734 0.899847806
1781254305.248483 3.258579254 -0.058641557 0.208184838 0.004531980 0.444012105 -0.027369130 0.895591319
1781254305.348615 3.295215845 -0.052800648 0.177760482 0.007371989 0.467871964 -0.030524567 0.883238256
1781254305.415370 3.305734873 -0.055078734 0.160638452 0.007309788 0.484188735 -0.031491347 0.874366164
1781254305.582256 3.334889889 -0.056572288 0.111021280 0.008319045 0.522771597 -0.033718109 0.851765096
1781254305.615633 3.337090015 -0.059396487 0.102441788 0.008154539 0.531695008 -0.033942398 0.846216202
1781254305.715766 3.356077909 -0.059031602 0.071188450 0.009110941 0.555055141 -0.035731912 0.830995858
1781254305.815897 3.370159626 -0.062093154 0.037732840 0.009306065 0.579486728 -0.036794614 0.814097524
1781254305.882652 3.372641087 -0.064424708 0.017740965 0.009346069 0.596873641 -0.037945069 0.801383078
1781254305.982784 3.397103071 -0.062688075 -0.028809547 0.010922899 0.616486669 -0.040837362 0.786229730
1781254306.049538 3.402615786 -0.062585689 -0.050783157 0.011733969 0.634925425 -0.041900072 0.771347225
1781254306.116292 3.407956600 -0.065412790 -0.076007843 0.011631231 0.649340510 -0.043095324 0.759186745
1781254306.216418 3.414057016 -0.064326018 -0.116515875 0.013128110 0.672003746 -0.045499932 0.739032149
1781254306.316541 3.417226315 -0.064770579 -0.152015686 0.013848729 0.694695830 -0.047398787 0.717606723
1781254306.349916 3.414170504 -0.074798092 -0.170644045 0.011300058 0.702060878 -0.046113946 0.710532486
1781254306.383290 3.416130781 -0.074338451 -0.185173988 0.011789493 0.709189236 -0.047290631 0.703331649
1781254306.416665 3.415172100 -0.075456858 -0.192707300 0.011503879 0.717266858 -0.047644448 0.695072651
1781254306.650284 3.394466877 -0.090118662 -0.301359653 0.007211032 0.765616119 -0.050602488 0.641263902
1781254306.717031 3.257687330 -0.138031170 -0.601501226 0.010991732 0.765884817 -0.035624620 0.641896129
1781254306.717031 3.257687330 -0.138031170 -0.601501226 0.010991732 0.765884817 -0.035624620 0.641896129
1781254306.717031 3.257687330 -0.138031170 -0.601501226 0.010991732 0.765884817 -0.035624620 0.641896129
1781254306.717031 3.257687330 -0.138031170 -0.601501226 0.010991732 0.765884817 -0.035624620 0.641896129
1781254306.717031 3.257687330 -0.138031170 -0.601501226 0.010991732 0.765884817 -0.035624620 0.641896129
1781254306.883900 3.375368118 -0.094164163 -0.379429817 0.008160595 0.816633880 -0.054788448 0.574491799
1781254306.950647 3.366511345 -0.094813868 -0.400694370 0.008286789 0.830643356 -0.056588084 0.553859830
1781254306.984021 3.362131834 -0.094749331 -0.412807941 0.008796021 0.837143838 -0.056844093 0.543950140
1781254307.017394 3.355835915 -0.097669601 -0.422949791 0.008057330 0.842324257 -0.056477152 0.535943329
1781254307.050768 3.349751472 -0.099818543 -0.433081627 0.007857958 0.846868575 -0.056362908 0.528748751
1781254307.084141 3.344381809 -0.101380438 -0.445694923 0.007292329 0.851868272 -0.056853745 0.520610154
1781254307.117515 3.339900017 -0.099329591 -0.454169273 0.008644084 0.858179808 -0.057722233 0.510020554
1781254307.150889 3.335222244 -0.101141945 -0.462756157 0.008578806 0.864017487 -0.058060050 0.500029206
1781254307.184268 3.325440645 -0.103400946 -0.474445343 0.007752035 0.868150115 -0.058334891 0.492800593
1781254307.251028 3.317958832 -0.101891145 -0.492255211 0.008698535 0.877819777 -0.058778755 0.475291520
1781254307.284408 3.307106018 -0.103766546 -0.507997513 0.010340743 0.881678045 -0.057260104 0.468250096
1781254307.317788 3.300087690 -0.106608748 -0.517971516 0.009941068 0.886383593 -0.056990795 0.459322780
1781254307.417927 3.278320789 -0.106464937 -0.547390461 0.011312086 0.899591267 -0.058004376 0.432716131
1781254307.484687 3.259869337 -0.108752742 -0.568507671 0.011433683 0.907380700 -0.058401030 0.416075647
1781254307.551447 3.244537830 -0.109959483 -0.586315632 0.011761351 0.915811777 -0.058610719 0.397133797
1781254307.584827 3.235949039 -0.111463681 -0.596732616 0.012097402 0.918991148 -0.058436476 0.389736056
1781254307.618207 3.227219105 -0.115445703 -0.599899769 0.010350919 0.922620595 -0.058422588 0.381118089
1781254307.651587 3.216146946 -0.116516784 -0.613399029 0.010435146 0.925297618 -0.058395822 0.374573678
1781254307.751728 3.190529823 -0.123466328 -0.638003826 0.011273716 0.934479713 -0.056915022 0.351256669
1781254307.818489 3.169697523 -0.124180675 -0.655389071 0.012285935 0.941077232 -0.057233617 0.333087057
1781254307.885250 3.150492191 -0.124885976 -0.676098585 0.011835792 0.946697772 -0.058364261 0.316570431
1781254307.952010 3.137887001 -0.122163162 -0.686923504 0.012448899 0.952162325 -0.058850169 0.299614251
1781254308.018771 3.112189531 -0.122554138 -0.707853079 0.013211838 0.957200408 -0.059505045 0.282934755
1781254308.085531 3.091858387 -0.129259914 -0.712625265 0.012402793 0.962477803 -0.058220331 0.264750928
1781254308.118912 3.084759712 -0.129141465 -0.718761444 0.012511510 0.964850962 -0.058343008 0.255934238
1781254308.152292 3.077173233 -0.130656868 -0.721280575 0.012328361 0.967284858 -0.058481421 0.246552378
1781254308.185669 3.069930553 -0.126758993 -0.728528500 0.012941415 0.969634056 -0.059412785 0.236880928
1781254308.252423 3.041634560 -0.135017097 -0.738470554 0.012246239 0.974043667 -0.058169916 0.218415737
1781254308.352554 3.007609844 -0.131160885 -0.754764557 0.013879594 0.979217589 -0.059163429 0.193494231
1781254308.552816 2.947249413 -0.129611105 -0.777645588 0.014873629 0.987724066 -0.060044665 0.143438712
1781254308.652947 2.915519953 -0.128901273 -0.791279554 0.014935300 0.991505086 -0.060261011 0.114294633
1781254308.753077 2.882515192 -0.129056022 -0.792687774 0.015144264 0.994750559 -0.060344718 0.081244513
1781254308.853208 2.844281673 -0.127911404 -0.794972897 0.016081223 0.997055411 -0.060497448 0.044295490
1781254308.986715 2.802417278 -0.129659042 -0.789537251 -0.015332213 -0.998049259 0.059933677 0.008402797
1781254309.053468 2.776740789 -0.131150872 -0.781855583 -0.014304095 -0.997511685 0.059540339 0.034941990
1781254309.153599 2.737632513 -0.126309156 -0.780075788 -0.015653908 -0.995543003 0.060301807 0.070801787
1781254309.186975 2.734310865 -0.125267982 -0.781924844 -0.015583044 -0.994344354 0.060503855 0.085882418
1781254309.220354 2.713308334 -0.125882700 -0.774656355 -0.017130028 -0.993578553 0.059698656 0.094574809
1781254309.253731 2.701564312 -0.130792513 -0.762953877 -0.016790565 -0.992438555 0.058496363 0.106592692
1781254309.287107 2.687788248 -0.127185687 -0.765728295 -0.017254634 -0.991156340 0.059281185 0.117461406
1781254309.320484 2.680511236 -0.127190083 -0.761015177 -0.016852511 -0.989490092 0.059111249 0.130886361
1781254309.353861 2.659532547 -0.120355234 -0.769427121 -0.017301586 -0.988317370 0.060303878 0.138898939
1781254309.387238 2.654540777 -0.120863967 -0.763094008 -0.017267639 -0.986852348 0.059707068 0.149195999
1781254309.420615 2.651484966 -0.121947750 -0.757018209 -0.016797952 -0.984840572 0.059692826 0.161999226
1781254309.520746 2.609276295 -0.120039880 -0.746758461 -0.018005978 -0.979828775 0.059172928 0.190026507
1781254309.654254 2.566650629 -0.116351761 -0.729390442 -0.015128396 -0.972932279 0.058698624 0.222998962
1781254309.787761 2.515980721 -0.119804107 -0.690369487 -0.015488493 -0.966588140 0.057223838 0.249385178
1781254309.854515 2.488444328 -0.113899797 -0.693049431 -0.016673712 -0.963549912 0.058186498 0.260591596
1781254309.988024 2.441650391 -0.111146882 -0.673560858 -0.016546085 -0.959859014 0.057958882 0.273930371
1781254310.121531 2.395187378 -0.110616803 -0.656472564 -0.015518115 -0.959784865 0.057077836 0.274434805
1781254310.221667 2.358993292 -0.109133273 -0.644788146 -0.015682440 -0.961347222 0.057259820 0.268862337
1781254310.288425 2.335074902 -0.108131066 -0.637000442 -0.016165607 -0.961924374 0.057842448 0.266635627
1781254310.321804 2.324493408 -0.108554535 -0.633887649 -0.015418863 -0.962596297 0.057328533 0.264355958
1781254310.388562 2.299273491 -0.106969021 -0.628631473 -0.015852856 -0.963210881 0.057908181 0.261954576
1781254310.421942 2.286377907 -0.105153099 -0.626521230 -0.015887385 -0.963898778 0.058161188 0.259353131
1781254310.488700 2.261992455 -0.105195411 -0.619625211 -0.015752167 -0.965351701 0.058002934 0.253936321
1781254310.555459 2.236335278 -0.103667937 -0.614225507 -0.015624156 -0.967425585 0.058614321 0.245780468
1781254310.588838 2.224414587 -0.104400761 -0.611692727 -0.015564329 -0.968608856 0.058141671 0.241193622
1781254310.622219 2.211514473 -0.104119815 -0.609266341 -0.015893012 -0.969320655 0.058036979 0.238320589
1781254310.722357 2.172614336 -0.102486342 -0.603655398 -0.015654273 -0.972331524 0.058461167 0.225629374
1781254310.789116 2.146996975 -0.100835524 -0.603531778 -0.015749602 -0.974251688 0.058913384 0.217059627
1781254310.855875 2.125601530 -0.100187570 -0.601458371 -0.015749333 -0.976392388 0.059152100 0.207149684
1781254310.922634 2.099957466 -0.100273073 -0.601251483 -0.015289010 -0.978444219 0.058687132 0.197405562
1781254310.956013 2.089414120 -0.098888427 -0.599678636 -0.015799688 -0.979015708 0.059257589 0.194337577
1781254311.056152 2.053466320 -0.098647028 -0.598754227 -0.015736749 -0.981849313 0.058738183 0.179650262
1781254311.089531 2.041652679 -0.098019034 -0.598864675 -0.015646828 -0.982681870 0.059272476 0.174866736
1781254311.156291 2.018218994 -0.097425088 -0.599072576 -0.015645219 -0.984621406 0.059177257 0.163627967
1781254311.289793 1.974021435 -0.096116975 -0.604156435 -0.015400400 -0.987390101 0.060020804 0.145674840
1781254311.423297 1.925159454 -0.095196359 -0.611065269 -0.015224395 -0.990576029 0.059830882 0.122260995
1781254311.556799 1.877719402 -0.095657259 -0.620402455 -0.014766663 -0.993024647 0.059714515 0.100589514
1781254311.690301 1.832399368 -0.096423961 -0.626987815 -0.014728446 -0.994970322 0.060063958 0.078800738
1781254311.790427 1.799022913 -0.096381895 -0.637441397 -0.014468452 -0.996123731 0.059806298 0.062859945
1781254311.990680 1.733091831 -0.097659372 -0.664255023 -0.013465923 -0.997862637 0.059429955 0.023599716
1781254312.090806 1.701365829 -0.098318227 -0.676213682 -0.013535300 -0.998113513 0.059850838 0.002029656
1781254312.190932 1.669045448 -0.099354744 -0.692881107 -0.013289828 -0.997887433 0.060295504 -0.020215685
1781254312.324435 1.626647949 -0.100164875 -0.716907024 -0.013108783 -0.996806800 0.059926149 -0.051121283
1781254312.424561 1.597090006 -0.100797698 -0.737150192 -0.012487835 -0.995456159 0.060253743 -0.072668344
1781254312.524688 1.568976998 -0.102833644 -0.755096674 0.012303104 0.993502200 -0.060155414 0.095829926
1781254312.624814 1.539151192 -0.104156792 -0.776762843 0.012135481 0.991075754 -0.060286324 0.118267305
1781254312.691565 1.521792412 -0.104974844 -0.792391896 0.012056324 0.989409268 -0.060255900 0.131503925
1781254312.758316 1.499429464 -0.106653459 -0.806453586 0.011973487 0.987420678 -0.060100131 0.145756736
1781254312.858442 1.470974326 -0.105970457 -0.830659032 0.011993631 0.984471977 -0.060521815 0.164342061
1781254312.991943 1.432879686 -0.105652705 -0.864486098 0.012146914 0.980505645 -0.060890056 0.186423391
1781254313.058694 1.414194226 -0.104510985 -0.875164032 0.011689020 0.978581548 -0.060812369 0.196324676
1781254313.158819 1.388266325 -0.105060197 -0.900359273 0.011649388 0.975746512 -0.060745485 0.209983304
1781254313.258950 1.363584638 -0.111820407 -0.927586675 0.011635960 0.972687662 -0.059494168 0.224062219
1781254313.292327 1.354162812 -0.111717165 -0.935394883 0.012755465 0.971262693 -0.058466744 0.230364352
1781254313.325704 1.346761703 -0.112468913 -0.944526196 0.012437041 0.969808280 -0.058431882 0.236438215
1781254313.492590 1.308866143 -0.115690351 -0.994299769 0.012744016 0.962643981 -0.057747636 0.264233798
1781254313.559344 1.293112993 -0.116491221 -1.016340494 0.012690997 0.959279478 -0.057115018 0.276332736
1781254313.592721 1.286897182 -0.114632480 -1.027238488 0.012454174 0.957789421 -0.057774808 0.281329751
1781254313.726228 1.260654330 -0.117825523 -1.071885586 0.012016488 0.950782180 -0.056742601 0.304383397
1781254313.792982 1.249544978 -0.118472189 -1.092479467 0.011926442 0.947276115 -0.056251060 0.315216780
1781254313.826359 1.243850946 -0.119404897 -1.104024529 0.011827008 0.945065796 -0.056568906 0.321730912
1781254313.959866 1.228633404 -0.124710150 -1.137842536 0.011608006 0.936309576 -0.054727904 0.346690804
1781254314.059997 1.220248938 -0.126594409 -1.165588140 0.010376958 0.929188192 -0.054821711 0.365371466
1781254314.160128 1.206988811 -0.127031371 -1.202931285 0.011041261 0.921495557 -0.054408740 0.384400547
1781254314.260257 1.197962165 -0.128298789 -1.231192470 0.010475272 0.914471328 -0.054174203 0.400871009
1781254314.360385 1.187826157 -0.130244583 -1.260444045 0.009921956 0.907143831 -0.054064307 0.417215377
1781254314.460514 1.181972265 -0.132816136 -1.290453792 0.010280485 0.899833798 -0.053315230 0.432840526
1781254314.594018 1.176502228 -0.133765638 -1.329306006 0.010122939 0.888734460 -0.053542465 0.455172390
1781254314.727522 1.174652696 -0.132286295 -1.367351055 0.009647773 0.878066480 -0.054120496 0.475370675
1781254314.794275 1.171523809 -0.134567931 -1.385742664 0.009345317 0.873057842 -0.053307857 0.484604001
1781254314.861028 1.170022488 -0.136663899 -1.407523632 0.009528358 0.868735552 -0.052977845 0.492342472
1781254314.894404 1.165615559 -0.140333101 -1.416736364 0.009576932 0.867398739 -0.052067924 0.494789660
1781254314.927780 1.163224936 -0.140345797 -1.426489234 0.009132578 0.865787625 -0.052330233 0.497584224
1781254314.994532 1.158927441 -0.141754702 -1.447914600 0.009943057 0.863868237 -0.051607709 0.500968575
1781254315.061284 1.155503750 -0.144237801 -1.477204680 0.009472564 0.861386001 -0.051968087 0.505196750
1781254315.094660 1.153814316 -0.144633815 -1.486105561 0.009481581 0.861093283 -0.051956542 0.505696595
1781254315.128036 1.153355956 -0.141868740 -1.496986985 0.010430819 0.861289740 -0.052799646 0.505255938
1781254315.161412 1.149761677 -0.142082140 -1.506847978 0.010667634 0.861092329 -0.052627251 0.505605280
1781254315.194788 1.147109866 -0.142801911 -1.519793391 0.010439399 0.860669613 -0.052945107 0.506296098
1781254315.261540 1.142940402 -0.145715579 -1.540116906 0.010227038 0.860857010 -0.052215889 0.506057441
1781254315.294916 1.141015768 -0.145776451 -1.555867076 0.010395953 0.860637188 -0.052115873 0.506438076
1781254315.361668 1.134925365 -0.147580117 -1.577088475 0.010887509 0.861640334 -0.052238919 0.504706442
1781254315.395044 1.130377769 -0.145892084 -1.588362336 0.010600531 0.861888468 -0.052629873 0.504248023
1781254315.428420 1.127109885 -0.148555830 -1.604401946 0.010949003 0.862988472 -0.052541748 0.502364874
1781254315.461796 1.124350905 -0.148705706 -1.613970518 0.010867874 0.864396811 -0.052503549 0.499943435
1781254315.495172 1.122659326 -0.150107831 -1.626484990 0.010602310 0.865444660 -0.052973505 0.498083293
1781254315.528548 1.119281769 -0.151453912 -1.632989883 0.011048578 0.865784645 -0.052872289 0.497493118
1781254315.561924 1.122551203 -0.150169596 -1.641052604 0.010544555 0.866162121 -0.053449295 0.496784836
1781254315.595300 1.118669391 -0.154497281 -1.635914445 0.009366721 0.867798090 -0.052865934 0.494008124
1781254315.628676 1.117009401 -0.156571433 -1.638662934 0.010595658 0.868258834 -0.052206751 0.493243217
1781254315.695428 1.116861224 -0.152788505 -1.651444674 0.010749145 0.866951525 -0.052627850 0.495489538
1781254315.728804 1.120652199 -0.151261985 -1.654078841 0.011151636 0.866954029 -0.052875873 0.495449841
1781254315.762180 1.120130777 -0.152866721 -1.651227236 0.010460411 0.867502570 -0.052887984 0.494502515
1781254315.828932 1.119080305 -0.154267728 -1.651292801 0.011066875 0.867758214 -0.052300215 0.494103074
1781254315.862307 1.122547030 -0.151328102 -1.656282663 0.010941834 0.867617428 -0.053098861 0.494267941
1781254315.895683 1.119190812 -0.152883455 -1.653859138 0.011399896 0.867637813 -0.052433051 0.494293034
1781254315.929059 1.119390726 -0.152301118 -1.656765103 0.011182303 0.867473364 -0.052751057 0.494552732
1781254315.962435 1.121299863 -0.149869204 -1.654056191 0.011197667 0.867956460 -0.053242598 0.493651122
1781254315.995811 1.119902134 -0.152730748 -1.657279491 0.011606320 0.867220998 -0.052382756 0.495024472
1781254316.029186 1.122086406 -0.150957406 -1.653858423 0.011147685 0.867697954 -0.052965119 0.494136333
1781254316.062562 1.116680145 -0.152616337 -1.650129795 0.009900446 0.867538095 -0.052858438 0.494454980
1781254316.095938 1.116674542 -0.154533893 -1.652186871 0.009840885 0.867365003 -0.052389544 0.494809568
1781254316.129314 1.119182587 -0.153360248 -1.651303530 0.010377424 0.867820323 -0.052606814 0.493976563
1781254316.196065 1.119056463 -0.152419820 -1.655080080 0.010905894 0.866903961 -0.052472189 0.495585918
1781254316.229441 1.117105603 -0.154270619 -1.657813072 0.008353685 0.866459370 -0.053006288 0.496355474
1781254316.329565 1.117218375 -0.154275715 -1.658030629 0.008186570 0.866596222 -0.052886091 0.496132165
1781254316.396315 1.116917849 -0.154808417 -1.658851504 0.007890613 0.866257012 -0.052673616 0.496751547
1781254316.496439 1.114830375 -0.155243590 -1.660991669 0.008039204 0.866336465 -0.052523762 0.496626496
1781254316.529814 1.114619970 -0.156547606 -1.661200881 0.007902877 0.866671622 -0.052087188 0.496089488
1781254316.596564 1.113585353 -0.155952960 -1.662650943 0.007848587 0.867367327 -0.052477121 0.494831830
1781254316.763438 1.109816432 -0.157112032 -1.670247793 0.008200784 0.868467212 -0.052214820 0.492921054
1781254316.830187 1.108541846 -0.156072289 -1.670812130 0.008033415 0.868858933 -0.052662499 0.492185235
1781254316.863562 1.107991576 -0.156307071 -1.674119592 0.007927049 0.868863881 -0.052637175 0.492181003
1781254316.963687 1.109271765 -0.156298101 -1.679909229 0.008069211 0.869055748 -0.052589551 0.491844952
1781254317.030436 1.107215285 -0.157272428 -1.684132695 0.008007664 0.869216979 -0.052563358 0.491563648
1781254317.063811 1.106449485 -0.157645479 -1.687957525 0.008514480 0.869073510 -0.052438777 0.491822153
1781254317.130560 1.104761243 -0.157178983 -1.689921975 0.008305599 0.869809151 -0.052944850 0.490469038
1781254317.197313 1.101876140 -0.158471644 -1.693165898 0.008169645 0.870712936 -0.052748125 0.488886356
1781254317.264068 1.099286795 -0.157691732 -1.700769186 0.008372321 0.871704698 -0.053040072 0.487080723
1781254317.297445 1.098284006 -0.157571346 -1.703192115 0.008338816 0.872485220 -0.053133592 0.485671669
1781254317.330823 1.096540451 -0.158848107 -1.706032276 0.008347631 0.873223245 -0.052832708 0.484376132
1781254317.397578 1.093082905 -0.158784747 -1.710484862 0.008141606 0.874782979 -0.052999645 0.481538683
1781254317.497711 1.087960243 -0.159153476 -1.715742707 0.007865190 0.877443373 -0.053335410 0.476641029
1781254317.531089 1.085752964 -0.159343630 -1.720597982 0.008106890 0.878031611 -0.053483050 0.475535899
1781254317.564467 1.085240006 -0.158810034 -1.724023581 0.008066447 0.878732800 -0.053695697 0.474215537
1781254317.631223 1.082442403 -0.159010634 -1.724795103 0.007442971 0.879058242 -0.054748911 0.473501652
1781254317.831490 1.053793073 -0.161171600 -1.739788532 0.010844843 0.894096196 -0.052057367 0.444707096
1781254317.898245 1.042795300 -0.158437923 -1.748911738 0.010865391 0.903588414 -0.054674137 0.424759656
1781254317.998378 1.026215434 -0.163069755 -1.763268828 0.009002405 0.916276395 -0.054341134 0.396741331
1781254318.065134 1.011624932 -0.161680117 -1.770436645 0.009028024 0.926781595 -0.055881724 0.371310651
1781254318.165267 0.996245801 -0.164819822 -1.793146849 0.008951250 0.938154399 -0.056486409 0.341460884
1781254318.198641 0.990218461 -0.161148727 -1.797539353 0.008865914 0.941948056 -0.057822019 0.330623537
1781254318.232016 0.980542541 -0.160868645 -1.798955798 0.009131878 0.945774913 -0.057979427 0.319475919
1781254318.265391 0.973556399 -0.163151488 -1.802073836 0.009389185 0.949219406 -0.057576522 0.309159160
1781254318.298766 0.963350475 -0.163555473 -1.805621505 0.009288299 0.952323079 -0.057909317 0.299401313
1781254318.332141 0.951343656 -0.163526073 -1.809840202 0.009746995 0.955483198 -0.057724260 0.289179623
1781254318.365516 0.945230722 -0.162971497 -1.813197136 0.009653608 0.958921194 -0.058664754 0.277372390
1781254318.398891 0.942662477 -0.163089320 -1.817425370 0.008262454 0.962287724 -0.059577413 0.265301049
1781254318.465640 0.925834835 -0.162438303 -1.824676037 0.008782182 0.968105793 -0.059990104 0.243095428
1781254318.499014 0.914190471 -0.163368627 -1.828840494 0.008371791 0.970605075 -0.060013492 0.232925162
1781254318.532389 0.904944241 -0.162093863 -1.833262682 0.008540280 0.973113835 -0.060407467 0.222098023
1781254318.565764 0.894285917 -0.162104040 -1.839277983 0.009129832 0.975502789 -0.060485944 0.211311609
1781254318.599138 0.885896385 -0.163615927 -1.839134216 0.008244940 0.978174448 -0.060462467 0.198623151
1781254318.632513 0.876505911 -0.165132374 -1.839304924 0.008096377 0.980232000 -0.060478181 0.188207626
1781254318.699262 0.854756415 -0.164678872 -1.844704390 0.007910719 0.983828366 -0.061096832 0.168185562
1781254318.732636 0.846056223 -0.164317071 -1.845976353 0.008535460 0.985593677 -0.061229292 0.157427058
1781254318.766011 0.836485267 -0.167902142 -1.853468895 0.008482330 0.987276137 -0.060817603 0.146680817
1781254318.799385 0.828728557 -0.165799439 -1.853936672 0.007505108 0.988677800 -0.061408937 0.136707053
1781254318.832760 0.813996315 -0.165597290 -1.856412411 0.008399977 0.989884794 -0.061594658 0.127528906
1781254318.866134 0.806458533 -0.164685220 -1.853284597 0.008196894 0.991375685 -0.061923184 0.115207002
1781254318.899508 0.794878364 -0.167412966 -1.857249260 0.007460532 0.992633045 -0.061631821 0.104045585
1781254318.932883 0.784449577 -0.164702952 -1.858735085 0.006095192 0.993557930 -0.062551662 0.094301492
1781254318.966257 0.772562444 -0.164889187 -1.860831976 0.007496437 0.994467199 -0.062600516 0.084024340
1781254318.999632 0.763965964 -0.166050464 -1.856631041 0.007830003 0.995496809 -0.062203124 0.071103558
1781254319.033007 0.769927144 -0.162224486 -1.858640671 0.006168056 0.996381521 -0.063591756 0.056053143
1781254319.066382 0.759846807 -0.163326204 -1.853625298 0.006129212 0.996979415 -0.063558541 0.044213116
1781254319.133130 0.724390209 -0.162980378 -1.850825667 0.006619695 0.997601807 -0.063404962 0.026955733
1781254319.166505 0.702532589 -0.162347123 -1.854541183 0.009763638 0.997864842 -0.063003100 0.014178505
1781254319.199878 0.694472849 -0.161217928 -1.852063417 -0.009179628 -0.997951210 0.063311808 -0.000896987
1781254319.233252 0.688039064 -0.160498947 -1.848662138 -0.008827352 -0.997890174 0.063318238 0.011320158
1781254319.266625 0.670072615 -0.159243137 -1.851934791 -0.009297737 -0.997730196 0.063540898 0.020264745
1781254319.299999 0.657001674 -0.161361992 -1.846917033 -0.009598073 -0.997455657 0.063040644 0.031874433
1781254319.333372 0.645564675 -0.159524903 -1.845742941 -0.009744704 -0.996945739 0.063739136 0.044063166
1781254319.400119 0.621470094 -0.160424888 -1.836680651 -0.010218818 -0.995678008 0.063189775 0.067290492
1781254319.433492 0.603729248 -0.158656597 -1.835922122 -0.009852806 -0.995002747 0.063518353 0.076405942
1781254319.500239 0.580710530 -0.165383801 -1.819892764 -0.010572156 -0.993273258 0.061599661 0.097478546
1781254319.566985 0.559493661 -0.159674317 -1.815155029 -0.010789890 -0.991020620 0.062516697 0.117700562
1781254319.633732 0.535011053 -0.157050818 -1.808368325 -0.010340711 -0.988501370 0.062905021 0.137117535
1781254319.700478 0.508445263 -0.157264844 -1.795223117 -0.011899587 -0.986202478 0.062093653 0.152995184
1781254319.800599 0.474767089 -0.155478403 -1.780782461 -0.011781070 -0.982163668 0.061972231 0.177130714
1781254319.867345 0.451387644 -0.155023932 -1.769603252 -0.011774540 -0.979827285 0.061712366 0.189714462
1781254319.934091 0.429233670 -0.153829783 -1.759940267 -0.011527417 -0.977254570 0.061694097 0.202569887
1781254320.034209 0.392927885 -0.150582731 -1.744379997 -0.011633328 -0.973546863 0.062687561 0.219411790
1781254320.067582 0.382033467 -0.151337951 -1.734221458 -0.012083358 -0.972160339 0.062025484 0.225634977
1781254320.100955 0.371211767 -0.150770158 -1.728216767 -0.012057584 -0.970776141 0.061960667 0.231537029
1781254320.134328 0.360502362 -0.150904030 -1.720727205 -0.012053400 -0.969616175 0.061891574 0.236365393
1781254320.267820 0.318196535 -0.148376882 -1.695196271 -0.011097315 -0.963878989 0.061593998 0.258882880
1781254320.434685 0.264776468 -0.145519003 -1.664216518 -0.011707981 -0.958353698 0.061561041 0.278624088
1781254320.534804 0.230466604 -0.143613815 -1.642144203 -0.011669311 -0.956245005 0.060873047 0.285926342
1781254320.601549 0.203532577 -0.142563835 -1.630560637 -0.011177208 -0.954719305 0.061269235 0.290916324
1781254320.668295 0.182042956 -0.141900927 -1.617418289 -0.011537547 -0.953272521 0.060907204 0.295683593
1781254320.768413 0.146901608 -0.140550956 -1.598833799 -0.011385769 -0.951605439 0.060734637 0.301046312
1781254320.901903 0.099409103 -0.136850849 -1.573002219 -0.011257137 -0.949405074 0.060692761 0.307928324
1781254321.002021 0.061951041 -0.134905919 -1.552207232 -0.011601851 -0.947350502 0.060983129 0.314123601
1781254321.068766 0.035705209 -0.132654905 -1.539136887 -0.011247233 -0.946783364 0.061259788 0.315788001
1781254321.168884 -0.001886845 -0.130001009 -1.517817974 -0.011654825 -0.944449902 0.061788909 0.322584599
1781254321.202259 -0.014776707 -0.130172849 -1.511374950 -0.011897400 -0.943724513 0.061550591 0.324736863
1781254321.235635 -0.026585340 -0.130368516 -1.504190564 -0.012384743 -0.942895770 0.061147321 0.327192932
1781254321.335760 -0.070718884 -0.128819376 -1.478201389 -0.012190320 -0.940375209 0.060686320 0.334459394
1781254321.402510 -0.097515702 -0.127770081 -1.463764191 -0.011961364 -0.938307643 0.060202457 0.340310901
1781254321.536010 -0.150854468 -0.123189338 -1.433400393 -0.011635915 -0.933520675 0.061262056 0.353059262
1781254321.636135 -0.187709689 -0.121572323 -1.408334494 -0.012030829 -0.928272128 0.061187729 0.366636485
1781254321.736260 -0.223296285 -0.120663501 -1.376162052 -0.012186339 -0.922738791 0.060773291 0.380409330
1781254321.803010 -0.244100451 -0.117579862 -1.365263104 -0.012360722 -0.917925775 0.061232172 0.391803861
1781254321.903136 -0.269438624 -0.120356038 -1.332044125 -0.013113810 -0.911840916 0.058841683 0.406093359
1781254322.003260 -0.297183990 -0.119041279 -1.307176590 -0.012418919 -0.905437529 0.058110036 0.420299798
1781254322.036635 -0.304532409 -0.118706800 -1.298560858 -0.012484502 -0.903024435 0.057702042 0.425513327
1781254322.103385 -0.321943641 -0.117358170 -1.284380436 -0.012207370 -0.897764981 0.057782914 0.436497658
1781254322.203509 -0.344619513 -0.116958544 -1.258359671 -0.012366074 -0.889527082 0.056549933 0.453200638
1781254322.337008 -0.374042153 -0.115176961 -1.226873875 -0.011977393 -0.874862552 0.055323392 0.481052458
1781254322.437131 -0.397980571 -0.113699041 -1.195410728 -0.011547993 -0.864240944 0.054033190 0.500034750
1781254322.604005 -0.432035804 -0.104568660 -1.150811315 -0.010230542 -0.843348742 0.053837948 0.534565091
1781254322.737502 -0.447921872 -0.101599507 -1.120829463 -0.010016937 -0.821114302 0.052397627 0.568265438
1781254322.804251 -0.457591057 -0.102649190 -1.099348903 -0.009656679 -0.809327602 0.050920423 0.585066497
1781254322.871000 -0.457836270 -0.098103799 -1.086461067 -0.009931901 -0.794420540 0.051348485 0.605112135
1781254322.904374 -0.458194494 -0.102621675 -1.070323944 -0.009169171 -0.787565887 0.049058788 0.614206195
1781254322.937748 -0.458547831 -0.099322751 -1.066334248 -0.009087249 -0.779268265 0.049177114 0.624692023
1781254322.971123 -0.458706021 -0.099327236 -1.059945107 -0.009343455 -0.770500243 0.048391916 0.635531604
1781254323.004497 -0.460026264 -0.099861704 -1.042067289 -0.008803221 -0.762595892 0.047629613 0.645059288
1781254323.037871 -0.457127452 -0.097547203 -1.033885956 -0.008862456 -0.754777670 0.047406152 0.654205441
1781254323.104620 -0.463551641 -0.092104681 -0.993734241 -0.009875053 -0.740320027 0.047831926 0.670478165
1781254323.137994 -0.462072372 -0.092960298 -0.985209346 -0.009814885 -0.731284738 0.046994656 0.680380762
1781254323.171368 -0.460703969 -0.090246171 -0.976376772 -0.009423536 -0.723367810 0.046794027 0.688811004
1781254323.204746 -0.458308220 -0.089588165 -0.966926813 -0.008930409 -0.713328183 0.046170093 0.699250698
1781254323.371635 -0.444200575 -0.086163260 -0.915807366 -0.008995551 -0.660036743 0.042534180 0.749974310
1781254323.471768 -0.421831548 -0.083512738 -0.890744269 -0.008607409 -0.622628570 0.040852524 0.781403005
1781254323.605279 -0.396568358 -0.084777452 -0.840535998 -0.009071711 -0.576651931 0.037699547 0.816069305
1781254323.705412 -0.371839106 -0.089889966 -0.806882381 -0.009427925 -0.542385757 0.034333587 0.839374840
1781254323.738790 -0.376446128 -0.082043357 -0.773485482 -0.010719918 -0.535324872 0.036201127 0.843802094
1781254323.838923 -0.352902234 -0.084861077 -0.755701780 -0.011039020 -0.498089343 0.033610426 0.866403759
1781254323.972435 -0.316676766 -0.083868064 -0.713824928 -0.010859792 -0.456968874 0.030705957 0.888886213
1781254324.072569 -0.290854841 -0.080393203 -0.689420998 -0.009811880 -0.426611274 0.029370910 0.903904796
1781254324.172703 -0.261404753 -0.078091577 -0.663877487 -0.009200527 -0.402581632 0.027396919 0.914927781
1781254324.272830 -0.224978462 -0.073715560 -0.638894379 -0.008625408 -0.378870487 0.026296800 0.925035894
1781254324.306205 -0.200754642 -0.080398329 -0.630683780 -0.010491869 -0.372678727 0.025998496 0.927536845
1781254324.372956 -0.201877952 -0.076690093 -0.622530401 -0.007811699 -0.356937140 0.022469424 0.933825433
1781254324.406332 -0.191112816 -0.077493958 -0.619591236 -0.007887855 -0.347472280 0.021714142 0.937405646
1781254324.473083 -0.153653681 -0.086268462 -0.601697743 -0.009784558 -0.336035758 0.020853980 0.941567540
1781254324.639962 -0.077565350 -0.058711283 -0.518318176 -0.005754163 -0.319374084 0.022369219 0.947347164
1781254324.740089 -0.045195982 -0.057638254 -0.496078610 -0.005697260 -0.306796610 0.021085961 0.951524496
1781254324.773464 -0.035851076 -0.057655770 -0.493377179 -0.005581671 -0.300910115 0.020579934 0.953414083
1781254324.840216 -0.015582044 -0.057399824 -0.481287956 -0.005696115 -0.291809529 0.020513536 0.956239522
1781254324.906966 0.004758134 -0.055537395 -0.469213665 -0.005348932 -0.284084141 0.019688094 0.958582282
1781254324.973718 0.023340590 -0.053182155 -0.457869381 -0.004479250 -0.276391387 0.019125894 0.960844398
1781254325.007093 0.031866275 -0.053034011 -0.451422721 -0.004795805 -0.272911370 0.018893084 0.961841702
1781254325.040469 0.042684317 -0.052552696 -0.449060410 -0.004582477 -0.269054919 0.018879799 0.962928891
1781254325.073844 0.051892042 -0.052270874 -0.441254407 -0.004164977 -0.266056240 0.018438237 0.963772178
1781254325.107220 0.061652042 -0.051057752 -0.433900356 -0.004079321 -0.264413744 0.018050713 0.964231789
1781254325.140595 0.068729311 -0.051006410 -0.433491319 -0.004098139 -0.259235352 0.018083598 0.965636194
1781254325.207349 0.084794313 -0.052468535 -0.427577555 -0.004692228 -0.252044141 0.018094974 0.967535198
1781254325.240726 0.093381584 -0.052257635 -0.421180815 -0.004458436 -0.249199063 0.017572153 0.968282580
1781254325.340860 0.117838740 -0.053999808 -0.412299156 -0.004987452 -0.240962878 0.016727017 0.970377386
1781254325.374238 0.122233018 -0.052285191 -0.408014059 -0.004574331 -0.238762125 0.016949220 0.970919430
1781254325.407616 0.125048488 -0.051789895 -0.407102466 -0.004422973 -0.236581817 0.016978610 0.971453190
1781254325.440993 0.129250601 -0.049484551 -0.407532632 -0.003914661 -0.234534830 0.016948195 0.971952140
1781254325.474371 0.132674843 -0.049946044 -0.406354189 -0.004019297 -0.232402816 0.016501687 0.972471356
1781254325.541127 0.141750082 -0.052742783 -0.402701557 -0.004653208 -0.230457023 0.016165260 0.972937107
1781254325.574505 0.143012047 -0.050479382 -0.400883853 -0.003963066 -0.229681820 0.015973672 0.973126650
1781254325.607882 0.145995110 -0.053678673 -0.401580453 -0.005156519 -0.228819683 0.016254233 0.973319471
1781254325.641260 0.144292027 -0.051889300 -0.399594337 -0.004463963 -0.227204591 0.016160861 0.973702729
1781254325.674638 0.146718800 -0.054157369 -0.401191205 -0.005209016 -0.226234809 0.016086362 0.973926067
1781254325.708016 0.146947533 -0.053305063 -0.399463415 -0.004858612 -0.225657627 0.016103540 0.974061489
1781254325.741394 0.147151500 -0.051612377 -0.398971021 -0.004407818 -0.225522026 0.015959568 0.974097371
1781254325.774771 0.148028299 -0.055456795 -0.399020791 -0.005365035 -0.225946814 0.015952798 0.973994255
1781254325.808149 0.145234913 -0.052732579 -0.400934249 -0.004758408 -0.225621805 0.015944391 0.974072874
1781254325.841527 0.148271158 -0.054921579 -0.399057746 -0.005069239 -0.226870060 0.015465236 0.973789036
1781254325.874905 0.145489946 -0.051060613 -0.400264502 -0.004174882 -0.226478785 0.015948756 0.973876595
1781254325.908283 0.144304127 -0.055753186 -0.403514385 -0.005667679 -0.226646289 0.015731413 0.973833621
1781254325.941661 0.143726543 -0.052451864 -0.403476566 -0.004957985 -0.227154985 0.016199682 0.973711252
1781254325.975039 0.143183917 -0.053339563 -0.403074563 -0.004831526 -0.227337286 0.015729543 0.973677039
1781254326.008417 0.143913224 -0.052997891 -0.403021038 -0.004973089 -0.227602422 0.016042406 0.973609328
1781254326.041796 0.143048391 -0.052754767 -0.403557956 -0.004687199 -0.227589011 0.015759207 0.973618507
1781254326.075174 0.142395943 -0.052286550 -0.402214050 -0.004595837 -0.227967978 0.015812809 0.973529398
1781254326.108552 0.141445249 -0.055995286 -0.404448986 -0.005394546 -0.227541402 0.015817612 0.973625004
1781254326.141929 0.142872646 -0.053090755 -0.402842939 -0.004795830 -0.227986619 0.015858563 0.973523319
1781254326.175307 0.143371537 -0.053668603 -0.402453482 -0.005039572 -0.228291288 0.015915930 0.973449707
1781254326.208686 0.143305510 -0.055544969 -0.402889013 -0.005571275 -0.228276938 0.015891148 0.973450661
1781254326.242064 0.142383128 -0.054472208 -0.403892457 -0.005202663 -0.227998793 0.015921140 0.973517358
1781254326.275443 0.142345771 -0.053866226 -0.404615819 -0.005151295 -0.227599144 0.015998393 0.973609865
1781254326.308821 0.142885402 -0.053697400 -0.403020710 -0.004971683 -0.227599129 0.015725777 0.973615229
1781254326.342200 0.142827004 -0.056173231 -0.404804289 -0.005820487 -0.227510065 0.015835211 0.973629594
1781254326.408957 0.142959923 -0.053188156 -0.403970927 -0.004845869 -0.227452695 0.015698247 0.973650575
1781254326.442336 0.145992666 -0.056081943 -0.403824568 -0.005745443 -0.227812141 0.015472709 0.973565221
1781254326.475715 0.144203335 -0.052119087 -0.402314186 -0.004654709 -0.227596417 0.015789751 0.973616421
1781254326.509094 0.141220436 -0.048343193 -0.401700705 -0.003629436 -0.227130368 0.016176714 0.973723292
1781254326.542472 0.142846391 -0.050593812 -0.400536329 -0.004096208 -0.227429643 0.015913576 0.973655879
1781254326.575851 0.143461302 -0.053260326 -0.402263999 -0.004925047 -0.227342024 0.015863024 0.973673344
1781254326.609230 0.144054905 -0.052499447 -0.402398050 -0.004954158 -0.227347568 0.016216705 0.973666072
1781254326.642609 0.144026935 -0.052694473 -0.403172642 -0.004968901 -0.227155477 0.016145300 0.973711967
1781254326.675987 0.143566415 -0.052695528 -0.403423131 -0.004782372 -0.226964772 0.015824320 0.973762691
1781254326.809504 0.141587898 -0.053067647 -0.402844161 -0.005001854 -0.226526290 0.015961850 0.973861396
1781254326.842883 0.142359629 -0.053620085 -0.402331233 -0.005085459 -0.226647645 0.016091868 0.973830640
1781254326.876262 0.142127931 -0.052110840 -0.402250648 -0.004581441 -0.226424769 0.015998853 0.973886490
1781254326.909641 0.144196182 -0.053514805 -0.401551872 -0.004767508 -0.226780325 0.015511974 0.973810732
1781254326.976399 0.143736482 -0.054303370 -0.402379274 -0.005196479 -0.226771876 0.015920028 0.973803937
1781254327.009778 0.145490155 -0.056259569 -0.401530981 -0.005884422 -0.227248475 0.015824966 0.973690450
1781254327.043157 0.144747958 -0.057360731 -0.403736323 -0.006127175 -0.226867944 0.015698485 0.973779798
1781254327.076536 0.143580675 -0.049832202 -0.400324017 -0.004029936 -0.226880386 0.015863571 0.973785102
1781254327.109915 0.146712005 -0.056302272 -0.401047558 -0.005641056 -0.227341428 0.015454764 0.973676145
1781254327.143294 0.146651164 -0.056342166 -0.401290119 -0.005705830 -0.227354154 0.015513595 0.973671854
1781254327.210048 0.146342978 -0.055701014 -0.400260806 -0.005549617 -0.227260843 0.015539026 0.973694146
1781254327.243423 0.145422056 -0.054048661 -0.400065750 -0.004989430 -0.227101579 0.015381893 0.973736823
1781254327.276797 0.145491377 -0.055427231 -0.400902212 -0.005422430 -0.227139294 0.015595958 0.973722279
1781254327.310172 0.144874185 -0.054173641 -0.400848150 -0.005225288 -0.226978585 0.015643166 0.973760068
1781254327.343546 0.145450994 -0.052898362 -0.401053548 -0.005001178 -0.227041483 0.015786864 0.973744273
1781254327.376921 0.143518433 -0.052902479 -0.400673717 -0.004821562 -0.226736277 0.015951915 0.973813593
1781254327.410295 0.145003021 -0.054009851 -0.399464160 -0.004961835 -0.227193311 0.015651839 0.973711252
1781254327.443671 0.145652398 -0.055567682 -0.400860310 -0.005509075 -0.227207258 0.015752755 0.973703444
1781254327.477045 0.145264998 -0.052439898 -0.399653763 -0.004619806 -0.227176741 0.015717763 0.973715723
1781254327.543794 0.144074738 -0.053394448 -0.399846494 -0.004937182 -0.227007806 0.016056856 0.973748028
1781254327.577169 0.145152733 -0.054256283 -0.399989575 -0.005044875 -0.227048397 0.015760940 0.973742843
1781254327.610543 0.145759702 -0.054479130 -0.400214553 -0.005053356 -0.227171496 0.015654238 0.973715842
1781254327.643918 0.145072520 -0.054234482 -0.399124801 -0.005099705 -0.227258578 0.015931832 0.973690748
1781254327.710666 0.144001499 -0.053654693 -0.400891393 -0.004984302 -0.226680860 0.015843157 0.973827481
1781254327.777415 0.144642800 -0.054467861 -0.400422722 -0.005211825 -0.226949498 0.015947180 0.973762035
1781254327.844164 0.142405733 -0.050248109 -0.400115132 -0.004051957 -0.226384431 0.016078649 0.973896921
1781254327.944287 0.144794956 -0.051207148 -0.399664879 -0.004452411 -0.226983249 0.016213553 0.973753512
1781254327.977662 0.143733546 -0.052432518 -0.400433868 -0.004619892 -0.226693958 0.016069774 0.973822534
1781254328.011036 0.143248826 -0.051520493 -0.400443792 -0.004454218 -0.226518080 0.015863443 0.973867595
1781254328.077785 0.143055946 -0.051247146 -0.400119722 -0.004183500 -0.226554021 0.015859276 0.973860502
1781254328.144534 0.143836573 -0.051592972 -0.399748594 -0.004434822 -0.226714075 0.015959680 0.973820508
1781254328.244663 0.142093852 -0.051567268 -0.400378436 -0.004288324 -0.226394862 0.015940439 0.973895729
1781254328.311419 0.143228054 -0.051872268 -0.400911927 -0.004518582 -0.226424545 0.015865168 0.973889053
1781254328.378174 0.141598105 -0.050887205 -0.401190490 -0.004214916 -0.226076201 0.016026367 0.973968685
1781254328.444929 0.142813712 -0.052753478 -0.402818292 -0.004896598 -0.226236314 0.016111631 0.973926902
1781254328.478307 0.143413424 -0.052338589 -0.401935101 -0.004659968 -0.226391792 0.015975306 0.973894179
1781254328.545062 0.142515555 -0.051740825 -0.400852501 -0.004509796 -0.226320967 0.016089136 0.973909438
1781254328.611817 0.143107116 -0.051346675 -0.400811791 -0.004338061 -0.226367682 0.015981831 0.973901153
1781254328.645195 0.143522918 -0.051335100 -0.401030183 -0.004346350 -0.226432562 0.015924275 0.973887026
1781254328.678573 0.141948730 -0.050849121 -0.401203007 -0.004107095 -0.226063907 0.016026994 0.973971963
1781254328.778706 0.141233027 -0.053152192 -0.402509123 -0.004671828 -0.225857183 0.015803572 0.974021077
1781254328.845462 0.143434539 -0.050684832 -0.399499983 -0.004126509 -0.226654202 0.016028209 0.973834693
1781254328.912218 0.142254084 -0.052427202 -0.401473105 -0.004632081 -0.226142257 0.015988408 0.973952055
1781254329.012351 0.142348722 -0.050723355 -0.400055468 -0.004119096 -0.226253390 0.015895704 0.973930120
1781254329.112485 0.143698275 -0.053219344 -0.401791096 -0.004989590 -0.226404548 0.016013205 0.973888934
1781254329.212617 0.143084034 -0.052760512 -0.401084334 -0.004694907 -0.226318911 0.016024578 0.973910153
1781254329.312750 0.140549883 -0.052006017 -0.404921383 -0.004566334 -0.225451425 0.015958689 0.974112988
1781254329.446260 0.142429367 -0.051901564 -0.401656747 -0.004436231 -0.226096168 0.015991233 0.973963678
1781254329.546393 0.143558964 -0.052584652 -0.400824547 -0.004731097 -0.226488084 0.016038269 0.973870397
1781254329.579771 0.143068761 -0.051204242 -0.400555968 -0.004188206 -0.226254046 0.015897246 0.973929584
1781254329.646526 0.144020304 -0.051820792 -0.400991946 -0.004590858 -0.226447940 0.016085276 0.973879695
1781254329.679904 0.142631307 -0.051633209 -0.401905715 -0.004476761 -0.226093560 0.016023671 0.973963499
1781254329.746659 0.142937019 -0.051359769 -0.401395082 -0.004392749 -0.226251110 0.016000718 0.973927677
1781254329.780036 0.143722758 -0.052247465 -0.401669294 -0.004639923 -0.226366773 0.015964342 0.973900259
1781254329.813414 0.143993109 -0.052364059 -0.400819749 -0.004747060 -0.226530075 0.015965050 0.973861814
1781254329.846792 0.143798396 -0.051911075 -0.401257247 -0.004537413 -0.226340130 0.015889628 0.973908186
1781254329.880169 0.143752575 -0.053102836 -0.400842071 -0.004880141 -0.226466075 0.016047990 0.973874629
1781254329.913547 0.143170699 -0.050301436 -0.400179327 -0.004120245 -0.226479068 0.016302625 0.973870873
1781254329.946925 0.142171085 -0.052682146 -0.402426809 -0.004785548 -0.226047054 0.016020149 0.973972917
1781254329.980303 0.143802598 -0.052126553 -0.400123090 -0.004550007 -0.226527467 0.015909709 0.973864198
1781254330.080436 0.144264162 -0.053712018 -0.400980353 -0.005022983 -0.226588622 0.015870819 0.973848343
1781254330.147191 0.141962379 -0.051428098 -0.402142763 -0.004379447 -0.226021260 0.016077233 0.973979890
1781254330.213948 0.142840758 -0.053967275 -0.403854579 -0.005148643 -0.225942403 0.015981833 0.973995984
1781254330.280709 0.143843055 -0.052791759 -0.400871545 -0.004728472 -0.226422474 0.015903084 0.973887920
1781254330.314088 0.144204810 -0.053159095 -0.401167750 -0.004876004 -0.226569071 0.016003180 0.973851442
1781254330.347468 0.142790243 -0.052016318 -0.401158154 -0.004582702 -0.226156920 0.016008006 0.973948598
1781254330.447608 0.141214296 -0.050419711 -0.401124537 -0.004142272 -0.225963190 0.016207671 0.973992229
1781254330.480987 0.143482551 -0.050646357 -0.401780427 -0.004301258 -0.226216406 0.015986711 0.973936379
1781254330.547747 0.143279955 -0.051406227 -0.401787460 -0.004326381 -0.226218387 0.016072068 0.973934412
1781254330.614506 0.141828001 -0.051465705 -0.402843356 -0.004535416 -0.225964978 0.016250174 0.973989367
1781254330.647887 0.144528121 -0.053563789 -0.402533770 -0.004975779 -0.226369679 0.015877061 0.973899364
1781254330.681266 0.142997280 -0.050862946 -0.401299566 -0.004268752 -0.226296067 0.016109155 0.973915994
1781254330.714646 0.144431382 -0.052781198 -0.401428699 -0.004768648 -0.226463661 0.015939627 0.973877490
1781254330.748026 0.143407658 -0.051191650 -0.401550502 -0.004262310 -0.226148427 0.015878845 0.973954141
1781254330.781406 0.143346101 -0.051396497 -0.401280642 -0.004454911 -0.226238236 0.016143549 0.973928034
1781254330.814786 0.142350063 -0.054575428 -0.403513491 -0.005271556 -0.225868136 0.016015382 0.974012017
1781254330.848166 0.144141659 -0.052833743 -0.401785970 -0.004748388 -0.226403818 0.016120909 0.973888576
1781254330.881546 0.143787652 -0.052850351 -0.401650101 -0.004806501 -0.226331934 0.016108748 0.973905206
1781254330.948308 0.144395769 -0.053771242 -0.402192444 -0.005004611 -0.226291299 0.015846327 0.973917961
1781254330.981688 0.143333986 -0.054070447 -0.403555483 -0.005118067 -0.226067409 0.015959177 0.973967493
1781254331.015068 0.143107831 -0.050876632 -0.400927126 -0.004079305 -0.226080745 0.015831491 0.973971367
1781254331.048448 0.143283039 -0.051694904 -0.400569886 -0.004480035 -0.226402074 0.016105264 0.973890483
1781254331.081828 0.143496081 -0.050115339 -0.400008857 -0.003951383 -0.226388663 0.016083926 0.973896265
1781254331.115208 0.144649670 -0.054601628 -0.402340174 -0.005228691 -0.226376906 0.015827442 0.973897159
1781254331.148589 0.142789006 -0.052019287 -0.402404785 -0.004618830 -0.225903079 0.016188199 0.974004388
1781254331.181969 0.145144314 -0.053649310 -0.401563942 -0.004984236 -0.226409003 0.015911113 0.973889649
1781254331.215347 0.140806735 -0.052232791 -0.404639810 -0.004632955 -0.225374401 0.016215339 0.974126279
1781254331.248725 0.143704221 -0.054530174 -0.403972715 -0.005356764 -0.226028189 0.016072199 0.973973453
1781254331.282104 0.142629355 -0.054812808 -0.404934853 -0.005432514 -0.225677982 0.016042870 0.974054754
1781254331.315482 0.144301891 -0.052406918 -0.402045757 -0.004756778 -0.226105496 0.016026674 0.973959386
1781254331.348860 0.145310283 -0.054966692 -0.403299332 -0.005422850 -0.226192176 0.015882911 0.973938107
