1781254169.402762 0.0000000 0.0000000 0.0000000 -0.0000000 -0.0000000 -0.0000000 1.0000000
1781254173.382754 0.0067647 -0.0120743 -0.2250926 0.0026683 0.0511514 -0.0007724 0.9986871
1781254173.416123 0.0078811 -0.0113525 -0.2287035 0.0028355 0.0513977 -0.0009073 0.9986739
1781254173.616336 0.0120834 -0.0130817 -0.2604689 0.0028461 0.0548071 -0.0007788 0.9984926
1781254173.983386 0.0229321 -0.0175336 -0.3330929 0.0025143 0.0631140 -0.0009315 0.9980027
1781254174.685928 0.0455311 -0.0254380 -0.4721251 0.0023661 0.0693526 -0.0011818 0.9975887
1781254175.622064 0.1620976 -0.0317840 -0.5655396 0.0017975 0.0987670 -0.0033502 0.9951034
1781254176.222744 0.2532092 -0.0331499 -0.5908743 0.0023448 0.1299581 -0.0052794 0.9915027
1781254177.056695 0.3438144 -0.0300261 -0.5098897 0.0001913 0.0711920 -0.0003041 0.9974626
1781254177.723942 0.4081389 -0.0245578 -0.4125548 0.0008216 0.0467651 0.0011958 0.9989049
1781254178.457959 0.4789499 -0.0175543 -0.2885326 0.0025824 0.0779299 -0.0005616 0.9969553
1781254178.958477 0.5460023 -0.0159538 -0.2413582 0.0035137 0.0595074 -0.0003265 0.9982216
1781254179.392241 0.6308647 -0.0161057 -0.2299333 0.0045271 0.0449181 0.0000935 0.9989805
1781254179.625798 0.6720042 -0.0172926 -0.2399937 0.0045909 0.0776956 -0.0021902 0.9969642
1781254179.926076 0.7088411 -0.0202132 -0.2705339 0.0040692 0.1282767 -0.0044292 0.9917202
1781254180.426566 0.7418442 -0.0258379 -0.3611671 0.0033954 0.1507450 -0.0048224 0.9885551
1781254180.793608 0.7554137 -0.0320843 -0.4535003 0.0030364 0.1786404 -0.0060311 0.9838912
1781254181.394305 0.7669653 -0.0425341 -0.6022694 0.0021019 0.2110989 -0.0076236 0.9774327
1781254182.395710 0.7701383 -0.0603492 -0.8519254 0.0000703 0.2012533 -0.0080894 0.9795058
1781254184.064622 0.8859507 -0.0816708 -1.1349400 0.0002321 0.1294755 -0.0059558 0.9915647
1781254185.266109 1.0849670 -0.0713057 -0.9564230 -0.0008889 0.1294745 -0.0061039 0.9915636
1781254186.000218 1.1981000 -0.0604336 -0.7590280 -0.0007939 0.1317321 -0.0078463 0.9912540
1781254186.567601 1.2798246 -0.0503552 -0.6066548 0.0002422 0.1135906 -0.0068589 0.9935040
1781254186.901387 1.3297822 -0.0447485 -0.5137627 0.0009385 0.0884694 -0.0056241 0.9960626
1781254187.268533 1.3818913 -0.0413997 -0.4441483 0.0007910 0.0506329 -0.0039457 0.9987092
1781254187.702364 1.4536990 -0.0399558 -0.3924944 0.0006944 0.0276489 -0.0032251 0.9996123
1781254188.036076 1.5288157 -0.0373723 -0.3523851 0.0008301 0.0144956 -0.0028852 0.9998904
1781254188.303048 1.5936284 -0.0373342 -0.3382133 0.0016072 0.0319845 -0.0035650 0.9994807
1781254188.570024 1.6461763 -0.0379195 -0.3583515 0.0021704 0.0882368 -0.0056062 0.9960814
1781254188.937112 1.6921213 -0.0446735 -0.4267351 0.0019868 0.1405407 -0.0073434 0.9900457
1781254189.537733 1.7401438 -0.0550967 -0.5720008 0.0020863 0.1659212 -0.0072761 0.9861100
1781254190.639352 1.7155170 -0.0767756 -0.9012564 0.0020541 0.1622823 -0.0063647 0.9867218
1781254191.507697 1.7810193 -0.0935681 -1.0875996 0.0019533 0.1749659 -0.0096634 0.9845251
1781254192.575642 2.0185399 -0.0826437 -0.9577081 0.0015791 0.2105736 -0.0127618 0.9774935
1781254193.309834 2.1608043 -0.0705523 -0.7678905 0.0036702 0.2432826 -0.0143491 0.9698424
1781254193.977311 2.2623818 -0.0611479 -0.5993354 0.0046319 0.2461828 -0.0147441 0.9691002
1781254194.511290 2.3453548 -0.0536242 -0.4594004 0.0057185 0.2426897 -0.0137294 0.9699900
1781254195.078640 2.4140913 -0.0463358 -0.3360442 0.0052807 0.2065476 -0.0120356 0.9783483
1781254195.646006 2.4924517 -0.0432715 -0.2511628 0.0033706 0.1507504 -0.0099062 0.9885165
1781254196.280115 2.6007464 -0.0481957 -0.2758417 0.0025575 0.1469952 -0.0103598 0.9890797
1781254196.647227 2.6781511 -0.0537584 -0.3307510 0.0025493 0.1720479 -0.0116197 0.9850168
1781254197.047707 2.7326362 -0.0598307 -0.4027919 0.0023226 0.1777269 -0.0114307 0.9840107
1781254197.448232 2.7560616 -0.0632869 -0.4798623 0.0037197 0.1466089 -0.0093873 0.9891430
1781254197.848786 2.7786393 -0.0690258 -0.5592026 0.0025797 0.0985785 -0.0061516 0.9951069
1781254198.316119 2.7977450 -0.0767662 -0.6793510 0.0010941 0.0704885 -0.0044750 0.9975020
1781254198.850274 2.8084610 -0.0874208 -0.8467775 0.0003900 0.0740190 -0.0046529 0.9972459
1781254199.584674 2.8643193 -0.0977334 -1.0049444 0.0008931 0.0376054 -0.0045466 0.9992819
1781254199.918468 2.9458227 -0.1024112 -1.0415356 0.0007476 0.0697160 -0.0068403 0.9975432
1781254200.252262 3.0297828 -0.1061141 -1.0427065 0.0008269 0.1147907 -0.0093821 0.9933451
1781254201.220276 3.1492813 -0.0971881 -0.8769936 -0.0000538 0.0970770 -0.0072919 0.9952502
1781254201.787669 3.2161052 -0.0894290 -0.7340044 0.0004257 0.1008702 -0.0073298 0.9948725
1781254202.121428 3.2565811 -0.0825421 -0.6514600 0.0016553 0.0945628 -0.0078675 0.9954864
1781254202.388475 3.2969940 -0.0786955 -0.5963423 0.0016067 0.0625344 -0.0067182 0.9980189
1781254202.622155 3.3380439 -0.0776525 -0.5679694 0.0015685 0.0432528 -0.0056290 0.9990471
1781254202.855838 3.3781469 -0.0769029 -0.5515081 0.0017842 0.0472707 -0.0058569 0.9988633
1781254203.056139 3.4130893 -0.0772297 -0.5417973 0.0018946 0.0575340 -0.0065416 0.9983203
1781254203.256437 3.4568977 -0.0781155 -0.5382623 0.0024904 0.0768842 -0.0079816 0.9970050
1781254203.456724 3.5051768 -0.0783069 -0.5369191 0.0031991 0.1020062 -0.0092226 0.9947359
1781254203.690394 3.5511296 -0.0796107 -0.5538678 0.0039484 0.1443248 -0.0120778 0.9894488
1781254203.924064 3.5817916 -0.0817372 -0.5868100 0.0044352 0.1760040 -0.0130760 0.9842926
1781254204.424779 3.6207366 -0.0907368 -0.6922995 0.0032866 0.1878755 -0.0123339 0.9821099
1781254204.758582 3.6290298 -0.0987122 -0.7954860 0.0034160 0.2063996 -0.0124977 0.9783820
1781254205.326036 3.6398058 -0.1080559 -0.9556159 0.0037482 0.2262678 -0.0124153 0.9739788
1781254206.327345 3.6512771 -0.1295087 -1.2617923 0.0021776 0.2319283 -0.0127047 0.9726475
1781254207.729210 3.9186332 -0.1352514 -1.2750762 0.0010953 0.2421251 -0.0130589 0.9701566
1781254208.697130 4.0839949 -0.1191230 -0.9831656 0.0036142 0.2622393 -0.0133999 0.9649031
1781254209.297896 4.1824102 -0.1098828 -0.8039225 0.0032477 0.2753887 -0.0145783 0.9612169
1781254210.032176 4.2453780 -0.1089451 -0.6816193 0.0000811 0.3727039 -0.0206113 0.9277214
1781254212.268402 4.1122260 -0.1477086 -1.1084487 0.0041506 0.7453722 -0.0425019 0.6652794
1781254213.236305 4.0323038 -0.1598082 -1.4088197 0.0093865 0.8814741 -0.0526695 0.4691923
1781254214.304378 3.9092085 -0.1639290 -1.5441067 0.0117831 0.9887500 -0.0587962 0.1370312
1781254215.906616 3.8626521 -0.1319170 -1.1522861 -0.0152611 -0.9820765 0.0613084 0.1775785
1781254217.275066 3.7371993 -0.1128696 -0.8806400 -0.0149272 -0.9648961 0.0601025 0.2552263
1781254218.409873 3.4961953 -0.1210430 -1.0807561 -0.0175621 -0.9812189 0.0610132 0.1821497
1781254219.077436 3.3894300 -0.1301911 -1.2530179 -0.0181435 -0.9734129 0.0609426 0.2200553
1781254219.611479 3.2785327 -0.1379024 -1.4127140 -0.0182945 -0.9722711 0.0610906 0.2249935
1781254220.345785 3.1439302 -0.1398451 -1.4924319 -0.0176577 -0.9829851 0.0622672 0.1719049
1781254220.946572 3.0133574 -0.1371320 -1.4383283 -0.0187212 -0.9817567 0.0614543 0.1789595
1781254221.747642 2.9811611 -0.1245588 -1.2506495 -0.0198241 -0.9840521 0.0611549 0.1658575
1781254222.348775 2.9808004 -0.1131568 -1.0713766 -0.0186869 -0.9857447 0.0619747 0.1552977
1781254223.252282 2.9566829 -0.0972006 -0.8267496 -0.0188996 -0.9889566 0.0618168 0.1333656
1781254223.852951 2.8765352 -0.0851976 -0.7183033 -0.0171620 -0.9847226 0.0619544 0.1618290
1781254224.286756 2.7587571 -0.0818591 -0.7056587 -0.0167422 -0.9810421 0.0616929 0.1829485
1781254224.787297 2.6416121 -0.0818608 -0.7321341 -0.0170614 -0.9861570 0.0618367 0.1529035
1781254225.221087 2.5729446 -0.0840055 -0.8145442 -0.0177772 -0.9880753 0.0622610 0.1396950
1781254225.788376 2.5031779 -0.0911191 -0.9296314 -0.0180959 -0.9871027 0.0617603 0.1465824
1781254226.288913 2.4432075 -0.0948144 -1.0044459 -0.0169546 -0.9913487 0.0619314 0.1144765
1781254226.789467 2.3518555 -0.0932684 -1.0068250 -0.0156819 -0.9950890 0.0626879 0.0749816
1781254227.123161 2.2810252 -0.0896877 -0.9704619 -0.0152876 -0.9907736 0.0611135 0.1199962
1781254227.490263 2.2207057 -0.0838605 -0.8934894 -0.0157822 -0.9879637 0.0610892 0.1412332
1781254227.790627 2.1701992 -0.0778384 -0.8211095 -0.0158385 -0.9862138 0.0614400 0.1528285
1781254228.124362 2.1164858 -0.0714503 -0.7392391 -0.0160788 -0.9843565 0.0618385 0.1641947
1781254228.424691 2.0682652 -0.0651659 -0.6620825 -0.0161216 -0.9829125 0.0613028 0.1728148
1781254228.925203 2.0241661 -0.0575432 -0.5397086 -0.0154452 -0.9827613 0.0609327 0.1738648
1781254229.792772 1.8744819 -0.0522846 -0.5016856 -0.0136813 -0.9867649 0.0604279 0.1498545
1781254230.193186 1.7971940 -0.0549090 -0.5871698 -0.0137400 -0.9910305 0.0607626 0.1182278
1781254230.693731 1.7371719 -0.0645014 -0.7389656 -0.0153113 -0.9849833 0.0610275 0.1607765
1781254231.094157 1.6826154 -0.0737974 -0.8975834 -0.0155182 -0.9783725 0.0611421 0.1969977
1781254231.394474 1.6336966 -0.0807574 -1.0369227 -0.0156444 -0.9767626 0.0609657 0.2048739
1781254231.861624 1.5654874 -0.0913449 -1.2136374 -0.0159122 -0.9797247 0.0609810 0.1901779
1781254232.362130 1.5077837 -0.1005250 -1.3788604 -0.0145399 -0.9835436 0.0621063 0.1690367
1781254232.829263 1.4530671 -0.1082654 -1.5275111 -0.0141015 -0.9875437 0.0633243 0.1433480
1781254233.196284 1.3952227 -0.1136632 -1.6237030 -0.0130450 -0.9918736 0.0642550 0.1090316
1781254233.530120 1.3278505 -0.1179513 -1.6916828 -0.0124408 -0.9932595 0.0639009 0.0959031
1781254233.897365 1.2523640 -0.1220587 -1.7474476 -0.0113183 -0.9954185 0.0636246 0.0704679
1781254234.264598 1.1596363 -0.1226273 -1.7802300 -0.0106124 -0.9956985 0.0634308 0.0666973
1781254234.531565 1.0834335 -0.1241628 -1.7915423 -0.0107500 -0.9955225 0.0633428 0.0693334
1781254234.898639 1.0039257 -0.1229408 -1.7750955 -0.0107511 -0.9920204 0.0629434 0.1087112
1781254235.866335 0.9611099 -0.1114803 -1.5974309 -0.0124251 -0.9875723 0.0625128 0.1436623
1781254236.533699 0.9703227 -0.1008519 -1.4275877 -0.0134477 -0.9875518 0.0620544 0.1439089
1781254236.834017 0.9965881 -0.0952339 -1.3219795 -0.0136238 -0.9851755 0.0615787 0.1595356
1781254237.201065 1.0322391 -0.0875045 -1.1989837 -0.0137088 -0.9822443 0.0614154 0.1767383
1781254238.035441 1.0855657 -0.0703729 -0.9648435 -0.0129161 -0.9842196 0.0624196 0.1650724
1781254238.803854 1.1291387 -0.0578557 -0.7226925 -0.0143529 -0.9804990 0.0613160 0.1861615
1781254239.638947 1.0771459 -0.0431907 -0.5207260 -0.0145226 -0.9787505 0.0612875 0.1951423
1781254240.072836 0.9786739 -0.0398479 -0.4772616 -0.0136090 -0.9707348 0.0605470 0.2319975
1781254240.807080 0.7738312 -0.0397127 -0.5138091 -0.0116609 -0.9819019 0.0611894 0.1788533
1781254241.541305 0.6720809 -0.0516132 -0.7187260 -0.0127404 -0.9834627 0.0630750 0.1692936
1781254241.941787 0.6251268 -0.0613708 -0.8706011 -0.0126036 -0.9861116 0.0633161 0.1530229
1781254242.342273 0.5827405 -0.0699097 -1.0186484 -0.0117773 -0.9889435 0.0630468 0.1337053
1781254242.742790 0.5521071 -0.0735138 -1.0835632 -0.0114155 -0.9923140 0.0637312 0.1054555
1781254243.510441 0.4603813 -0.0700488 -1.0353057 -0.0107395 -0.9912574 0.0633387 0.1152457
1781254243.810827 0.3938329 -0.0661924 -0.9830985 -0.0119931 -0.9888244 0.0628824 0.1346420
1781254244.111214 0.3216911 -0.0605707 -0.9307697 -0.0125002 -0.9874035 0.0634775 0.1443911
1781254244.311468 0.2731051 -0.0572718 -0.9030610 -0.0127128 -0.9875400 0.0636202 0.1433721
1781254244.611839 0.1942214 -0.0558319 -0.8625428 -0.0146893 -0.9877782 0.0626025 0.1419834
1781254245.079078 0.1326723 -0.0501734 -0.7698720 -0.0161194 -0.9883589 0.0620901 0.1379550
1781254245.546293 0.1284269 -0.0410646 -0.6257641 -0.0163454 -0.9892942 0.0610513 0.1315390
1781254246.013487 0.1198055 -0.0334302 -0.4880090 -0.0158245 -0.9903088 0.0599954 0.1242528
1781254246.680927 0.0735128 -0.0223666 -0.3189152 -0.0147141 -0.9897608 0.0589917 0.1291399
1781254247.181510 0.0119194 -0.0154985 -0.2097702 -0.0134714 -0.9832350 0.0591591 0.1719526
1781254248.583166 -0.1842843 -0.0251897 -0.4477271 -0.0146529 -0.9683826 0.0575511 0.2422980
1781254249.450918 -0.2096491 -0.0273501 -0.5384415 -0.0130141 -0.8897398 0.0541594 0.4530571
1781254250.385656 -0.1372337 -0.0237663 -0.3984480 -0.0089386 -0.7591080 0.0448071 0.6493593
1781254251.019845 -0.0837538 -0.0090032 -0.2568853 -0.0064261 -0.6261613 0.0396213 0.7786596
1781254251.420387 -0.0088848 -0.0093650 -0.1673728 -0.0056376 -0.4993003 0.0313550 0.8658431
1781254251.787551 0.0473452 -0.0056203 -0.1125951 -0.0028805 -0.3687087 0.0229657 0.9292568
1781254252.021202 0.0742212 -0.0070967 -0.1084745 -0.0030762 -0.2997235 0.0179330 0.9538527
1781254252.622022 0.1596696 -0.0112889 -0.1917693 -0.0007547 -0.1304745 0.0083602 0.9914162
1781254252.688780 0.1766862 -0.0136019 -0.1999831 -0.0012056 -0.1152959 0.0076563 0.9933010
1781254252.889055 0.2389080 -0.0162214 -0.2192744 -0.0005708 -0.0727453 0.0060643 0.9973320
1781254253.055950 0.2932372 -0.0154989 -0.2363180 0.0008532 -0.0397058 0.0037538 0.9992040
1781254253.523262 0.4655962 -0.0168338 -0.2662258 0.0032041 0.0330336 0.0009500 0.9994487
