1781254294.783055 0.0000000 0.0000000 0.0000000 -0.0000000 -0.0000000 -0.0000000 1.0000000
1781254296.602275 0.1258717 -0.0027946 0.0054436 -0.0006658 -0.0020117 -0.0006907 0.9999976
1781254296.635653 0.1323978 -0.0030947 0.0060723 -0.0007206 -0.0020249 -0.0007458 0.9999974
1781254296.835926 0.1724694 -0.0033359 0.0155870 -0.0006151 -0.0066500 -0.0007800 0.9999774
1781254297.069585 0.2247024 -0.0043927 0.0255931 -0.0007548 -0.0107846 -0.0008478 0.9999412
1781254297.470336 0.3364267 -0.0041206 0.0487780 -0.0003324 -0.0267888 -0.0006765 0.9996408
1781254297.804387 0.4484621 -0.0047810 0.0735755 -0.0013264 -0.0414324 -0.0004138 0.9991404
1781254298.138498 0.5669040 -0.0052202 0.0984207 -0.0020111 -0.0494342 -0.0004461 0.9987753
1781254298.438943 0.6849419 -0.0066238 0.1257412 -0.0027911 -0.0532809 -0.0004718 0.9985756
1781254298.672630 0.7800884 -0.0074760 0.1528888 -0.0037714 -0.0551321 -0.0003853 0.9984719
1781254298.906324 0.8705896 -0.0075637 0.1785029 -0.0037642 -0.0565515 -0.0000115 0.9983926
1781254299.173402 0.9616254 -0.0081159 0.2103140 -0.0033287 -0.0674725 0.0005709 0.9977154
1781254299.473807 1.0634644 -0.0080940 0.2485275 -0.0027177 -0.0839269 0.0018334 0.9964666
1781254299.740835 1.1630419 -0.0074449 0.2759599 -0.0020225 -0.0749248 0.0015790 0.9971859
1781254299.907728 1.2334987 -0.0090779 0.2881486 -0.0020239 -0.0637256 0.0004936 0.9979653
1781254300.141380 1.3313750 -0.0117687 0.3021140 -0.0018711 -0.0476355 -0.0007120 0.9988628
1781254300.341720 1.4175098 -0.0122329 0.3159732 -0.0017857 -0.0326760 -0.0021648 0.9994621
1781254300.575462 1.5187174 -0.0141070 0.3270969 -0.0021950 -0.0161597 -0.0033770 0.9998614
1781254300.775822 1.6118230 -0.0150585 0.3369670 -0.0021147 -0.0032723 -0.0044225 0.9999827
1781254300.876007 1.6618528 -0.0154590 0.3434395 -0.0022675 0.0002480 -0.0051567 0.9999841
1781254301.009589 1.7248931 -0.0167536 0.3503723 -0.0020313 0.0076212 -0.0058002 0.9999521
1781254301.109779 1.7696208 -0.0177624 0.3562858 -0.0022897 0.0059085 -0.0055977 0.9999642
1781254301.243301 1.8320367 -0.0197728 0.3642317 -0.0027903 0.0063902 -0.0062339 0.9999563
1781254301.343427 1.8766273 -0.0214737 0.3703179 -0.0028429 0.0064331 -0.0066772 0.9999530
1781254301.443552 1.9226506 -0.0227668 0.3757319 -0.0028823 0.0033600 -0.0067179 0.9999676
1781254301.543679 1.9667631 -0.0215597 0.3833473 -0.0024727 0.0028112 -0.0066765 0.9999707
1781254301.643803 2.0105078 -0.0213858 0.3909873 -0.0021925 0.0044548 -0.0070251 0.9999630
1781254301.743927 2.0590847 -0.0208238 0.3990376 -0.0016514 0.0019230 -0.0069324 0.9999728
1781254301.844051 2.1067166 -0.0214594 0.4066651 -0.0020119 0.0006335 -0.0067929 0.9999747
1781254301.944175 2.1512902 -0.0208015 0.4147488 -0.0017991 0.0002801 -0.0067551 0.9999756
1781254302.111047 2.2228351 -0.0216721 0.4260721 -0.0014680 -0.0008595 -0.0066046 0.9999768
1781254302.211177 2.2658188 -0.0204798 0.4343970 -0.0007487 -0.0013126 -0.0069968 0.9999744
1781254302.344687 2.3238020 -0.0230129 0.4378994 -0.0009530 0.0022955 -0.0070007 0.9999725
1781254302.544951 2.4107914 -0.0251919 0.4456084 -0.0001444 0.0088830 -0.0077186 0.9999307
1781254302.678461 2.4686430 -0.0275319 0.4515910 -0.0008971 0.0149866 -0.0075134 0.9998591
1781254302.845348 2.5409729 -0.0293278 0.4578056 -0.0006594 0.0240160 -0.0086015 0.9996744
1781254303.045614 2.6221342 -0.0321750 0.4617630 -0.0009453 0.0389410 -0.0097045 0.9991940
1781254303.312618 2.7188218 -0.0340283 0.4663204 -0.0008278 0.0513995 -0.0107840 0.9986196
1781254303.479490 2.7804618 -0.0363696 0.4666956 -0.0014465 0.0651923 -0.0108978 0.9978122
1781254303.612987 2.8301020 -0.0377805 0.4623231 -0.0013073 0.0821179 -0.0117883 0.9965521
1781254303.746483 2.8791323 -0.0394460 0.4543257 -0.0011419 0.1033578 -0.0126433 0.9945632
1781254303.980099 2.9624114 -0.0434993 0.4358170 -0.0009425 0.1420058 -0.0143575 0.9897613
1781254304.313863 3.0668049 -0.0484244 0.3979155 0.0007821 0.2072592 -0.0174014 0.9781310
1781254304.881314 3.2177849 -0.0635655 0.2950050 0.0021256 0.3330707 -0.0240710 0.9425921
1781254305.315238 3.3070459 -0.0721530 0.1845707 0.0039440 0.4531955 -0.0322335 0.8908194
1781254305.682387 3.3771191 -0.0810594 0.0749069 0.0053600 0.5398553 -0.0379630 0.8408843
1781254305.916029 3.4145060 -0.0807544 -0.0095339 0.0088577 0.5959187 -0.0433814 0.8018233
1781254306.183044 3.4366348 -0.0939966 -0.1195903 0.0079128 0.6563588 -0.0472104 0.7529288
1781254306.650284 3.4323945 -0.0921613 -0.3321514 0.0131170 0.7541899 -0.0591668 0.6538539
1781254307.117515 3.3797097 -0.1044440 -0.4960318 0.0153469 0.8470777 -0.0646527 0.5272987
1781254307.551447 3.2918448 -0.1139539 -0.6326818 0.0184305 0.9073851 -0.0664583 0.4146034
1781254307.885250 3.2020898 -0.1238606 -0.7202263 0.0193490 0.9400541 -0.0671256 0.3337935
1781254308.085531 3.1454527 -0.1259429 -0.7615886 0.0207760 0.9568579 -0.0670050 0.2819605
1781254308.219046 3.1102588 -0.1258994 -0.7867541 0.0215159 0.9669095 -0.0676635 0.2450401
1781254308.385931 3.0587990 -0.1257318 -0.8143029 0.0228015 0.9767129 -0.0680826 0.2021801
1781254308.552816 3.0098362 -0.1262497 -0.8327763 0.0242010 0.9845861 -0.0676457 0.1594632
1781254308.719700 2.9577010 -0.1239851 -0.8474648 0.0241370 0.9912938 -0.0677597 0.1102841
1781254308.886585 2.9039574 -0.1214135 -0.8485698 0.0250902 0.9962630 -0.0673249 0.0479366
1781254308.986715 2.8569002 -0.1223862 -0.8447748 0.0261371 0.9973977 -0.0663329 0.0107042
1781254309.053468 2.8343782 -0.1186611 -0.8472334 -0.0262688 -0.9972709 0.0669586 0.0166504
1781254309.186975 2.7851455 -0.1176095 -0.8356819 -0.0275518 -0.9953027 0.0657441 0.0655067
1781254309.287107 2.7446880 -0.1159573 -0.8281114 -0.0275800 -0.9924459 0.0651783 0.1002116
1781254309.353861 2.7270725 -0.1147690 -0.8182154 -0.0277112 -0.9899701 0.0646313 0.1225317
1781254309.420615 2.6975522 -0.1127292 -0.8146623 -0.0278938 -0.9877244 0.0645069 0.1395042
1781254309.554123 2.6575475 -0.1103720 -0.7950912 -0.0279710 -0.9810150 0.0632023 0.1811978
1781254309.620877 2.6268139 -0.1075684 -0.7885186 -0.0273765 -0.9785148 0.0630013 0.1943968
1781254309.721008 2.5978224 -0.1062659 -0.7750254 -0.0274400 -0.9730008 0.0623448 0.2205215
1781254309.821138 2.5581715 -0.1045834 -0.7579389 -0.0277519 -0.9688543 0.0614336 0.2382795
1781254309.921270 2.5213397 -0.1020825 -0.7423986 -0.0272456 -0.9650263 0.0612340 0.2534412
1781254310.121531 2.4501123 -0.0965642 -0.7217593 -0.0269914 -0.9636478 0.0609942 0.2587163
1781254310.421942 2.3414829 -0.0912670 -0.6923226 -0.0269368 -0.9676343 0.0610457 0.2433756
1781254310.622219 2.2656724 -0.0863628 -0.6796771 -0.0272318 -0.9725280 0.0620435 0.2227067
1781254310.755736 2.2154891 -0.0826744 -0.6754441 -0.0271688 -0.9761236 0.0628817 0.2061320
1781254310.956013 2.1423497 -0.0794450 -0.6716053 -0.0270487 -0.9816054 0.0635627 0.1779863
1781254311.122911 2.0835643 -0.0776693 -0.6752238 -0.0267800 -0.9857532 0.0638344 0.1532931
1781254311.323170 2.0154238 -0.0746019 -0.6827328 -0.0262240 -0.9899832 0.0645731 0.1227840
1781254311.490048 1.9551268 -0.0726270 -0.6953629 -0.0257690 -0.9929103 0.0654829 0.0957975
1781254311.690301 1.8854997 -0.0719063 -0.7106708 -0.0254115 -0.9955612 0.0657910 0.0623199
1781254311.923929 1.8095179 -0.0719295 -0.7394061 -0.0243762 -0.9972651 0.0659564 0.0227591
1781254312.090806 1.7547454 -0.0729791 -0.7650424 0.0236753 0.9974235 -0.0660952 0.0147448
1781254312.257684 1.7011862 -0.0743633 -0.7957941 0.0231324 0.9961419 -0.0662551 0.0526940
1781254312.457937 1.6443782 -0.0756975 -0.8376713 0.0220679 0.9928133 -0.0669061 0.0967389
1781254312.658189 1.5890205 -0.0771224 -0.8823383 0.0212746 0.9874113 -0.0676550 0.1413828
1781254312.825067 1.5408269 -0.0777481 -0.9216956 0.0208904 0.9820240 -0.0679762 0.1748479
1781254313.025319 1.4821544 -0.0792372 -0.9726775 0.0205636 0.9755639 -0.0681988 0.2078492
1781254313.225573 1.4301380 -0.0819969 -1.0269470 0.0202806 0.9692352 -0.0674695 0.2358385
1781254313.459213 1.3772360 -0.0853239 -1.0981824 0.0199015 0.9586915 -0.0669013 0.2757513
1781254313.626097 1.3426049 -0.0882911 -1.1504416 0.0193225 0.9500157 -0.0660770 0.3045171
1781254313.826359 1.3094761 -0.0916657 -1.2124195 0.0183838 0.9389367 -0.0655242 0.3372929
1781254313.993243 1.2910053 -0.0956524 -1.2655166 0.0172140 0.9266196 -0.0646617 0.3699982
1781254314.160128 1.2767931 -0.0984445 -1.3133835 0.0163629 0.9144427 -0.0645509 0.3991993
1781254314.293633 1.2673336 -0.1005754 -1.3519852 0.0156428 0.9047636 -0.0643376 0.4207359
1781254314.493890 1.2563890 -0.1048182 -1.4094368 0.0151919 0.8894523 -0.0643053 0.4522263
1781254314.760898 1.2487972 -0.1099482 -1.4912140 0.0146704 0.8670150 -0.0632486 0.4940338
1781254315.061284 1.2341627 -0.1179302 -1.5817645 0.0140898 0.8530970 -0.0622599 0.5178328
1781254315.294916 1.2206827 -0.1226352 -1.6633190 0.0140179 0.8520518 -0.0621406 0.5195670
1781254315.428420 1.2110950 -0.1276226 -1.7101047 0.0143614 0.8549640 -0.0620295 0.5147648
1781254315.695428 1.2037624 -0.1312743 -1.7633495 0.0136170 0.8584397 -0.0630644 0.5088406
1781254317.063811 1.1935147 -0.1342025 -1.7950991 0.0139345 0.8610047 -0.0622478 0.5045810
1781254317.430956 1.1779940 -0.1364527 -1.8217349 0.0139202 0.8676663 -0.0625967 0.4929940
1781254317.764734 1.1559980 -0.1379230 -1.8436906 0.0133728 0.8789991 -0.0642483 0.4722859
1781254317.965000 1.1259189 -0.1381254 -1.8705660 0.0152242 0.9079499 -0.0651547 0.4137029
1781254318.198641 1.0817416 -0.1371445 -1.9074762 0.0155216 0.9366161 -0.0672553 0.3434912
1781254318.499014 1.0053445 -0.1381886 -1.9464278 0.0170443 0.9660369 -0.0685701 0.2485568
1781254318.732636 0.9369678 -0.1414368 -1.9676652 0.0177803 0.9822916 -0.0683822 0.1735249
1781254319.033007 0.8437089 -0.1373267 -1.9795759 0.0185590 0.9945375 -0.0695136 0.0756217
1781254319.433492 0.6967962 -0.1292573 -1.9620523 -0.0205153 -0.9955966 0.0691168 0.0599118
1781254319.633732 0.6275665 -0.1240971 -1.9411854 -0.0213375 -0.9900532 0.0687237 0.1208987
1781254319.833972 0.5593282 -0.1198771 -1.9152936 -0.0214428 -0.9829074 0.0681520 0.1696721
1781254320.000836 0.5014755 -0.1161009 -1.8879340 -0.0214319 -0.9772359 0.0676412 0.1999387
1781254320.167701 0.4462798 -0.1119701 -1.8565915 -0.0220641 -0.9710566 0.0676107 0.2280155
1781254320.401312 0.3712233 -0.1078971 -1.8144827 -0.0214729 -0.9625134 0.0663362 0.2621188
1781254320.735040 0.2560512 -0.0998639 -1.7519791 -0.0217758 -0.9555277 0.0653080 0.2867536
1781254321.135512 0.1058819 -0.0901645 -1.6695330 -0.0228792 -0.9492769 0.0641675 0.3069732
1781254321.536010 -0.0584234 -0.0767461 -1.5815666 -0.0229672 -0.9384161 0.0646962 0.3386181
1781254321.803010 -0.1551304 -0.0700820 -1.5124578 -0.0233176 -0.9238935 0.0631538 0.3766813
1781254322.103385 -0.2453870 -0.0605629 -1.4365220 -0.0230430 -0.9053072 0.0617994 0.4196054
1781254322.437131 -0.3292962 -0.0534058 -1.2965109 -0.0236597 -0.8799131 0.0577770 0.4710149
1781254323.004497 -0.4000199 -0.0341787 -1.1535864 -0.0234459 -0.7825347 0.0505745 0.6201065
1781254325.507749 0.1214835 -0.0084215 -0.0538378 -0.0031815 -0.0859826 0.0040981 0.9962831
