1000.000000 0.0000000 0.0000000 0.0000000 -0.0000000 -0.0000000 -0.0000000 1.0000000
1004.300000 0.0920385 0.0233316 0.3175499 0.0002617 0.0473357 -0.0031092 0.9988742
1004.333333 0.0927030 0.0243021 0.3227932 0.0003070 0.0472276 -0.0032194 0.9988790
1004.633333 0.0996121 0.0278349 0.3914372 -0.0011452 0.0523992 -0.0034465 0.9986196
1005.633333 0.1145816 0.0371726 0.5124412 -0.0020848 0.0603881 -0.0037364 0.9981658
1006.200000 0.1238646 0.0422179 0.6142738 -0.0020154 0.0580152 -0.0035096 0.9983075
1007.033333 0.1360760 0.0468490 0.7240973 -0.0020426 0.0582805 -0.0034358 0.9982923
1007.900000 0.1498849 0.0521183 0.8473943 -0.0019522 0.0598001 -0.0035543 0.9982021
1008.766667 0.1674403 0.0611355 0.9799698 -0.0016699 0.0627803 -0.0034721 0.9980199
1009.400000 0.1811675 0.0680715 1.0832689 -0.0011281 0.0624401 -0.0038121 0.9980409
1010.200000 0.1983817 0.0743532 1.1960765 -0.0013033 0.0631913 -0.0035882 0.9979941
1011.000000 0.2109627 0.0789384 1.2875149 -0.0011093 0.0626668 -0.0034869 0.9980278
1011.500000 0.2210692 0.0836667 1.3689207 -0.0006140 0.0586118 -0.0031813 0.9982756
1012.166667 0.2323282 0.0895316 1.4697723 -0.0000190 0.0517920 -0.0031232 0.9986531
1013.000000 0.2587774 0.0959687 1.5803707 0.0002845 0.0590634 -0.0039610 0.9982463
1013.766667 0.2858732 0.1013352 1.6797557 0.0001446 0.0657385 -0.0044739 0.9978269
1014.433333 0.3048185 0.1069853 1.7670388 0.0003010 0.0707098 -0.0054551 0.9974820
1015.300000 0.3286690 0.1124198 1.8763630 0.0012263 0.0734119 -0.0050488 0.9972882
1016.233333 0.3490226 0.1173116 1.9918940 0.0018358 0.0704326 -0.0050787 0.9975019
1017.266667 0.3664293 0.1245044 2.1224523 0.0022152 0.0621862 -0.0041575 0.9980534
1018.033333 0.3738130 0.1294756 2.2326083 0.0018882 0.0516434 -0.0039393 0.9986560
1018.966667 0.3768865 0.1348351 2.3505938 0.0007369 0.0369509 -0.0027408 0.9993131
1019.633333 0.3724957 0.1406916 2.4429433 0.0006897 0.0228971 -0.0027368 0.9997339
1020.300000 0.3555759 0.1451384 2.5305970 0.0003385 0.0012645 -0.0019612 0.9999973
1020.900000 0.3298014 0.1509654 2.6137590 -0.0000214 -0.0225625 -0.0015109 0.9997443
1021.433333 0.3054226 0.1538562 2.6807721 -0.0002557 -0.0497791 -0.0002326 0.9987602
1022.266667 0.2599123 0.1626204 2.7773304 0.0006276 -0.0958127 0.0022963 0.9953966
1023.200000 0.1935222 0.1641424 2.8830879 -0.0007378 -0.1472520 0.0041576 0.9890900
1024.100000 0.0754485 0.1693796 3.0349205 -0.0024193 -0.2190368 0.0073672 0.9756858
1024.933333 -0.0427028 0.1762864 3.1557353 -0.0020635 -0.2837350 0.0104177 0.9588439
1026.166667 -0.2028375 0.1801767 3.2743225 -0.0032670 -0.3535064 0.0142915 0.9353172
1027.200000 -0.4108167 0.1856879 3.3902864 -0.0018349 -0.4289678 0.0196107 0.9031051
1028.966667 -0.6377822 0.1907186 3.4727781 -0.0029581 -0.5014468 0.0242424 0.8648438
1029.933333 -0.7767987 0.1940527 3.4950652 -0.0048768 -0.5511031 0.0268319 0.8339914
1031.100000 -0.9312477 0.1979638 3.4952984 -0.0061745 -0.6095226 0.0305566 0.7921555
1032.366667 -1.1351810 0.1962721 3.4443841 -0.0052634 -0.6968004 0.0345270 0.7164143
1033.566667 -1.3104506 0.1932076 3.3480687 -0.0061233 -0.7747000 0.0388228 0.6311064
1034.800000 -1.4335504 0.1884770 3.2264221 -0.0064764 -0.8362377 0.0404469 0.5468351
1035.733333 -1.5078454 0.1818598 3.1135659 -0.0073475 -0.8786420 0.0418158 0.4755898
1036.133333 -1.5506959 0.1785130 3.0246687 -0.0081274 -0.9056651 0.0431851 0.4217106
1036.600000 -1.5744257 0.1747447 2.9622736 -0.0090209 -0.9220675 0.0443674 0.3843718
1037.066667 -1.5918877 0.1739235 2.8974285 -0.0092170 -0.9364272 0.0451354 0.3478246
1037.500000 -1.6018410 0.1708139 2.8439574 -0.0088450 -0.9446678 0.0453049 0.3247647
1038.200000 -1.6176736 0.1669066 2.7692585 -0.0084695 -0.9501686 0.0464242 0.3081439
1038.700000 -1.6342909 0.1626621 2.6878109 -0.0080267 -0.9545770 0.0469889 0.2941266
1039.133333 -1.6510668 0.1603157 2.6184158 -0.0076916 -0.9575328 0.0472298 0.2843257
1039.766667 -1.6750019 0.1569799 2.5287623 -0.0082654 -0.9611025 0.0474212 0.2719650
1040.500000 -1.7037954 0.1535816 2.4232948 -0.0085680 -0.9683799 0.0482500 0.2446201
1040.966667 -1.7233496 0.1477256 2.3160479 -0.0085582 -0.9785688 0.0487053 0.1998941
1041.833333 -1.7829559 0.1419241 2.1817155 -0.0078141 -0.9829101 0.0478666 0.1775824
1042.733333 -1.8218377 0.1365433 2.0527997 -0.0077318 -0.9875433 0.0478475 0.1496965
1043.366667 -1.8297791 0.1300998 1.9683383 -0.0083322 -0.9914508 0.0479761 0.1210545
1044.033333 -1.8352239 0.1268547 1.8653357 -0.0085832 -0.9945570 0.0483245 0.0919100
1044.900000 -1.8552301 0.1187335 1.7143162 -0.0086270 -0.9955058 0.0485916 0.0808258
1045.866667 -1.8745630 0.1123887 1.5697463 -0.0084933 -0.9958966 0.0500150 0.0749426
1046.800000 -1.8775373 0.1031927 1.3964472 -0.0082120 -0.9972641 0.0505282 0.0533278
1048.100000 -1.9023433 0.0965338 1.2272934 -0.0091190 -0.9975314 0.0520051 0.0462978
1049.400000 -1.9150155 0.0880673 1.0666167 -0.0081042 -0.9978444 0.0522866 0.0388208
1050.366667 -1.9145957 0.0794937 0.9088424 -0.0083090 -0.9982176 0.0535417 0.0250172
1051.666667 -1.9200041 0.0717046 0.7644415 -0.0087602 -0.9983895 0.0542071 0.0142527
1052.700000 -1.9181545 0.0655249 0.6605819 -0.0081848 -0.9984143 0.0545828 0.0110762
1053.700000 -1.9176773 0.0602513 0.5412571 -0.0078787 -0.9984021 0.0557865 0.0043645
1054.733333 -1.9109586 0.0518403 0.4108503 0.0087982 0.9983328 -0.0560444 0.0106406
1055.766667 -1.8885539 0.0469450 0.2936626 0.0084291 0.9976078 -0.0561584 0.0394197
1056.866667 -1.8309530 0.0413300 0.1704883 0.0077604 0.9944957 -0.0567841 0.0877134
1057.533333 -1.7820896 0.0364605 0.1158137 0.0074385 0.9903437 -0.0557361 0.1267181
1058.200000 -1.7271940 0.0322197 0.0649029 0.0073005 0.9840367 -0.0550259 0.1690880
1059.000000 -1.6311131 0.0262426 -0.0020912 0.0073974 0.9712799 -0.0540957 0.2315909
1060.233333 -1.4878807 0.0206446 -0.1039109 0.0070044 0.9466746 -0.0540532 0.3175474
1063.366667 -1.1178036 -0.0099899 -0.3113798 0.0042860 0.8720389 -0.0449205 0.4873520
1066.400000 -0.7301762 -0.0167314 -0.3413060 0.0044049 0.7770663 -0.0385366 0.6282225
1068.566667 -0.4270798 -0.0153822 -0.3199749 0.0035986 0.6907635 -0.0331065 0.7223135
1070.100000 -0.2440445 -0.0107914 -0.2525899 0.0047018 0.6105331 -0.0297475 0.7914179
1071.900000 -0.0649930 -0.0023053 -0.1289135 0.0037768 0.5073724 -0.0245099 0.8613700
1073.633333 0.0634522 0.0059150 0.0509009 0.0026689 0.3858126 -0.0208717 0.9223372
1075.033333 0.1122988 0.0152627 0.2268335 0.0014692 0.2600797 -0.0140022 0.9654845
1082.166667 0.0898439 0.0784855 1.2637532 -0.0020083 -0.0620485 0.0030044 0.9980666
1082.800000 0.0245185 0.0808855 1.3363949 -0.0024582 -0.1293219 0.0056772 0.9915834
1083.566667 -0.0802551 0.0854700 1.4229875 -0.0032895 -0.2121770 0.0099257 0.9771754
1084.200000 -0.1892930 0.0897672 1.4893603 -0.0037328 -0.2811505 0.0139586 0.9595550
1084.700000 -0.2816692 0.0934960 1.5252218 -0.0048632 -0.3404495 0.0165722 0.9401042
1085.100000 -0.3595358 0.0959566 1.5437971 -0.0057925 -0.3886930 0.0184577 0.9211642
1085.500000 -0.4279894 0.0981686 1.5549839 -0.0062255 -0.4308588 0.0206631 0.9021613
1086.000000 -0.5128022 0.0996402 1.5633974 -0.0062217 -0.4771831 0.0232941 0.8784731
1086.800000 -0.6255178 0.1022153 1.5663736 -0.0058559 -0.5306969 0.0261951 0.8471366
1087.466667 -0.7428123 0.1026030 1.5604129 -0.0063456 -0.5886127 0.0296451 0.8078465
1088.366667 -0.8374732 0.1039724 1.5621428 -0.0067360 -0.6271836 0.0312236 0.7782162
1088.666667 -0.8853976 0.1049829 1.5608066 -0.0066967 -0.6434416 0.0317633 0.7648066
1089.166667 -0.9609953 0.1068582 1.5648803 -0.0065891 -0.6574224 0.0325155 0.7527915
1089.566667 -1.0373694 0.1099585 1.5691390 -0.0063840 -0.6649166 0.0335060 0.7461385
1089.966667 -1.0864565 0.1092496 1.5722127 -0.0067447 -0.6701491 0.0332681 0.7414499
1090.433333 -1.1468719 0.1096680 1.5731273 -0.0066206 -0.6760774 0.0331434 0.7360552
1090.900000 -1.2040640 0.1106024 1.5731372 -0.0064813 -0.6822387 0.0333422 0.7303401
1091.433333 -1.2652386 0.1121598 1.5715506 -0.0064190 -0.6890343 0.0337129 0.7239157
1091.866667 -1.3167326 0.1122584 1.5697653 -0.0064088 -0.6948842 0.0335293 0.7183110
1092.366667 -1.3843013 0.1128744 1.5663848 -0.0063947 -0.7028131 0.0342090 0.7105227
1092.766667 -1.4325981 0.1126841 1.5623987 -0.0061038 -0.7089422 0.0351225 0.7043650
1093.200000 -1.4884366 0.1123024 1.5568656 -0.0062565 -0.7183076 0.0361799 0.6947562
1093.566667 -1.5575846 0.1121301 1.5348098 -0.0062048 -0.7418957 0.0380792 0.6694044
1094.033333 -1.6265620 0.1104940 1.5017151 -0.0061881 -0.7678578 0.0390946 0.6393964
1094.533333 -1.7195803 0.1110607 1.4428359 -0.0060684 -0.8036081 0.0411109 0.5937063
1095.333333 -1.8219502 0.1090656 1.3590677 -0.0064708 -0.8344755 0.0428430 0.5493389
1096.233333 -1.8884914 0.1042584 1.2248802 -0.0067012 -0.8783970 0.0462218 0.4756442
1097.166667 -1.9326618 0.0957484 1.0948637 -0.0080167 -0.9155983 0.0490343 0.3990126
1098.566667 -1.9543976 0.0790302 0.8904572 -0.0084629 -0.9602275 0.0514487 0.2743076
1111.000000 -0.9070740 -0.0199987 -0.3390556 0.0034271 0.8195305 -0.0410453 0.5715535
1113.233333 -0.5789814 -0.0163698 -0.3511646 0.0043769 0.7337283 -0.0360416 0.6784723
1114.066667 -0.4644913 -0.0172446 -0.3331537 0.0042007 0.6974331 -0.0330311 0.7158760
1114.566667 -0.3871930 -0.0151431 -0.3162373 0.0040553 0.6738312 -0.0319531 0.7381831
1115.133333 -0.3154142 -0.0142487 -0.2972417 0.0041574 0.6500040 -0.0312057 0.7592784
1115.766667 -0.2445583 -0.0105089 -0.2715410 0.0045311 0.6251865 -0.0310198 0.7798455
1116.300000 -0.1819887 -0.0083474 -0.2372118 0.0045773 0.5955892 -0.0293052 0.8027414
1116.900000 -0.1167811 -0.0050257 -0.1800981 0.0043658 0.5565839 -0.0267683 0.8303485
1144.866667 -0.7353777 0.1891881 3.4409590 -0.0033555 -0.5782033 0.0271671 0.8154333
1145.566667 -0.8610792 0.1930197 3.4340866 -0.0054565 -0.6287594 0.0306192 0.7769777
1146.133333 -0.9693353 0.1926564 3.4091940 -0.0041280 -0.6710864 0.0326731 0.7406474
1146.933333 -1.1150191 0.1907299 3.3470831 -0.0045785 -0.7318133 0.0361545 0.6805302
1147.866667 -1.2307792 0.1904104 3.2693110 -0.0057288 -0.7812430 0.0389771 0.6229827
1148.366667 -1.2938883 0.1872247 3.2065401 -0.0058927 -0.8124363 0.0397056 0.5816666
1157.700000 -1.7244194 0.1275193 1.8142827 0.0086475 0.9987314 -0.0494169 0.0043380
1158.466667 -1.6601501 0.1183759 1.6913311 0.0091190 0.9948994 -0.0494489 0.0874464
1158.800000 -1.5906880 0.1117040 1.6071131 0.0091487 0.9863003 -0.0495351 0.1570806
1159.466667 -1.5327587 0.1075794 1.5551128 0.0095077 0.9765617 -0.0495286 0.2092458
1160.066667 -1.4754387 0.1045516 1.5155547 0.0094109 0.9660855 -0.0493725 0.2532837
1160.533333 -1.4078088 0.1033892 1.4893224 0.0091406 0.9531905 -0.0489639 0.2982396
1161.033333 -1.3386257 0.1029706 1.4656627 0.0085622 0.9386882 -0.0486662 0.3412080
1161.766667 -1.2479782 0.1026966 1.4397608 0.0082938 0.9164996 -0.0479285 0.3970675
1162.466667 -1.1573496 0.1028535 1.4285127 0.0082600 0.8910254 -0.0469148 0.4514473
1162.966667 -1.0860815 0.1054652 1.4291992 0.0086292 0.8711923 -0.0460128 0.4887047
1163.433333 -0.9917539 0.1019379 1.4308164 0.0077920 0.8453314 -0.0436840 0.5323964
1163.933333 -0.9167670 0.1035504 1.4364171 0.0075323 0.8218179 -0.0426111 0.5681047
1164.366667 -0.8576415 0.1033505 1.4380003 0.0071325 0.8031113 -0.0417687 0.5943205
1164.833333 -0.7848631 0.1032494 1.4424659 0.0070610 0.7802124 -0.0408481 0.6241395
1165.566667 -0.6949210 0.1004664 1.4467356 0.0065278 0.7569394 -0.0399017 0.6522332
1166.366667 -0.5897403 0.0994891 1.4441798 0.0071253 0.7481030 -0.0408430 0.6622862
1167.066667 -0.4820546 0.0967629 1.4457376 0.0076050 0.7333140 -0.0405906 0.6786348
1167.733333 -0.3710955 0.0943471 1.4530950 0.0069428 0.7205024 -0.0399867 0.6922639
1168.666667 -0.2445590 0.0922875 1.4651622 0.0056083 0.7052810 -0.0392931 0.7078160
1169.266667 -0.1552895 0.0922582 1.4908656 0.0050984 0.6854955 -0.0380897 0.7270620
1169.700000 -0.0944954 0.0950405 1.5174602 0.0051201 0.6639831 -0.0370727 0.7468104
1170.200000 -0.0226765 0.0989941 1.5681489 0.0051805 0.6244341 -0.0343793 0.7803033
1170.633333 0.0380944 0.1011487 1.6358498 0.0041582 0.5788926 -0.0318130 0.8147723
1171.433333 0.1097308 0.1033241 1.7439604 0.0030428 0.5132871 -0.0281195 0.8577508
1172.266667 0.1633757 0.1092230 1.8595428 0.0035353 0.4337403 -0.0232527 0.9007309
1172.766667 0.1821749 0.1119119 1.9204855 0.0035857 0.3854790 -0.0209103 0.9224727
1173.600000 0.2190140 0.1173216 2.0282757 0.0038919 0.3212406 -0.0181545 0.9468156
1175.666667 0.2806457 0.1373210 2.3465965 0.0031159 0.1889055 -0.0116321 0.9819214
1177.066667 0.2735162 0.1490411 2.5301356 0.0015844 0.1113158 -0.0065861 0.9937620
1178.000000 0.2452823 0.1557423 2.6459303 0.0008751 0.0563373 -0.0047935 0.9983999
1178.833333 0.2106054 0.1620194 2.7445478 0.0006500 0.0069771 -0.0034188 0.9999696
1181.433333 -0.0333544 0.1720215 3.0784235 -0.0020564 -0.1981915 0.0072947 0.9801340
1182.333333 -0.1525254 0.1804620 3.2186344 -0.0017802 -0.2709494 0.0105928 0.9625337
1188.700000 -0.8621817 0.1956038 3.4851961 -0.0032151 -0.5702806 0.0273716 0.8209876
1226.833333 -0.4543510 -0.0203722 -0.4330335 0.0048920 0.7523212 -0.0361477 0.6577858
1228.666667 -0.2333736 -0.0182097 -0.3701204 0.0042038 0.6731963 -0.0327038 0.7387283
1229.300000 -0.1485676 -0.0157790 -0.3315739 0.0048175 0.6344848 -0.0304504 0.7723203
1229.566667 -0.0969157 -0.0135204 -0.2996507 0.0047868 0.6085325 -0.0295941 0.7929626
1230.033333 -0.0582085 -0.0121896 -0.2745580 0.0044918 0.5883948 -0.0286918 0.8080521
1230.733333 -0.0132889 -0.0089499 -0.2405119 0.0044940 0.5631089 -0.0280688 0.8258936
1231.200000 0.0211707 -0.0072882 -0.2099472 0.0043379 0.5388123 -0.0270366 0.8419807
1231.533333 0.0537396 -0.0045145 -0.1749400 0.0042849 0.5076231 -0.0257587 0.8611834
1231.833333 0.1025058 -0.0003320 -0.1188462 0.0040054 0.4463986 -0.0233740 0.8945200
1232.233333 0.1095176 0.0020604 -0.0713906 0.0033097 0.3723231 -0.0207190 0.9278660
