1781254294.911096 0.000000 0.000000 0.000000 0.000000 0.000000 0.000000 1.000000
1781254297.169742 0.244078 -0.011198 0.033301 -0.003074 -0.010802 -0.001354 0.999936
1781254298.305410 0.612079 -0.008349 0.113180 -0.002814 -0.045583 -0.000444 0.998957
1781254299.373671 0.993719 -0.005511 0.231022 -0.001182 -0.067116 0.000090 0.997745
1781254300.909402 1.638950 -0.022917 0.314417 -0.002722 0.017179 -0.009313 0.999805
1781254301.977549 2.109806 -0.024934 0.372732 0.000198 0.021474 -0.011887 0.999699
1781254303.012236 2.555441 -0.040721 0.396175 0.000939 0.059619 -0.015681 0.998098
1781254304.180345 2.964657 -0.061638 0.334800 0.001665 0.205117 -0.023687 0.978449
1781254305.215106 3.197598 -0.067934 0.143922 0.013824 0.456997 -0.035622 0.888647
1781254306.249793 3.287260 -0.114324 -0.179063 0.012921 0.708803 -0.039113 0.704202
1781254307.451307 3.134904 -0.130808 -0.581343 0.013445 0.922583 -0.052228 0.382010
1781254308.486062 2.848168 -0.149167 -0.746039 0.014957 0.992528 -0.052415 0.109163
1781254309.487369 2.506520 -0.133067 -0.673270 0.015819 0.967943 -0.050659 -0.245497
1781254310.488700 2.208391 -0.126554 -0.475634 0.014503 0.943597 -0.045570 -0.327625
1781254312.057431 1.662592 -0.103987 -0.408510 0.019144 0.992477 -0.045589 -0.111999
1781254313.258950 1.280228 -0.102814 -0.579115 0.021812 0.991287 -0.046554 0.121269
1781254314.293633 1.053030 -0.100781 -0.849702 0.021094 0.950742 -0.046572 0.305738
1781254315.428420 0.917842 -0.106439 -1.169956 0.021750 0.914403 -0.046421 0.401546
1781254316.696688 0.775671 -0.089621 -1.344250 0.015507 0.913315 -0.051807 0.403648
1781254318.699262 0.497431 -0.084651 -1.471429 0.013610 0.995948 -0.058167 0.067217
1781254319.733852 0.178733 -0.073086 -1.346150 0.013571 0.961993 -0.055424 -0.267047
1781254320.801785 -0.125949 -0.049234 -1.085697 0.010884 0.911452 -0.052392 -0.407912
1781254321.936511 -0.481644 -0.011573 -0.735655 -0.008592 -0.858977 0.054826 0.508998
1781254323.004497 -0.582774 -0.001658 -0.439130 -0.007373 -0.681165 0.040361 0.730979
1781254324.239454 -0.260455 0.000613 -0.148124 -0.003073 -0.260784 0.014449 0.965284
1781254325.340860 0.100524 -0.005249 -0.053893 -0.002604 -0.091807 0.004410 0.995764
