1781254002.971368 0.0000000 0.0000000 0.0000000 -0.0000000 -0.0000000 -0.0000000 1.0000000
1781254007.916043 0.1042058 -0.0016138 -0.0000025 0.0020119 0.0252761 -0.0020770 0.9996763
1781254008.016257 0.1153876 -0.0015829 -0.0001767 0.0020488 0.0299969 -0.0022597 0.9995454
1781254008.417056 0.1587324 -0.0028022 -0.0020071 0.0021364 0.0459205 -0.0028807 0.9989387
1781254009.184791 0.2401612 -0.0033123 -0.0048137 0.0024253 0.0722189 -0.0040407 0.9973777
1781254010.119696 0.3366161 -0.0033579 -0.0050755 0.0031390 0.0971442 -0.0052996 0.9952513
1781254011.021309 0.4305148 -0.0050333 -0.0021187 0.0031336 0.1375175 -0.0081254 0.9904611
1781254011.957956 0.5236082 -0.0070016 -0.0206481 0.0036151 0.2090049 -0.0136615 0.9778125
1781254012.860179 0.6141077 -0.0089114 -0.0543626 0.0044012 0.2826121 -0.0190213 0.9590356
1781254013.660726 0.6731633 -0.0137578 -0.1026368 0.0048971 0.3794340 -0.0245024 0.9248813
1781254014.695019 0.7190626 -0.0213855 -0.1913138 0.0059318 0.5099277 -0.0328474 0.8595694
1781254015.629245 0.7429745 -0.0310699 -0.2806832 0.0062852 0.6213090 -0.0400082 0.7825184
1781254016.597006 0.7312858 -0.0375749 -0.3561771 0.0069019 0.7335150 -0.0450516 0.6781434
1781254017.898462 0.6684767 -0.0437314 -0.5103573 0.0098544 0.8324064 -0.0523492 0.5515996
1781254019.199829 0.5572802 -0.0504868 -0.6690142 0.0124553 0.8898749 -0.0575673 0.4523866
1781254020.167836 0.4571282 -0.0558565 -0.7869712 0.0118235 0.9170768 -0.0601152 0.3939754
1781254021.335894 0.3487965 -0.0624763 -0.9163164 0.0122241 0.9262364 -0.0612235 0.3717372
1781254022.370440 0.1965402 -0.0720996 -1.0841029 0.0116092 0.9362850 -0.0618526 0.3455574
1781254023.905548 0.0112245 -0.0850171 -1.2904792 0.0104269 0.9371746 -0.0614020 0.3432564
1781254025.741060 -0.1630664 -0.0994300 -1.5438040 0.0090839 0.9140590 -0.0589502 0.4011715
1781254026.908928 -0.2414305 -0.1081396 -1.6895587 0.0098606 0.9083130 -0.0595956 0.4139067
1781254027.843928 -0.3276625 -0.1179387 -1.8454154 0.0103342 0.9132190 -0.0601190 0.4028771
1781254028.545632 -0.4108891 -0.1256642 -1.9339765 0.0106113 0.9267497 -0.0605737 0.3706119
1781254029.380073 -0.5162210 -0.1313445 -2.0457678 0.0099963 0.9345385 -0.0612470 0.3504092
1781254030.247884 -0.6417413 -0.1374840 -2.1587961 0.0087881 0.9443721 -0.0612870 0.3229986
1781254031.115756 -0.7557621 -0.1435690 -2.2640414 0.0076237 0.9428005 -0.0613318 0.3275784
1781254031.883504 -0.8417673 -0.1487600 -2.3460124 0.0073928 0.9387515 -0.0617102 0.3389437
1781254032.684646 -0.9338806 -0.1537794 -2.4325964 0.0074531 0.9373819 -0.0615910 0.3427333
1781254033.385655 -1.0503840 -0.1587655 -2.5230997 0.0073402 0.9421632 -0.0615382 0.3293746
1781254033.986514 -1.1439099 -0.1631028 -2.6141388 0.0075731 0.9372651 -0.0621098 0.3429565
1781254034.553980 -1.2274332 -0.1692870 -2.7010961 0.0069648 0.9343417 -0.0620472 0.3508663
1781254035.755661 -1.4035492 -0.1846134 -2.8610244 0.0062469 0.9423559 -0.0606226 0.3290156
1781254037.291139 -1.6257124 -0.1966552 -3.0853016 0.0073108 0.9447528 -0.0596700 0.3222238
1781254038.158955 -1.7575946 -0.2044628 -3.1752026 0.0059733 0.9628964 -0.0602543 0.2629911
1781254039.060193 -1.9190335 -0.2052477 -3.1965787 0.0070917 0.9932376 -0.0635384 0.0969114
1781254040.964249 -2.2115378 -0.1829140 -3.0509958 -0.0103639 -0.9598455 0.0662925 0.2723868
1781254041.933258 -2.3393066 -0.1698925 -2.9060018 -0.0119143 -0.9067906 0.0634550 0.4166082
1781254043.334782 -2.4163601 -0.1591661 -2.6951573 -0.0118706 -0.7971693 0.0538245 0.6012347
1781254044.669604 -2.3577194 -0.1477872 -2.4737756 -0.0124665 -0.6698702 0.0440527 0.7410654
1781254046.137819 -2.2920070 -0.1282220 -2.1515458 -0.0124976 -0.6534199 0.0436292 0.7556340
1781254046.871984 -2.2613397 -0.1216511 -2.0341170 -0.0129110 -0.5991740 0.0404422 0.7994926
1781254047.572775 -2.1772008 -0.1195659 -1.9775161 -0.0135127 -0.4887892 0.0326092 0.8716875
1781254048.440445 -2.0130870 -0.1177321 -1.9340693 -0.0122583 -0.3533476 0.0240703 0.9351020
1781254049.274754 -1.8184361 -0.1168558 -1.8775495 -0.0110933 -0.2650239 0.0191889 0.9639871
1781254049.808734 -1.7017305 -0.1150705 -1.8549207 -0.0106637 -0.2172259 0.0161741 0.9759291
1781254050.409465 -1.6017023 -0.1150994 -1.8432692 -0.0095254 -0.1658890 0.0118656 0.9860271
1781254051.110299 -1.4492595 -0.1169875 -1.8448465 -0.0089611 -0.1132664 0.0081890 0.9934905
1781254051.744383 -1.3035408 -0.1159249 -1.8165017 -0.0088176 -0.1282641 0.0091104 0.9916590
1781254052.078112 -1.2296276 -0.1136192 -1.7773286 -0.0088548 -0.1674021 0.0108597 0.9857891
1781254052.411834 -1.1593342 -0.1115819 -1.7279825 -0.0093327 -0.2097805 0.0135728 0.9776098
1781254052.912416 -1.0772591 -0.1078307 -1.6541415 -0.0098341 -0.2597169 0.0160501 0.9655014
1781254053.479729 -1.0151320 -0.1025597 -1.5761186 -0.0101862 -0.2945587 0.0174540 0.9554197
1781254053.846828 -0.9791605 -0.0986676 -1.5142732 -0.0106722 -0.3266692 0.0191697 0.9448841
1781254054.247293 -0.9480758 -0.0947781 -1.4506732 -0.0105537 -0.3651302 0.0217845 0.9306417
1781254054.814633 -0.9162735 -0.0890299 -1.3625057 -0.0107032 -0.4147931 0.0247980 0.9095148
1781254055.415345 -0.8935097 -0.0843065 -1.2807337 -0.0110926 -0.4601524 0.0284209 0.8873156
1781254056.082685 -0.8785527 -0.0790358 -1.1929286 -0.0127001 -0.5075558 0.0312965 0.8609567
1781254057.485748 -0.8899697 -0.0612812 -0.9595159 -0.0149121 -0.6408855 0.0402420 0.7664359
1781254058.387025 -0.9602935 -0.0461280 -0.7999708 -0.0138952 -0.7378654 0.0465842 0.6731950
1781254059.288326 -1.0624063 -0.0326639 -0.6726433 -0.0141217 -0.8156098 0.0524667 0.5760456
1781254060.559129 -1.1782476 -0.0183413 -0.4587349 -0.0146461 -0.7840713 0.0498773 0.6184901
1781254061.393329 -1.1600521 -0.0061205 -0.2849811 -0.0127052 -0.6590667 0.0412552 0.7508446
1781254062.060759 -1.1033391 0.0012350 -0.1750365 -0.0114369 -0.5887505 0.0358257 0.8074395
1781254063.028478 -1.0232661 0.0112362 0.0236853 -0.0112046 -0.5667188 0.0341887 0.8231254
1781254064.797092 -0.8215117 0.0187673 0.0889506 -0.0040770 -0.1955951 0.0090903 0.9806342
1781254065.564648 -0.6273781 0.0180231 0.0669965 0.0011526 -0.0215387 -0.0035464 0.9997611
1781254066.065251 -0.5028049 0.0149984 0.0421989 0.0035360 0.0652026 -0.0082069 0.9978321
1781254069.202236 0.1303089 0.0022542 0.0488152 0.0019226 -0.0211979 0.0013447 0.9997725
1781254071.037765 0.5744960 -0.0051415 0.0307242 0.0019785 0.0842819 -0.0059821 0.9964221
1781254072.372612 0.8207986 -0.0143772 -0.0864976 0.0048410 0.3472931 -0.0232304 0.9374564
1781254073.173453 0.8943682 -0.0277656 -0.2376841 0.0068871 0.5141144 -0.0326955 0.8570706
1781254074.741977 0.8598323 -0.0397276 -0.3901367 0.0078554 0.6939345 -0.0448499 0.7185971
1781254076.177947 0.7422140 -0.0400476 -0.3610449 0.0081131 0.7734949 -0.0462403 0.6320614
1781254077.746951 0.4983569 -0.0480295 -0.6553349 0.0116910 0.8544440 -0.0558592 0.5163997
1781254080.219116 0.0782957 -0.0793093 -1.1765631 0.0101500 0.8975849 -0.0581985 0.4368654
1781254081.287002 -0.0485047 -0.0914018 -1.3841058 0.0075922 0.8736596 -0.0560430 0.4832397
1781254082.321522 -0.1361592 -0.1008099 -1.5693836 0.0076122 0.8522019 -0.0554733 0.5202084
1781254087.260435 -1.0216691 -0.1559371 -2.4946408 0.0079187 0.9365172 -0.0608556 0.3452092
1781254088.929090 -1.3189416 -0.1769946 -2.7620018 0.0074614 0.9242817 -0.0587585 0.3770877
1781254089.830158 -1.4840567 -0.1900418 -2.9493062 0.0060655 0.9322155 -0.0586603 0.3570665
1781254091.465430 -1.8372333 -0.1999050 -3.0979669 0.0080082 0.9948581 -0.0626715 0.0791544
1781254092.299717 -2.0245643 -0.1887520 -3.0426457 -0.0093620 -0.9901353 0.0651255 0.1237058
1781254093.067212 -2.1598301 -0.1714859 -2.9193611 -0.0118363 -0.9510688 0.0654334 0.3017393
1781254093.500995 -2.2247257 -0.1651590 -2.8280501 -0.0123753 -0.9104382 0.0627599 0.4086689
1781254095.739034 -2.3165908 -0.1313525 -2.2475512 -0.0130243 -0.6831028 0.0461927 0.7287435
1781254097.309633 -2.1113634 -0.1196721 -1.9925784 -0.0129654 -0.4562201 0.0313007 0.8892218
1781254103.749822 -0.8856640 -0.0724881 -1.1063616 -0.0135012 -0.5702323 0.0360386 0.8205816
1781254106.185853 -1.0584526 -0.0276744 -0.5607634 -0.0144635 -0.7784662 0.0492674 0.6255829
1781254108.188100 -0.9878156 0.0014531 -0.1193959 -0.0110606 -0.5048039 0.0294365 0.8626611
1781254109.656438 -0.7101374 0.0163764 0.0515013 -0.0024575 -0.1361931 0.0061229 0.9906604
1781254112.962940 0.1987755 0.0009756 0.0610438 0.0008918 -0.0122303 0.0017576 0.9999233
1781254115.367181 0.5809565 -0.0338741 -0.3171702 0.0096149 0.6347936 -0.0384976 0.7716622
1781254115.667516 0.5443298 -0.0524177 -0.4448145 0.0079203 0.6784518 -0.0366251 0.7336887
1781254116.902282 0.4029633 -0.0474887 -0.6929295 0.0108092 0.8379073 -0.0550837 0.5429184
1781254120.940468 -0.2365546 -0.1109166 -1.7374377 0.0090910 0.8654532 -0.0573277 0.4976160
1781254126.813308 -1.4873941 -0.1873072 -2.8964210 0.0069181 0.9535982 -0.0600561 0.2949507
1781254127.614199 -1.7121284 -0.1915035 -2.9699650 0.0066662 0.9898362 -0.0621239 0.1277522
1781254128.782555 -2.0657587 -0.1796723 -2.9401641 -0.0095440 -0.9863583 0.0660577 0.1504748
1781254129.083358 -2.1481276 -0.6460028 -2.7949352 -0.0929544 -0.9642321 -0.0766957 0.2360800
1781254129.818324 -2.2849383 -0.1647734 -2.7241573 -0.0138189 -0.8689088 0.0575604 0.4914197
1781254130.586010 -2.3430111 -0.1484783 -2.5089178 -0.0128296 -0.7757966 0.0512398 0.6287683
1781254132.288305 -2.1506202 -0.1228150 -2.0455110 -0.0124910 -0.4548166 0.0312286 0.8899499
1781254137.629284 -0.8722546 -0.0698079 -1.0678802 -0.0144636 -0.5927930 0.0378172 0.8043365
1781254139.932421 -1.1056705 -0.0212165 -0.4630637 -0.0150088 -0.7386435 0.0472193 0.6722730
1781254142.669389 -0.7298778 0.0157109 0.0229993 -0.0022880 -0.1246934 0.0066781 0.9921702
1781254143.737501 -0.4044935 0.0076409 -0.0235887 0.0020085 0.0127918 -0.0039916 0.9999082
1781254144.705479 -0.1216866 0.0034388 -0.0211195 0.0014819 -0.0285852 -0.0004280 0.9995902
1781254146.140757 0.3965684 -0.0030227 0.0137918 -0.0000776 -0.0931281 0.0072592 0.9956277
1781254147.943218 0.7010810 -0.0012609 0.1059684 -0.0027785 -0.1593417 0.0088245 0.9871802
