1781254295.133889 0.0000000 0.0000000 0.0000000 -0.0000000 -0.0000000 -0.0000000 1.0000000
1781254296.635653 0.1348308 0.0005566 0.0050241 0.0008320 -0.0024849 0.0008355 0.9999962
1781254296.669032 0.1416207 0.0000145 0.0061931 0.0006097 -0.0026223 0.0006900 0.9999962
1781254296.869306 0.1815436 -0.0008245 0.0153279 0.0004578 -0.0077122 0.0002690 0.9999701
1781254297.169742 0.2525498 -0.0017254 0.0302397 0.0001326 -0.0137043 0.0006779 0.9999059
1781254297.470336 0.3384639 -0.0015972 0.0480625 0.0005517 -0.0267409 0.0007873 0.9996420
1781254297.804387 0.4486779 -0.0012286 0.0731489 -0.0000082 -0.0407900 0.0009457 0.9991673
1781254298.138498 0.5644336 0.0003103 0.0993638 -0.0000888 -0.0479602 0.0014190 0.9988483
1781254298.438943 0.6792395 -0.0001515 0.1265977 -0.0005946 -0.0506355 0.0012819 0.9987162
1781254298.672630 0.7695665 0.0011209 0.1531139 -0.0009175 -0.0508300 0.0009951 0.9987064
1781254298.872939 0.8434086 -0.0001479 0.1732300 -0.0014755 -0.0501252 0.0011235 0.9987412
1781254299.073252 0.9137224 -0.0003720 0.1951055 -0.0011525 -0.0554077 0.0011814 0.9984624
1781254299.340293 1.0026522 -0.0004513 0.2272540 -0.0004227 -0.0723357 0.0026293 0.9973768
1781254299.607321 1.0959051 -0.0008224 0.2578849 -0.0002483 -0.0767551 0.0028808 0.9970458
1781254299.807592 1.1762173 -0.0023369 0.2731526 -0.0001660 -0.0637549 0.0024065 0.9979627
1781254299.974486 1.2461598 -0.0029706 0.2831817 0.0001210 -0.0523116 0.0013777 0.9986299
1781254300.208159 1.3427875 -0.0098500 0.2935887 -0.0013842 -0.0344948 0.0007095 0.9994037
1781254300.475285 1.4598298 -0.0086315 0.3082254 -0.0010131 -0.0148324 -0.0010989 0.9998889
1781254300.675641 1.5495048 -0.0075111 0.3193353 -0.0007765 -0.0004513 -0.0026928 0.9999960
1781254300.876007 1.6407598 -0.0070440 0.3296199 -0.0002568 0.0110491 -0.0043388 0.9999295
1781254300.976193 1.6938448 -0.0091345 0.3336725 -0.0008061 0.0134587 -0.0043541 0.9998996
1781254301.143175 1.7688242 -0.0119485 0.3417061 -0.0015421 0.0148855 -0.0046664 0.9998772
1781254301.243301 1.8146741 -0.0124646 0.3470091 -0.0013279 0.0158353 -0.0046883 0.9998628
1781254301.376802 1.8717397 -0.0127372 0.3553664 -0.0008958 0.0148313 -0.0051144 0.9998766
1781254301.443552 1.9038519 -0.0155918 0.3562302 -0.0015541 0.0134705 -0.0051242 0.9998950
1781254301.543679 1.9475148 -0.0130448 0.3641097 -0.0006698 0.0133288 -0.0054286 0.9998962
1781254301.643803 1.9928088 -0.0130430 0.3707416 -0.0004307 0.0146818 -0.0054756 0.9998772
1781254301.743927 2.0402505 -0.0128681 0.3772065 -0.0001464 0.0125643 -0.0052993 0.9999070
1781254301.844051 2.0866182 -0.0125849 0.3842016 -0.0000305 0.0117580 -0.0050350 0.9999182
1781254301.944175 2.1310976 -0.0124977 0.3905138 -0.0002417 0.0115712 -0.0051510 0.9999198
1781254302.111047 2.2036035 -0.0128685 0.4010297 0.0002364 0.0102597 -0.0051752 0.9999340
1781254302.244555 2.2608232 -0.0120817 0.4095897 0.0010022 0.0106724 -0.0050555 0.9999298
1781254302.378064 2.3177884 -0.0136613 0.4126118 0.0014010 0.0147051 -0.0056319 0.9998751
1781254302.544951 2.3896782 -0.0144528 0.4179274 0.0021881 0.0210795 -0.0059422 0.9997578
1781254302.711839 2.4629934 -0.0169635 0.4229960 0.0015708 0.0274965 -0.0062567 0.9996011
1781254302.912104 2.5455332 -0.0217287 0.4258626 0.0001564 0.0429480 -0.0070577 0.9990524
1781254303.112368 2.6232271 -0.0218245 0.4285055 0.0010608 0.0558446 -0.0086158 0.9984018
1781254303.312618 2.6951020 -0.0225929 0.4299456 0.0013713 0.0650372 -0.0093326 0.9978383
1781254303.479490 2.7562635 -0.0254448 0.4284357 0.0003602 0.0791720 -0.0094163 0.9968165
1781254303.612987 2.8052306 -0.0264112 0.4230274 0.0007217 0.0964218 -0.0100572 0.9952895
1781254303.746483 2.8535430 -0.0273697 0.4142222 0.0008600 0.1179046 -0.0110133 0.9929635
1781254303.980099 2.9348619 -0.0317515 0.3938751 0.0005815 0.1573473 -0.0128690 0.9874593
1781254304.280483 3.0263891 -0.0343691 0.3586699 0.0024082 0.2169472 -0.0154726 0.9760578
1781254304.747795 3.1472368 -0.0442056 0.2777605 0.0045455 0.3178089 -0.0203183 0.9479262
1781254305.248483 3.2351439 -0.0475746 0.1697214 0.0073729 0.4578952 -0.0289615 0.8885037
1781254305.582256 3.2798750 -0.0498868 0.0845876 0.0096410 0.5443551 -0.0335288 0.8381291
1781254305.849275 3.3092313 -0.0550616 0.0023634 0.0107900 0.6095967 -0.0372860 0.7917608
1781254306.082915 3.3306959 -0.0497790 -0.0751386 0.0146632 0.6670604 -0.0429023 0.7436228
1781254306.650284 3.3102648 -0.0698944 -0.2198603 0.0150480 0.8046509 -0.0457991 0.5917879
1781254307.284408 3.2134030 -0.0733454 -0.4015536 0.0169895 0.9125248 -0.0528893 0.4052314
1781254307.751728 3.0883865 -0.0873882 -0.5023329 0.0152496 0.9582837 -0.0526995 0.2805041
1781254308.018771 3.0043039 -0.0871426 -0.5535612 0.0156160 0.9762850 -0.0542625 0.2089960
1781254308.252423 2.9318635 -0.0878611 -0.5838172 0.0165128 0.9879234 -0.0544584 0.1441146
1781254308.419308 2.8814063 -0.0863567 -0.6008575 0.0168734 0.9932184 -0.0548908 0.1010912
1781254308.619570 2.8188949 -0.0856448 -0.6110909 0.0172093 0.9971744 -0.0551518 0.0480140
1781254308.853208 2.7375207 -0.0820739 -0.6030951 -0.0175174 -0.9977875 0.0550286 0.0329429
1781254309.053468 2.6676872 -0.0808696 -0.5841159 -0.0170759 -0.9921499 0.0544120 0.1112941
1781254309.186975 2.6197600 -0.0806177 -0.5664472 -0.0176426 -0.9855618 0.0535658 0.1596476
1781254309.320484 2.5732250 -0.0782770 -0.5442876 -0.0172911 -0.9770807 0.0531067 0.2054120
1781254309.353861 2.5660372 -0.0781418 -0.5394212 -0.0171328 -0.9747774 0.0527843 0.2161697
1781254309.420615 2.5365396 -0.0751119 -0.5307894 -0.0169614 -0.9710302 0.0529681 0.2323942
1781254309.554123 2.5001218 -0.0730801 -0.5069155 -0.0163312 -0.9602038 0.0518942 0.2739508
1781254309.620877 2.4736915 -0.0723634 -0.4913112 -0.0157312 -0.9566652 0.0513868 0.2861880
1781254309.821138 2.4115756 -0.0705682 -0.4507260 -0.0155188 -0.9427506 0.0502168 0.3293308
1781254309.988024 2.3579552 -0.0686586 -0.4119983 -0.0146626 -0.9361150 0.0494789 0.3478872
1781254310.288425 2.2557731 -0.0625254 -0.3651559 -0.0146538 -0.9382601 0.0502358 0.3419497
1781254310.522080 2.1754699 -0.0589077 -0.3283195 -0.0147336 -0.9439346 0.0506172 0.3258963
1781254310.722357 2.1025686 -0.0559477 -0.3034929 -0.0150637 -0.9518980 0.0508592 0.3017893
1781254310.855875 2.0540252 -0.0536400 -0.2924904 -0.0150020 -0.9576630 0.0515691 0.2828377
1781254310.989393 2.0075762 -0.0522419 -0.2841040 -0.0152478 -0.9626092 0.0514605 0.2655236
1781254311.223042 1.9271355 -0.0500248 -0.2745657 -0.0152157 -0.9714185 0.0519086 0.2311279
1781254311.423297 1.8546675 -0.0481785 -0.2699416 -0.0153992 -0.9783942 0.0521702 0.1994640
1781254311.656925 1.7712083 -0.0464555 -0.2739174 -0.0155592 -0.9851413 0.0531789 0.1625621
1781254311.923929 1.6788265 -0.0459277 -0.2880081 -0.0150434 -0.9915654 0.0531408 0.1172511
1781254312.157557 1.5996825 -0.0461257 -0.3125255 -0.0145200 -0.9962519 0.0535503 0.0663600
1781254312.324435 1.5420263 -0.0457296 -0.3344436 -0.0149346 -0.9980633 0.0538869 0.0272560
1781254312.457937 1.4993706 -0.0464187 -0.3555404 0.0145072 0.9984280 -0.0541050 0.0019227
1781254312.624814 1.4461377 -0.0465805 -0.3827729 0.0144947 0.9975818 -0.0547986 0.0402194
1781254312.758316 1.4035795 -0.0473810 -0.4075146 0.0148979 0.9960954 -0.0548577 0.0675471
1781254312.925193 1.3470607 -0.0470802 -0.4393176 0.0149907 0.9934675 -0.0552118 0.0987383
1781254313.125444 1.2840710 -0.0479138 -0.4800310 0.0152347 0.9901386 -0.0550548 0.1279159
1781254313.359081 1.2168429 -0.0488288 -0.5347871 0.0155442 0.9845282 -0.0544041 0.1658399
1781254313.559344 1.1612883 -0.0493833 -0.5898545 0.0154703 0.9779608 -0.0540670 0.2010722
1781254313.759605 1.1136248 -0.0518134 -0.6448554 0.0150250 0.9704131 -0.0532234 0.2350319
1781254313.959866 1.0761169 -0.0555367 -0.7020527 0.0148750 0.9603642 -0.0519806 0.2734546
1781254314.160128 1.0478339 -0.0581015 -0.7568249 0.0142586 0.9489710 -0.0518082 0.3107520
1781254314.393761 1.0185622 -0.0614340 -0.8172880 0.0138411 0.9356286 -0.0513416 0.3489580
1781254314.727522 0.9889420 -0.0646914 -0.9150200 0.0142388 0.9128643 -0.0508308 0.4048361
1781254314.927780 0.9714755 -0.0682337 -0.9720031 0.0139912 0.9025990 -0.0503213 0.4273021
1781254315.228164 0.9340597 -0.0736471 -1.0649947 0.0137168 0.8979154 -0.0497490 0.4371324
1781254315.395044 0.9128447 -0.0773137 -1.1199739 0.0135048 0.8996150 -0.0497536 0.4336300
1781254315.628676 0.8901833 -0.0796515 -1.1765177 0.0135865 0.9040042 -0.0505295 0.4243096
1781254317.163935 0.8718492 -0.0819008 -1.2171540 0.0134487 0.9067533 -0.0498166 0.4184925
1781254317.597845 0.8456180 -0.0831729 -1.2462947 0.0125712 0.9139752 -0.0511636 0.4023353
1781254317.798112 0.8265142 -0.0831475 -1.2587837 0.0131498 0.9233814 -0.0511289 0.3802364
1781254317.965000 0.7978575 -0.0817327 -1.2723352 0.0132672 0.9440584 -0.0526379 0.3252798
1781254318.198641 0.7457851 -0.0820477 -1.3011369 0.0126062 0.9658961 -0.0540824 0.2529048
1781254318.499014 0.6636236 -0.0832855 -1.3234296 0.0122690 0.9862354 -0.0549505 0.1554659
1781254318.766011 0.5832689 -0.0860091 -1.3313292 0.0114486 0.9961138 -0.0549660 0.0678605
1781254319.066382 0.4859826 -0.0832853 -1.3225400 -0.0106023 -0.9979411 0.0556525 0.0300666
1781254319.400119 0.3698796 -0.0768593 -1.2869914 -0.0112318 -0.9879497 0.0561506 0.1437929
1781254319.566985 0.3186640 -0.0736451 -1.2610240 -0.0110992 -0.9789885 0.0559910 0.1957635
1781254319.700478 0.2778150 -0.0714219 -1.2363899 -0.0110110 -0.9708927 0.0557079 0.2326859
1781254319.833972 0.2361513 -0.0688701 -1.2103872 -0.0105882 -0.9631680 0.0557375 0.2628470
1781254319.967464 0.1944284 -0.0667832 -1.1809330 -0.0105780 -0.9561365 0.0557127 0.2873800
1781254320.134328 0.1453565 -0.0645725 -1.1404977 -0.0103537 -0.9474469 0.0556041 0.3148736
1781254320.334566 0.0902418 -0.0612755 -1.0942374 -0.0092179 -0.9361808 0.0543693 0.3471666
1781254320.534804 0.0322150 -0.0581621 -1.0467992 -0.0095383 -0.9291507 0.0543789 0.3655556
1781254320.835158 -0.0567074 -0.0534549 -0.9761705 -0.0097826 -0.9214934 0.0537338 0.3845347
1781254321.168884 -0.1642940 -0.0466494 -0.8869490 -0.0100164 -0.9131893 0.0535858 0.4038733
1781254321.536010 -0.2882845 -0.0407081 -0.7818594 -0.0102962 -0.8989293 0.0530497 0.4347480
1781254321.803010 -0.3658704 -0.0348164 -0.6988962 -0.0100169 -0.8795283 0.0527335 0.4728096
1781254322.103385 -0.4366515 -0.0263715 -0.6174401 -0.0090170 -0.8546236 0.0525354 0.5165048
1781254322.437131 -0.4928699 -0.0189117 -0.5296818 -0.0073065 -0.8132329 0.0500396 0.5797369
1781254322.770877 -0.5216109 -0.0122282 -0.4532223 -0.0057320 -0.7535872 0.0460468 0.6557081
1781254323.104620 -0.5094064 -0.0076082 -0.3723471 -0.0040312 -0.6632411 0.0404783 0.7472995
1781254323.338258 -0.4773312 -0.0035707 -0.3146085 -0.0033158 -0.5866703 0.0359439 0.8090211
1781254323.571901 -0.4229277 -0.0040415 -0.2572549 -0.0040498 -0.4945067 0.0320819 0.8685721
1781254323.838923 -0.3605931 -0.0049425 -0.2061725 -0.0038754 -0.3904474 0.0272235 0.9202145
1781254324.206078 -0.2490981 0.0004205 -0.1419254 -0.0013509 -0.2779241 0.0215226 0.9603610
1781254324.606586 -0.1105554 0.0013850 -0.0994787 -0.0001018 -0.1904316 0.0145859 0.9815921
1781254324.840216 -0.0298957 0.0014237 -0.0775537 0.0002283 -0.1545070 0.0121869 0.9879165
1781254325.073844 0.0421244 0.0021006 -0.0609687 0.0008548 -0.1265161 0.0106582 0.9919069
1781254325.307482 0.1010594 0.0003029 -0.0563007 0.0003345 -0.1018492 0.0091453 0.9947578
1781254325.708016 0.1374218 -0.0028205 -0.0553732 -0.0004014 -0.0816890 0.0067922 0.9966347
