1781254341.211474 0.000000 0.000000 0.000000 0.000000 0.000000 0.000000 1.000000
1781254344.434775 0.397492 -0.023036 0.039970 -0.007023 -0.030868 0.000889 0.999498
1781254345.436426 0.658265 -0.024220 0.100591 -0.009148 -0.057727 0.001272 0.998290
1781254346.437801 0.969236 -0.020242 0.178195 -0.007046 -0.045243 0.001130 0.998951
1781254347.472598 1.338542 -0.026455 0.162633 -0.005112 0.040974 -0.007158 0.999122
1781254348.607382 1.646526 -0.031602 0.154795 -0.004847 0.068216 -0.010438 0.997604
1781254349.608675 1.886047 -0.043243 0.154772 -0.007251 0.056895 -0.011265 0.998290
1781254350.676645 2.180461 -0.049719 0.140267 -0.006890 0.059337 -0.012345 0.998138
1781254351.711367 2.465699 -0.084552 0.076736 -0.016919 0.109788 -0.011583 0.993744
1781254352.712909 2.768312 -0.106497 -0.042651 -0.018278 0.243807 -0.020271 0.969440
1781254353.714220 2.981690 -0.128787 -0.190417 -0.015287 0.407342 -0.031404 0.912608
1781254355.049145 3.096497 -0.147399 -0.436463 -0.008624 0.622284 -0.049474 0.781179
1781254356.117106 3.099809 -0.174598 -0.685467 -0.005560 0.751192 -0.060887 0.657246
1781254357.118343 3.022981 -0.182154 -0.902284 0.001343 0.844797 -0.072663 0.530128
1781254358.119599 2.867507 -0.203235 -1.057046 0.004281 0.928128 -0.076647 0.364260
1781254359.154279 2.679744 -0.206842 -1.131103 0.010229 0.978212 -0.079300 0.191594
1781254360.155573 2.477312 -0.197501 -1.123605 0.016572 0.996666 -0.079328 -0.009445
1781254361.156882 2.271763 -0.186411 -1.034347 0.022029 0.975094 -0.076084 -0.207164
1781254362.158164 2.095574 -0.161465 -0.906983 0.023000 0.940114 -0.072479 -0.332271
1781254363.159422 1.889559 -0.130547 -0.743459 0.022627 0.930932 -0.070390 -0.357628
1781254364.160724 1.682099 -0.113557 -0.638128 0.021335 0.946994 -0.070035 -0.312798
1781254365.362325 1.414535 -0.092798 -0.582185 0.019070 0.976641 -0.071575 -0.201708
1781254366.396995 1.204132 -0.082477 -0.604975 0.016582 0.992172 -0.070665 -0.101615
1781254367.431694 1.000761 -0.081077 -0.687874 0.013968 0.996881 -0.071486 0.030378
1781254368.599918 0.807425 -0.087467 -0.855818 0.011383 0.981151 -0.069492 0.179955
1781254369.801882 0.668139 -0.104537 -1.076432 0.008025 0.939736 -0.067322 0.335110
1781254370.871927 0.587841 -0.119218 -1.318339 0.005452 0.891191 -0.062957 0.449204
1781254371.939653 0.474195 -0.124571 -1.452523 0.006932 0.926764 -0.065728 0.369783
1781254373.074146 0.280164 -0.127336 -1.506317 0.010713 0.980605 -0.067135 0.183826
1781254374.175318 0.075840 -0.122628 -1.483766 0.010738 0.997325 -0.067518 -0.025850
1781254376.177418 -0.029626 -0.114553 -1.379231 0.012982 0.993093 -0.066972 -0.095459
1781254377.211826 -0.140111 -0.102829 -1.262523 0.014213 0.986726 -0.066268 -0.147572
1781254378.312952 -0.248958 -0.088190 -1.118803 0.013712 0.977613 -0.065529 -0.199477
1781254379.347483 -0.376457 -0.076774 -0.967221 0.013070 0.966836 -0.065038 -0.246631
1781254380.381954 -0.516813 -0.066748 -0.837015 0.012632 0.962277 -0.064267 -0.264070
1781254381.416368 -0.702276 -0.052437 -0.662765 0.014490 0.950246 -0.063611 -0.304593
1781254382.417446 -0.807678 -0.035284 -0.522641 0.014267 0.917732 -0.063316 -0.391862
1781254383.418538 -0.821973 -0.020300 -0.383227 0.011722 0.872893 -0.060285 -0.484031
1781254384.519694 -0.718742 -0.013122 -0.170206 -0.010721 -0.768890 0.051944 0.637177
1781254385.554173 -0.551558 -0.012066 -0.080681 -0.009997 -0.648123 0.043193 0.760244
1781254386.623380 -0.381912 -0.012081 -0.036227 -0.010064 -0.506868 0.034133 0.861289
1781254387.658696 -0.254925 -0.009931 -0.015775 -0.010022 -0.385584 0.025544 0.922265
1781254388.826853 -0.165113 -0.007259 -0.054223 -0.007053 -0.285791 0.018073 0.958096
1781254389.828155 -0.110691 -0.005828 -0.053635 -0.005562 -0.213657 0.012059 0.976819
1781254390.896085 -0.018071 -0.006608 -0.057868 -0.004225 -0.078791 0.004554 0.996872
1781254391.897321 -0.005898 -0.007639 -0.066831 -0.003017 0.016831 -0.001631 0.999853
1781254397.003534 -0.053286 -0.115868 -0.023647 0.015051 0.036041 -0.007171 0.999211
1781254398.104919 -0.125710 -0.168176 -0.045851 0.041050 -0.059544 -0.041504 0.996517
1781254399.340080 -0.161644 -0.109153 0.019193 -0.071576 -0.123229 -0.006257 0.989774
1781254400.441558 0.032140 -0.083119 0.091388 -0.099314 0.134440 -0.000162 0.985932
1781254401.509481 0.029140 -0.204003 0.076018 0.013728 0.144167 -0.061735 0.987530
1781254402.810996 -0.141592 -0.204545 -0.002033 0.002713 -0.107439 -0.040750 0.993372
1781254403.945937 -0.078526 -0.098803 0.057420 -0.087197 -0.004559 -0.013494 0.996089
1781254404.947192 0.034642 -0.167360 0.074025 0.010292 0.065492 -0.067034 0.995546
1781254406.115323 0.029593 -0.253844 0.008424 0.079978 0.063400 -0.057524 0.993114
1781254407.216745 -0.094322 -0.229473 -0.021807 0.043634 -0.073755 -0.052955 0.994913
1781254408.251413 -0.174559 -0.215552 -0.216793 0.024516 -0.072456 -0.038169 0.996339
1781254409.486223 0.020358 -0.216791 -0.143906 -0.022952 -0.000524 -0.017554 0.999582
1781254410.654364 0.004136 -0.273316 0.168924 0.006576 0.161598 -0.050776 0.985528
1781254412.089669 -0.202106 -0.148332 0.097232 -0.001185 -0.019962 -0.003888 0.999792
1781254413.191083 -0.039534 0.004870 0.106347 0.004756 0.016708 -0.006538 0.999828
