0.000000 0.000000 0.000000 -0.254925 -0.009931 -0.015775
0.000000 0.000000 0.000000 -0.165113 -0.007259 -0.054223
0.000000 0.000000 0.000000 -0.110691 -0.005828 -0.053635
0.000000 0.000000 0.000000 -0.018071 -0.006608 -0.057868
0.000000 0.000000 0.000000 -0.005898 -0.007639 -0.066831
0.000000 0.000000 0.000000 -0.053286 -0.115868 -0.023647
0.000000 0.000000 0.000000 -0.125710 -0.168176 -0.045851
0.000000 0.000000 0.000000 -0.161644 -0.109153 0.019193
0.000000 0.000000 0.000000 0.032140 -0.083119 0.091388
0.000000 0.000000 0.000000 -0.078526 -0.098803 0.057420
0.000000 0.000000 0.000000 0.034642 -0.167360 0.074025
0.000000 0.000000 0.000000 -0.094322 -0.229473 -0.021807
0.000000 0.000000 0.000000 -0.202106 -0.148332 0.097232
0.000000 0.000000 0.000000 -0.039534 0.004870 0.106347
0.397492 -0.023036 0.039970 0.029140 -0.204003 0.076018
-0.254925 -0.009931 -0.015775 0.000000 0.000000 0.000000
-0.165113 -0.007259 -0.054223 0.000000 0.000000 0.000000
-0.110691 -0.005828 -0.053635 0.000000 0.000000 0.000000
-0.018071 -0.006608 -0.057868 0.000000 0.000000 0.000000
-0.005898 -0.007639 -0.066831 0.000000 0.000000 0.000000
-0.053286 -0.115868 -0.023647 0.000000 0.000000 0.000000
-0.053286 -0.115868 -0.023647 -0.174559 -0.215552 -0.216793
-0.053286 -0.115868 -0.023647 0.020358 -0.216791 -0.143906
-0.053286 -0.115868 -0.023647 0.004136 -0.273316 0.168924
-0.125710 -0.168176 -0.045851 0.000000 0.000000 0.000000
-0.161644 -0.109153 0.019193 0.000000 0.000000 0.000000
0.032140 -0.083119 0.091388 0.000000 0.000000 0.000000
0.029140 -0.204003 0.076018 0.397492 -0.023036 0.039970
-0.078526 -0.098803 0.057420 0.000000 0.000000 0.000000
0.034642 -0.167360 0.074025 0.000000 0.000000 0.000000
-0.094322 -0.229473 -0.021807 0.000000 0.000000 0.000000
-0.174559 -0.215552 -0.216793 -0.053286 -0.115868 -0.023647
0.020358 -0.216791 -0.143906 -0.053286 -0.115868 -0.023647
0.004136 -0.273316 0.168924 -0.053286 -0.115868 -0.023647
-0.202106 -0.148332 0.097232 0.000000 0.000000 0.000000
-0.039534 0.004870 0.106347 0.000000 0.000000 0.000000
