1781254002.971368 0.0000000 0.0000000 0.0000000 -0.0000000 -0.0000000 -0.0000000 1.0000000
1781254007.849235 0.0963776 -0.0015331 0.0006776 0.0018467 0.0226737 -0.0023449 0.9997385
1781254007.882638 0.1001594 -0.0014112 0.0009982 0.0020427 0.0239281 -0.0022599 0.9997091
1781254008.083069 0.1220015 -0.0018219 0.0003796 0.0021443 0.0331215 -0.0026961 0.9994454
1781254008.417056 0.1583813 -0.0024539 -0.0010775 0.0021992 0.0463978 -0.0034221 0.9989148
1781254009.184791 0.2394122 -0.0024969 -0.0021543 0.0026890 0.0730518 -0.0048146 0.9973129
1781254010.119696 0.3364577 -0.0031783 -0.0035907 0.0033259 0.0975101 -0.0056908 0.9952127
1781254010.954519 0.4244913 -0.0060618 -0.0030182 0.0028340 0.1329783 -0.0080858 0.9910820
1781254011.890980 0.5205407 -0.0091494 -0.0202553 0.0030440 0.2013974 -0.0136734 0.9794095
1781254012.660063 0.6034946 -0.0124606 -0.0528851 0.0032710 0.2681045 -0.0188278 0.9632003
1781254013.760822 0.6873468 -0.0164933 -0.1151556 0.0046306 0.3933966 -0.0265867 0.9189727
1781254014.928563 0.7372944 -0.0240191 -0.2179146 0.0066692 0.5326451 -0.0344749 0.8456100
1781254015.829475 0.7592504 -0.0291771 -0.3016516 0.0083396 0.6379775 -0.0413876 0.7688967
1781254016.863971 0.7335868 -0.0353636 -0.3837301 0.0087760 0.7584341 -0.0464202 0.6500353
1781254018.298911 0.6500187 -0.0443190 -0.5493448 0.0117935 0.8519435 -0.0530715 0.5208039
1781254019.500187 0.5367680 -0.0507458 -0.6878740 0.0135190 0.9012136 -0.0574546 0.4293369
1781254020.701849 0.4222904 -0.0564655 -0.8282574 0.0130552 0.9213866 -0.0595274 0.3838395
1781254021.702995 0.3073272 -0.0622370 -0.9617749 0.0132881 0.9309402 -0.0597907 0.3599986
1781254023.071248 0.1197428 -0.0740494 -1.1564654 0.0122869 0.9399455 -0.0610184 0.3356014
1781254025.073637 -0.1023982 -0.0905227 -1.4266887 0.0105374 0.9306061 -0.0581647 0.3612176
1781254026.375028 -0.1985900 -0.1007402 -1.5940559 0.0100549 0.9123857 -0.0569009 0.4052327
1781254027.109134 -0.2542746 -0.1073643 -1.7070512 0.0110060 0.9086042 -0.0572910 0.4135640
1781254027.810506 -0.3180161 -0.1142878 -1.8191866 0.0111370 0.9136605 -0.0575668 0.4022268
1781254028.712521 -0.4250574 -0.1204135 -1.9360454 0.0118722 0.9289965 -0.0590783 0.3651498
1781254029.613715 -0.5434189 -0.1273041 -2.0516915 0.0106897 0.9398531 -0.0587903 0.3363119
1781254030.581674 -0.6805711 -0.1331991 -2.1766412 0.0093940 0.9459960 -0.0590288 0.3186203
1781254031.449556 -0.7948148 -0.1392067 -2.2802787 0.0086333 0.9423151 -0.0587992 0.3294092
1781254032.317453 -0.8852539 -0.1439953 -2.3663988 0.0083648 0.9387230 -0.0589653 0.3394884
1781254033.018459 -0.9850473 -0.1490604 -2.4493232 0.0080084 0.9403995 -0.0584211 0.3349204
1781254033.552560 -1.0812843 -0.1534903 -2.5219603 0.0083225 0.9436187 -0.0584274 0.3257313
1781254034.253562 -1.1865692 -0.1589322 -2.6325812 0.0077357 0.9347253 -0.0588293 0.3503824
1781254035.054657 -1.2986228 -0.1664415 -2.7392550 0.0079913 0.9394631 -0.0583970 0.3375427
1781254036.189659 -1.4667475 -0.1781185 -2.8951263 0.0075958 0.9445362 -0.0569934 0.3233348
1781254036.923998 -1.5836537 -0.1847436 -3.0050507 0.0082999 0.9474971 -0.0553455 0.3148290
1781254037.524780 -1.6690950 -0.1896863 -3.0983706 0.0082862 0.9452633 -0.0547468 0.3215767
1781254037.992067 -1.7441230 -0.1932048 -3.1465855 0.0084979 0.9558592 -0.0554935 0.2884122
1781254038.392597 -1.8084204 -0.2006571 -3.1599660 0.0088732 0.9729561 -0.0538690 0.2244455
1781254039.794541 -2.0531294 -0.1875726 -3.1566603 -0.0103658 -0.9967631 0.0605662 0.0518436
1781254041.098126 -2.2355382 -0.1723828 -3.0097725 -0.0119476 -0.9532122 0.0588208 0.2962835
1781254042.300287 -2.3713574 -0.1567583 -2.8464065 -0.0144877 -0.8848879 0.0569106 0.4620873
1781254043.601757 -2.4187074 -0.1358228 -2.6309695 -0.0105687 -0.7674839 0.0496755 0.6390533
1781254045.069994 -2.3321810 -0.1247379 -2.3880041 -0.0109586 -0.6394360 0.0401882 0.7677150
1781254046.338043 -2.2915959 -0.1102539 -2.0970135 -0.0106897 -0.6558148 0.0413594 0.7537122
1781254046.938725 -2.2601099 -0.1047721 -2.0117111 -0.0106384 -0.5869627 0.0376736 0.8086670
1781254047.539402 -2.1873002 -0.1040532 -1.9661350 -0.0112869 -0.4923916 0.0316070 0.8697265
1781254048.206844 -2.0675757 -0.1007729 -1.9298471 -0.0101516 -0.3904043 0.0255193 0.9202338
1781254048.874290 -1.9148983 -0.1008707 -1.8919513 -0.0092354 -0.2975007 0.0207758 0.9544508
1781254049.541739 -1.7584932 -0.0991504 -1.8485016 -0.0086458 -0.2418749 0.0174497 0.9701120
1781254049.942230 -1.6823641 -0.0988197 -1.8363619 -0.0081743 -0.2047464 0.0150580 0.9786651
1781254050.442839 -1.5975223 -0.0987945 -1.8280480 -0.0074633 -0.1624347 0.0123148 0.9866142
1781254050.843318 -1.5137930 -0.1001534 -1.8288866 -0.0068817 -0.1277251 0.0093428 0.9917418
1781254051.310533 -1.4073236 -0.1023591 -1.8294221 -0.0070881 -0.1082845 0.0073849 0.9940673
1781254051.911248 -1.2712681 -0.1005277 -1.7878249 -0.0074324 -0.1451143 0.0098274 0.9893382
1781254052.578696 -1.1374292 -0.0938101 -1.6899225 -0.0075917 -0.2278704 0.0148877 0.9735481
1781254053.813456 -0.9893254 -0.0842312 -1.5086657 -0.0088918 -0.3213643 0.0190656 0.9467220
1781254054.380778 -0.9476594 -0.0791298 -1.4184246 -0.0085619 -0.3757077 0.0218105 0.9264420
1781254054.948127 -0.9177036 -0.0736244 -1.3283103 -0.0089395 -0.4259405 0.0251503 0.9043574
1781254055.682286 -0.8960024 -0.0677588 -1.2378607 -0.0096438 -0.4775519 0.0288114 0.8780781
1781254056.483171 -0.8821194 -0.0607430 -1.1235199 -0.0108136 -0.5417733 0.0329102 0.8398106
1781254057.652651 -0.9099967 -0.0462192 -0.9211132 -0.0125592 -0.6579341 0.0398535 0.7519154
1781254058.687458 -1.0023296 -0.0312281 -0.7441517 -0.0126220 -0.7664990 0.0472778 0.6403787
1781254059.856780 -1.1420382 -0.0165357 -0.5940685 -0.0127313 -0.8437380 0.0521151 0.5340676
1781254060.792711 -1.1877334 -0.0057430 -0.4025176 -0.0120493 -0.7496492 0.0455593 0.6601555
1781254061.526813 -1.1618387 0.0036031 -0.2566974 -0.0098541 -0.6415584 0.0385359 0.7660422
1781254061.827159 -1.1363692 0.0066452 -0.2103105 -0.0087998 -0.6035044 0.0353728 0.7965261
1781254062.761531 -1.0679282 0.0164929 -0.0363822 -0.0087503 -0.5911673 0.0340922 0.8057806
1781254063.762599 -0.9828306 0.0201096 0.0918824 -0.0064990 -0.4137402 0.0216616 0.9101140
1781254068.668260 0.0204356 0.0020406 0.0504287 0.0014119 0.0021635 -0.0008776 0.9999963
1781254069.769588 0.2820808 0.0005302 0.0437393 0.0018591 -0.0305992 0.0018665 0.9995283
1781254070.437055 0.4433390 -0.0023457 0.0365027 0.0018272 0.0153816 -0.0009975 0.9998795
1781254071.137881 0.6000130 -0.0045669 0.0277155 0.0025640 0.0964985 -0.0076047 0.9953008
1781254071.738573 0.7305071 -0.0122167 -0.0116423 0.0022495 0.1940271 -0.0144885 0.9808866
1781254072.539460 0.8498450 -0.0145299 -0.1188144 0.0065297 0.3803531 -0.0258233 0.9244577
1781254073.807509 0.9127859 -0.0320051 -0.3274288 0.0090754 0.6173950 -0.0401456 0.7855758
1781254076.177947 0.7567334 -0.0368104 -0.3641403 0.0097606 0.7719738 -0.0461701 0.6339002
1781254077.746951 0.5102265 -0.0457016 -0.6405320 0.0130097 0.8555436 -0.0548870 0.5146489
1781254080.452682 0.0576416 -0.0763056 -1.2021208 0.0108909 0.8956948 -0.0568521 0.4408855
1781254081.153513 -0.0257199 -0.0842802 -1.3405613 0.0097732 0.8786158 -0.0555254 0.4741895
1781254082.154666 -0.1156424 -0.0945868 -1.5183182 0.0090698 0.8573903 -0.0539795 0.5117478
1781254083.856545 -0.3811073 -0.1204533 -1.8579364 0.0116429 0.8999060 -0.0545258 0.4325049
1781254088.561993 -1.2663915 -0.1630601 -2.6692994 0.0084036 0.9326010 -0.0569891 0.3562823
1781254089.229437 -1.3662963 -0.1699868 -2.7925069 0.0080485 0.9215843 -0.0566746 0.3839345
1781254090.464267 -1.6233971 -0.1873645 -3.0322878 0.0086729 0.9589561 -0.0550176 0.2780308
1781254091.298572 -1.8140783 -0.1887471 -3.0815454 0.0105825 0.9909943 -0.0576770 0.1203817
1781254093.000475 -2.1598098 -0.1680776 -2.9113767 -0.0129287 -0.9569813 0.0582372 0.2839509
1781254093.868065 -2.2643390 -0.1514927 -2.7304006 -0.0146838 -0.8714027 0.0546318 0.4872957
1781254094.502121 -2.3176115 -0.1339565 -2.5658865 -0.0117622 -0.8107247 0.0518847 0.5830052
1781254095.036817 -2.3393207 -0.1256597 -2.4284010 -0.0117488 -0.7802553 0.0497842 0.6233661
1781254095.504805 -2.3325238 -0.1183509 -2.2947235 -0.0117569 -0.7204748 0.0459390 0.6918580
1781254096.107156 -2.2854211 -0.1144277 -2.1552644 -0.0112330 -0.6350183 0.0398621 0.7713861
1781254097.943676 -1.9468949 -0.1004380 -1.8974500 -0.0097616 -0.3291263 0.0229561 0.9439564
1781254098.510958 -1.7625405 -0.1000468 -1.8563037 -0.0089439 -0.2142348 0.0158478 0.9766127
1781254103.849933 -0.8926488 -0.0573249 -1.0749741 -0.0119569 -0.5784985 0.0356442 0.8148166
1781254106.352704 -1.0747412 -0.0155201 -0.5168290 -0.0126851 -0.7591870 0.0465124 0.6490846
1781254107.186973 -1.0577283 -0.0035767 -0.3367383 -0.0101975 -0.6480954 0.0389198 0.7604957
1781254108.221470 -0.9946362 0.0100187 -0.1080166 -0.0083899 -0.4950790 0.0286063 0.8683364
1781254108.655296 -0.9309320 0.0098693 -0.0408767 -0.0071502 -0.3852241 0.0205501 0.9225665
1781254109.155877 -0.8277590 0.0080413 0.0147978 -0.0056297 -0.2608036 0.0129326 0.9652889
1781254109.856651 -0.6291555 0.0077603 0.0623387 -0.0036362 -0.1002752 0.0035620 0.9949467
1781254110.357173 -0.5076460 0.0115673 0.0503171 0.0011002 -0.0154401 -0.0031895 0.9998751
1781254112.494477 0.0297543 0.0035130 0.0628820 0.0005665 -0.0462454 0.0019707 0.9989280
1781254113.297619 0.3152860 -0.0005704 0.0512002 0.0022033 0.0577679 -0.0022897 0.9983250
1781254115.066863 0.6466429 -0.0221181 -0.1995892 0.0069958 0.5590775 -0.0360002 0.8283039
1781254116.969026 0.4014145 -0.0469497 -0.6924831 0.0118905 0.8450516 -0.0542055 0.5317971
1781254118.404394 0.1438596 -0.0665796 -1.0231495 0.0111180 0.8882075 -0.0567894 0.4557838
1781254120.940468 -0.2395601 -0.1237089 -1.7044458 0.0098088 0.8675320 -0.0482472 0.4949386
1781254123.409714 -0.7328033 -0.1363010 -2.2613654 0.0098707 0.9404944 -0.0587697 0.3345431
1781254126.846679 -1.5011406 -0.1762274 -2.8789880 0.0084633 0.9555762 -0.0573661 0.2889839
1781254129.049934 -2.1611629 -0.1662676 -2.8757672 -0.0121788 -0.9686118 0.0590353 0.2411591
1781254131.153447 -2.3272245 -0.1195413 -2.3047872 -0.0119194 -0.6793619 0.0434016 0.7324218
1781254132.622084 -1.8120480 -0.2110416 -2.2888861 -0.0306959 -0.3478584 0.0225835 0.9367723
1781254132.755599 -1.7856004 -0.2223876 -2.3062420 -0.0314144 -0.3040093 0.0178130 0.9519843
1781254133.189517 -1.6406409 -0.2259371 -2.2687519 -0.0298699 -0.2086437 0.0085582 0.9774980
1781254133.823787 -1.4144794 -0.2316087 -2.2392423 -0.0282113 -0.1412660 0.0023591 0.9895668
1781254134.658475 -1.1473705 -0.2332694 -2.1623402 -0.0297803 -0.1675300 0.0027725 0.9854132
1781254135.326097 -0.9565399 -0.2252392 -2.0352941 -0.0306368 -0.2421732 0.0078199 0.9697177
1781254136.193985 -0.7728125 -0.2132841 -1.8611922 -0.0317829 -0.3344799 0.0143784 0.9417571
1781254136.661300 -0.7055489 -0.2021777 -1.7396657 -0.0323891 -0.4200915 0.0220956 0.9066344
1781254137.061846 -0.6601719 -0.1923669 -1.6192735 -0.0339461 -0.4874915 0.0273755 0.8720380
1781254137.762798 -0.6460212 -0.1719058 -1.4400153 -0.0352822 -0.5933375 0.0370906 0.8033244
1781254138.330234 -0.6983700 -0.1543173 -1.2985179 -0.0358464 -0.7011802 0.0463583 0.7105718
1781254138.897675 -0.7605757 -0.1376341 -1.1572717 -0.0352910 -0.7733790 0.0527289 0.6307608
1781254139.698773 -0.8229594 -0.1139526 -0.9474177 -0.0350646 -0.7587596 0.0508331 0.6484368
1781254139.999178 -0.8241808 -0.1083905 -0.8686779 -0.0391089 -0.7044183 0.0506942 0.7068915
1781254140.199447 -0.8160198 -0.1019350 -0.8036866 -0.0361709 -0.6724569 0.0428878 0.7380068
1781254140.533229 -0.7976205 -0.0913083 -0.7076029 -0.0339556 -0.6211965 0.0374319 0.7820235
1781254140.833625 -0.7720299 -0.0848434 -0.6313080 -0.0325022 -0.5749843 0.0329845 0.8168529
1781254141.267528 -0.7172256 -0.0790620 -0.5336871 -0.0314351 -0.4949505 0.0244586 0.8680079
1781254141.701432 -0.6401159 -0.0748106 -0.4595857 -0.0289030 -0.3655695 0.0131617 0.9302421
1781254142.535875 -0.4282456 -0.0746197 -0.3806218 -0.0229685 -0.1444801 -0.0042063 0.9892322
1781254143.236825 -0.2091711 -0.0869011 -0.3998877 -0.0193496 -0.0202247 -0.0153885 0.9994898
1781254143.904395 0.0298284 -0.1090924 -0.4405845 -0.0201378 0.0116911 -0.0202220 0.9995244
1781254145.439816 0.5828512 -0.1479941 -0.4208341 -0.0264270 -0.0756120 -0.0119015 0.9967160
1781254147.142115 1.0847173 -0.1575332 -0.2867212 -0.0318572 -0.1912808 -0.0031652 0.9810132
