1781254341.179440 0.0000000 0.0000000 0.0000000 -0.0000000 -0.0000000 -0.0000000 1.0000000
1781254343.299146 0.1403666 -0.0024118 0.0062444 -0.0000605 0.0027216 -0.0012619 0.9999955
1781254343.332524 0.1472138 -0.0029244 0.0067858 -0.0000410 0.0022358 -0.0012561 0.9999967
1781254343.532792 0.1912790 -0.0030521 0.0133537 -0.0000490 -0.0039400 -0.0007720 0.9999920
1781254344.067233 0.3146459 -0.0037681 0.0351029 -0.0010023 -0.0190962 -0.0001199 0.9998171
1781254344.367943 0.3896537 -0.0036991 0.0514409 -0.0013235 -0.0297622 0.0003490 0.9995561
1781254344.668591 0.4708495 -0.0029939 0.0691335 -0.0010930 -0.0386499 0.0008067 0.9992519
1781254345.002424 0.5581325 -0.0033044 0.0902379 -0.0017530 -0.0478247 0.0009171 0.9988538
1781254345.269500 0.6297504 -0.0032733 0.1074788 -0.0020311 -0.0555057 0.0015550 0.9984551
1781254345.536583 0.7026288 -0.0042716 0.1268899 -0.0024338 -0.0609795 0.0017892 0.9981345
1781254345.770238 0.7698669 -0.0034238 0.1454135 -0.0019951 -0.0629424 0.0021820 0.9980128
1781254346.003884 0.8383558 -0.0035966 0.1632308 -0.0011915 -0.0628502 0.0020898 0.9980201
1781254346.237531 0.9138361 -0.0047027 0.1788402 -0.0009892 -0.0577271 0.0024894 0.9983288
1781254346.471179 0.9921944 -0.0064507 0.1908790 -0.0011135 -0.0440962 0.0017750 0.9990251
1781254346.671454 1.0610969 -0.0075739 0.1952813 -0.0012926 -0.0300904 0.0015684 0.9995452
1781254346.905116 1.1420257 -0.0102804 0.1927668 -0.0014345 -0.0108586 0.0006896 0.9999398
1781254347.138783 1.2272290 -0.0109030 0.1866460 -0.0004771 0.0091810 -0.0003996 0.9999577
1781254347.339071 1.2961473 -0.0116134 0.1807600 -0.0003573 0.0268947 -0.0022260 0.9996358
1781254347.606119 1.3825597 -0.0132509 0.1698142 -0.0002433 0.0504407 -0.0039190 0.9987193
1781254347.973252 1.4866238 -0.0156301 0.1640302 -0.0008630 0.0719387 -0.0056805 0.9973925
1781254348.273629 1.5650511 -0.0165018 0.1652839 -0.0011556 0.0727208 -0.0061521 0.9973328
1781254348.607382 1.6551678 -0.0192898 0.1677520 -0.0014473 0.0658740 -0.0058872 0.9978095
1781254348.907771 1.7332783 -0.0203128 0.1714558 -0.0017676 0.0599687 -0.0063698 0.9981784
1781254349.141406 1.7921025 -0.0216462 0.1722485 -0.0014655 0.0567033 -0.0061944 0.9983708
1781254349.375042 1.8477573 -0.0231979 0.1714925 -0.0017534 0.0530102 -0.0062454 0.9985729
1781254349.541924 1.8888350 -0.0224080 0.1700682 -0.0013171 0.0525343 -0.0065177 0.9985970
1781254349.808920 1.9587849 -0.0253305 0.1667040 -0.0021626 0.0529625 -0.0062002 0.9985749
1781254350.109286 2.0384352 -0.0250567 0.1640902 -0.0018275 0.0551097 -0.0066016 0.9984568
1781254350.376273 2.1086013 -0.0262274 0.1601890 -0.0016169 0.0577972 -0.0062053 0.9983078
1781254350.609890 2.1731665 -0.0268475 0.1569616 -0.0012978 0.0591275 -0.0062494 0.9982300
1781254350.810155 2.2300639 -0.0284266 0.1525043 -0.0011277 0.0602437 -0.0063084 0.9981631
1781254351.043797 2.2991107 -0.0297822 0.1475240 -0.0006325 0.0638023 -0.0067759 0.9979393
1781254351.310818 2.3741310 -0.0326622 0.1362266 -0.0005628 0.0743326 -0.0072304 0.9972072
1781254351.511082 2.4328804 -0.0349429 0.1237715 -0.0010082 0.0875981 -0.0079074 0.9961240
1781254351.711367 2.4893866 -0.0387093 0.1075366 -0.0012451 0.1048235 -0.0094016 0.9944456
1781254351.978443 2.5703471 -0.0420455 0.0815897 -0.0009630 0.1254061 -0.0115647 0.9920377
1781254352.212141 2.6453648 -0.0464683 0.0557735 -0.0018847 0.1491233 -0.0121019 0.9887428
1781254352.379071 2.6968312 -0.0491439 0.0347232 -0.0017262 0.1748128 -0.0134444 0.9845085
1781254352.579389 2.7532086 -0.0522196 0.0059895 -0.0017355 0.2145425 -0.0158989 0.9765837
1781254352.846418 2.8175259 -0.0559800 -0.0283511 -0.0012814 0.2773052 -0.0192633 0.9605879
1781254353.280323 2.9071505 -0.0616539 -0.0833011 0.0001007 0.3518740 -0.0231335 0.9357615
1781254354.114704 3.0224373 -0.0713055 -0.1991714 0.0029842 0.4795059 -0.0304471 0.8770052
1781254354.782164 3.0565209 -0.0744738 -0.3015162 0.0059845 0.5945213 -0.0376068 0.8031777
1781254355.216007 3.0681572 -0.0784561 -0.3939834 0.0074937 0.6607985 -0.0410451 0.7494028
1781254355.616474 3.0674779 -0.0873663 -0.4839721 0.0072002 0.7142630 -0.0434546 0.6984900
1781254356.283984 3.0535240 -0.0834987 -0.6082749 0.0126594 0.7872447 -0.0504794 0.6144407
1781254357.018223 2.9827151 -0.0955910 -0.7459772 0.0125710 0.8570343 -0.0540422 0.5122632
1781254357.685694 2.8868177 -0.1014679 -0.8517447 0.0129062 0.9125431 -0.0569513 0.4047902
1781254358.286486 2.7794530 -0.1049142 -0.9185722 0.0145128 0.9520203 -0.0583084 0.3000782
1781254358.653638 2.7114882 -0.1092041 -0.9425344 0.0140462 0.9686486 -0.0589531 0.2409297
1781254359.054151 2.6342444 -0.1109589 -0.9579079 0.0151564 0.9829808 -0.0588858 0.1733538
1781254359.421286 2.5673332 -0.1101985 -0.9622941 0.0164515 0.9921916 -0.0592786 0.1084951
1781254359.688295 2.5131779 -0.1086842 -0.9585247 0.0171789 0.9964336 -0.0593490 0.0574701
1781254360.022065 2.4478483 -0.1056850 -0.9463994 -0.0173330 -0.9979934 0.0591920 0.0143176
1781254360.422590 2.3656793 -0.0992976 -0.9174386 -0.0176261 -0.9926696 0.0590254 0.1039826
1781254360.789736 2.2923858 -0.0978020 -0.8814853 -0.0187434 -0.9819356 0.0579907 0.1791317
1781254361.123505 2.2304738 -0.0949639 -0.8419065 -0.0186695 -0.9705738 0.0573509 0.2331284
1781254361.457274 2.1732688 -0.0903547 -0.8056271 -0.0180004 -0.9577799 0.0563926 0.2813423
1781254361.857787 2.1113567 -0.0870715 -0.7506708 -0.0176004 -0.9422890 0.0548467 0.3298084
1781254362.191540 2.0578351 -0.0840399 -0.6993657 -0.0170247 -0.9303244 0.0536526 0.3623923
1781254362.592043 1.9838792 -0.0777394 -0.6321071 -0.0165937 -0.9223583 0.0530049 0.3823223
1781254362.959171 1.9097518 -0.0724176 -0.5684581 -0.0166500 -0.9213917 0.0530108 0.3846428
1781254363.393049 1.8144497 -0.0667721 -0.5024015 -0.0168510 -0.9285253 0.0533178 0.3670340
1781254363.760188 1.7365801 -0.0604776 -0.4607331 -0.0168140 -0.9357022 0.0540827 0.3482151
1781254364.093968 1.6725616 -0.0565769 -0.4301769 -0.0164887 -0.9418567 0.0546327 0.3311333
1781254364.628017 1.5640980 -0.0529314 -0.4005920 -0.0165525 -0.9562830 0.0553798 0.2866740
1781254365.095303 1.4612076 -0.0501592 -0.3859804 -0.0165736 -0.9681264 0.0560116 0.2435557
1781254365.462458 1.3791364 -0.0485295 -0.3864020 -0.0161440 -0.9772559 0.0563522 0.2038005
1781254365.762849 1.3135856 -0.0484464 -0.3902189 -0.0158575 -0.9832883 0.0567559 0.1722539
1781254366.129987 1.2403351 -0.0465951 -0.4049695 -0.0156729 -0.9899127 0.0579714 0.1283215
1781254366.430371 1.1811641 -0.0474239 -0.4193290 -0.0154065 -0.9939626 0.0585425 0.0915080
1781254366.697384 1.1314695 -0.0461551 -0.4369299 -0.0148551 -0.9964375 0.0591672 0.0582320
1781254366.997783 1.0704108 -0.0474726 -0.4620081 -0.0151456 -0.9979477 0.0594201 0.0184473
1781254367.231427 1.0233052 -0.0473027 -0.4896157 0.0151124 0.9979926 -0.0598940 0.0139684
1781254367.565205 0.9602691 -0.0484115 -0.5302652 0.0148965 0.9964322 -0.0591782 0.0582991
1781254367.965738 0.8949863 -0.0502040 -0.5828958 0.0146094 0.9921749 -0.0588756 0.1091296
1781254368.266139 0.8492982 -0.0525521 -0.6270934 0.0150163 0.9874611 -0.0579577 0.1460682
1781254368.533162 0.8098603 -0.0539685 -0.6693161 0.0145347 0.9819012 -0.0572929 0.1799339
1781254368.766805 0.7788429 -0.0550722 -0.7113843 0.0138133 0.9759954 -0.0568975 0.2097736
1781254369.033826 0.7430512 -0.0574978 -0.7624638 0.0133720 0.9674385 -0.0565087 0.2463552
1781254369.234091 0.7181875 -0.0590338 -0.8026479 0.0129942 0.9599179 -0.0567805 0.2741620
1781254369.467734 0.6923783 -0.0621729 -0.8487120 0.0126308 0.9503677 -0.0564634 0.3057017
1781254369.768429 0.6640198 -0.0654138 -0.9109180 0.0124504 0.9369978 -0.0563290 0.3445391
1781254370.002609 0.6433727 -0.0675922 -0.9648874 0.0123062 0.9250742 -0.0560180 0.3754309
1781254370.303733 0.6238775 -0.0713413 -1.0322502 0.0118576 0.9089025 -0.0546924 0.4132367
1781254370.671724 0.6047440 -0.0769243 -1.1090188 0.0114522 0.8925956 -0.0533449 0.4475447
1781254371.038763 0.5806167 -0.0808868 -1.1825908 0.0118651 0.8838897 -0.0524060 0.4645984
1781254371.439156 0.5467514 -0.0837481 -1.2459188 0.0112141 0.8918940 -0.0528140 0.4490100
1781254371.706084 0.5158103 -0.0855827 -1.2751801 0.0118506 0.9071761 -0.0540184 0.4171007
1781254371.939653 0.4839762 -0.0877794 -1.2939076 0.0115933 0.9213372 -0.0545306 0.3847464
1781254372.139851 0.4534525 -0.0877741 -1.3092240 0.0119688 0.9338993 -0.0554383 0.3530093
1781254372.340048 0.4209151 -0.0885095 -1.3241951 0.0120324 0.9451831 -0.0558956 0.3214962
1781254372.540240 0.3877535 -0.0891201 -1.3370326 0.0121450 0.9550484 -0.0567307 0.2907173
1781254372.773817 0.3475922 -0.0886919 -1.3495837 0.0122454 0.9656333 -0.0574522 0.2531832
1781254373.074146 0.2948937 -0.0892461 -1.3594968 0.0119997 0.9771925 -0.0583599 0.2038260
1781254373.541315 0.2069836 -0.0878783 -1.3669488 0.0122274 0.9910643 -0.0587541 0.1191220
1781254374.041846 0.1152531 -0.0866075 -1.3597370 0.0117148 0.9979485 -0.0594648 0.0206273
1781254374.508995 0.0505538 -0.0857628 -1.3373256 -0.0109220 -0.9967976 0.0597537 0.0520081
1781254376.844774 -0.0876568 -0.0720618 -1.1832746 -0.0122875 -0.9913938 0.0594769 0.1159739
1781254377.311930 -0.1356105 -0.0671078 -1.1344156 -0.0124206 -0.9892060 0.0597704 0.1332093
1781254377.945916 -0.2016525 -0.0611762 -1.0531851 -0.0122699 -0.9849302 0.0594540 0.1619478
1781254378.479784 -0.2586409 -0.0562641 -0.9815043 -0.0116774 -0.9796602 0.0593368 0.1913342
1781254379.080487 -0.3325988 -0.0501995 -0.9003661 -0.0114588 -0.9737037 0.0594006 0.2196392
1781254379.581103 -0.4050894 -0.0460096 -0.8353399 -0.0107647 -0.9711106 0.0598562 0.2307498
1781254380.181747 -0.4886427 -0.0392176 -0.7687393 -0.0108118 -0.9680408 0.0602245 0.2432144
1781254380.582158 -0.5503680 -0.0352551 -0.7132903 -0.0123023 -0.9665478 0.0598120 0.2491114
1781254380.982582 -0.6268951 -0.0296430 -0.6484750 -0.0126896 -0.9618022 0.0597268 0.2668489
1781254381.516472 -0.7175199 -0.0229231 -0.5695760 -0.0137376 -0.9545459 0.0601455 0.2916095
1781254382.083751 -0.7845666 -0.0169045 -0.4875019 -0.0140878 -0.9376142 0.0591653 0.3423166
1781254382.817880 -0.8271101 -0.0098716 -0.3965224 -0.0138293 -0.9134028 0.0577783 0.4026980
1781254383.685492 -0.8169782 0.0034315 -0.2428468 -0.0108951 -0.8603771 0.0547824 0.5065880
1781254384.719905 -0.6971335 0.0138534 -0.0833450 -0.0078658 -0.7590946 0.0493684 0.6490581
1781254385.554173 -0.5518822 0.0143658 -0.0292190 -0.0065781 -0.6555583 0.0426961 0.7539079
1781254386.690197 -0.3635635 0.0067635 -0.0008178 -0.0066506 -0.5050013 0.0326221 0.8624763
1781254388.226084 -0.1982528 0.0009139 -0.0254700 -0.0057963 -0.3131328 0.0194255 0.9494930
1781254390.362110 -0.0556628 -0.0028135 -0.0464596 -0.0038069 -0.1412045 0.0077876 0.9899425
1781254390.595713 -0.0358817 -0.0039633 -0.0511062 -0.0039111 -0.1117468 0.0064014 0.9937084
1781254392.598116 -0.0163264 -0.0053814 -0.0610593 -0.0031146 0.0453038 -0.0019547 0.9989665
1781254397.470791 -0.0807609 -0.1593813 -0.0462236 0.0545888 0.0121685 -0.0313616 0.9979421
1781254398.338544 -0.1391113 -0.1553599 -0.0401822 0.0177606 -0.0968275 -0.0281232 0.9947453
1781254398.805847 -0.1695919 -0.1398183 -0.0228010 -0.0250643 -0.1807124 -0.0088947 0.9831764
1781254399.507031 -0.1455054 -0.0948680 0.0308981 -0.0898999 -0.0890540 -0.0031413 0.9919564
1781254399.840850 -0.1005152 -0.0782731 0.0582057 -0.1136606 -0.0133820 -0.0049530 0.9934172
1781254400.107832 -0.0434585 -0.0729232 0.0765003 -0.1178132 0.0493991 -0.0001124 0.9918063
1781254400.241323 -0.0125277 -0.0734691 0.0849643 -0.1145776 0.0817817 0.0025246 0.9900391
1781254400.474931 0.0349093 -0.0808550 0.0941063 -0.0985592 0.1330747 0.0012950 0.9861925
1781254400.808656 0.0626389 -0.1202475 0.0920271 -0.0551160 0.1689486 -0.0215053 0.9838476
1781254401.175757 0.0621312 -0.1666412 0.0828213 -0.0070138 0.1771215 -0.0436238 0.9831967
1781254401.743085 0.0042867 -0.2157507 0.0666024 0.0228625 0.1017300 -0.0650911 0.9924170
1781254403.011283 -0.1665357 -0.1809813 0.0057160 -0.0306982 -0.1272607 -0.0283977 0.9909874
1781254406.215453 0.0219403 -0.2560671 0.0005565 0.0874895 0.0546643 -0.0578655 0.9929799
1781254410.520859 0.0277252 -0.2716184 0.1393047 0.0081288 0.1481777 -0.0488038 0.9877224
1781254411.054922 -0.0929254 -0.3224036 0.1972901 0.0217711 0.1493874 -0.0405700 0.9877062
1781254411.822656 -0.2114876 -0.2146956 0.1118149 0.0184365 -0.0026160 -0.0022385 0.9998241
1781254412.890704 -0.0740709 -0.0137370 0.1062101 -0.0047113 0.0156217 -0.0254663 0.9995425
1781254413.224459 -0.0406285 0.0024138 0.1064086 0.0015870 0.0167156 -0.0024036 0.9998562
