1781254341.211474 0.000000 0.000000 0.000000 0.000000 0.000000 0.000000 1.000000
1781254343.232392 0.125786 -0.009478 -0.000099 -0.001921 0.003327 -0.001316 0.999992
1781254344.234287 0.358755 -0.031656 0.029415 -0.005206 -0.027033 0.000267 0.999621
1781254345.469812 0.684489 -0.027841 0.109227 -0.005114 -0.063252 0.001540 0.997983
1781254346.471179 0.981097 -0.032694 0.172304 -0.005476 -0.042832 0.000963 0.999067
1781254347.472598 1.305033 -0.042487 0.144494 -0.005094 0.047723 -0.005146 0.998834
1781254348.507255 1.585220 -0.052645 0.131704 -0.007597 0.077853 -0.009752 0.996888
1781254349.909043 1.940661 -0.057761 0.127970 -0.006527 0.065203 -0.009507 0.997805
1781254351.043797 2.252131 -0.068840 0.098796 -0.007131 0.074012 -0.010518 0.997176
1781254352.078599 2.549039 -0.080132 0.018769 -0.005077 0.146781 -0.016935 0.989011
1781254353.146814 2.825654 -0.121253 -0.152177 -0.010647 0.348036 -0.022728 0.937145
1781254354.281571 2.976601 -0.129020 -0.322318 -0.005453 0.520234 -0.035382 0.853273
1781254355.449613 3.041868 -0.151344 -0.581729 -0.002720 0.692601 -0.050005 0.719581
1781254356.450861 3.001525 -0.169192 -0.795737 -0.000004 0.798278 -0.058889 0.599404
1781254357.452075 2.891670 -0.177391 -0.984026 0.003857 0.889575 -0.068259 0.451644
1781254358.553507 2.699594 -0.189936 -1.113396 0.008910 0.960410 -0.071620 0.269080
1781254359.654918 2.491398 -0.193866 -1.147105 0.012313 0.993992 -0.072632 0.080946
1781254360.656228 2.288812 -0.180023 -1.088141 0.017208 0.987378 -0.071441 -0.140304
1781254361.657534 2.112805 -0.166798 -0.976991 0.018890 0.951540 -0.067694 -0.299388
1781254362.892420 1.891079 -0.141706 -0.777883 0.019632 0.922790 -0.064889 -0.379293
1781254364.027212 1.638020 -0.107509 -0.638652 0.018115 0.940768 -0.066191 -0.332035
1781254365.262191 1.397599 -0.095879 -0.586350 0.017070 0.968428 -0.063651 -0.240424
1781254366.463747 1.144185 -0.086851 -0.605835 0.014817 0.992489 -0.065919 -0.101982
1781254367.565205 0.938857 -0.091050 -0.700892 0.013314 0.996970 -0.065577 0.039670
1781254368.566540 0.785608 -0.090806 -0.845405 0.011584 0.984510 -0.064369 0.162673
1781254369.935698 0.612631 -0.103998 -1.108873 0.008059 0.936472 -0.062716 0.344997
1781254371.172229 0.526065 -0.120050 -1.360777 0.006779 0.894540 -0.058613 0.443077
1781254372.206583 0.394942 -0.125090 -1.453670 0.007724 0.946300 -0.061758 0.317243
1781254373.240993 0.219483 -0.124649 -1.498584 0.008359 0.986367 -0.065015 0.150941
1781254374.242053 0.041507 -0.123223 -1.482558 0.008957 0.996745 -0.065965 -0.045479
1781254376.611193 -0.096342 -0.109623 -1.336141 0.010734 0.989125 -0.065586 -0.131208
1781254377.612238 -0.198491 -0.096780 -1.215858 0.010792 0.982196 -0.065597 -0.175705
1781254378.613247 -0.299164 -0.078072 -1.086658 0.009341 0.971712 -0.067016 -0.226268
1781254379.681220 -0.434605 -0.067527 -0.940569 0.008520 0.963141 -0.066831 -0.260423
1781254380.749001 -0.589761 -0.056497 -0.789977 0.009966 0.956995 -0.065946 -0.282335
1781254381.750052 -0.754961 -0.039428 -0.633991 0.011134 0.940743 -0.066950 -0.332259
1781254382.817880 -0.823353 -0.029549 -0.487249 0.012300 0.902215 -0.063933 -0.426345
1781254383.885704 -0.780375 -0.019089 -0.286918 -0.010415 -0.824538 0.056729 0.562859
1781254384.920132 -0.666502 -0.012703 -0.118421 -0.010052 -0.730063 0.050013 0.681473
1781254385.921581 -0.484894 -0.012059 -0.055526 -0.009651 -0.592842 0.040672 0.804233
1781254387.024152 -0.322033 -0.008672 -0.012188 -0.008877 -0.458607 0.031093 0.888050
1781254388.025830 -0.221476 -0.006416 -0.022771 -0.008584 -0.343138 0.021972 0.938989
1781254389.294140 -0.152359 -0.006910 -0.049330 -0.006713 -0.268054 0.016567 0.963238
1781254390.362110 -0.056934 -0.006315 -0.053044 -0.004736 -0.140614 0.007888 0.990022
1781254391.363342 -0.007518 -0.005464 -0.059725 -0.003764 -0.032994 0.001539 0.999447
1781254392.364520 -0.008131 -0.005602 -0.061492 -0.003233 0.034125 -0.002180 0.999410
1781254397.237163 -0.070738 -0.130735 -0.031171 0.037963 0.032714 -0.020026 0.998543
1781254398.338544 -0.142394 -0.158468 -0.040047 0.016297 -0.095618 -0.029055 0.994861
1781254399.340080 -0.164542 -0.110874 0.014410 -0.075261 -0.121257 -0.005068 0.989751
1781254400.341440 0.008752 -0.073170 0.092700 -0.109665 0.105787 0.003471 0.988317
1781254401.576226 0.013459 -0.192544 0.088741 0.016626 0.134511 -0.064049 0.988700
1781254402.710853 -0.143626 -0.207825 0.003884 0.007330 -0.097366 -0.041787 0.994344
1781254403.712307 -0.124173 -0.095045 0.053293 -0.108457 -0.039191 -0.008380 0.993293
1781254404.780321 0.022029 -0.166259 0.068978 0.007492 0.055704 -0.057525 0.996761
1781254406.782855 -0.045934 -0.259795 -0.024648 0.092043 -0.021905 -0.074885 0.992694
1781254407.817518 -0.152802 -0.207203 -0.085858 0.003313 -0.106401 -0.032660 0.993781
1781254408.818794 -0.130997 -0.221935 -0.292435 0.011687 -0.033982 -0.022417 0.999103
1781254409.853331 0.071979 -0.236083 -0.039051 -0.009554 0.038929 -0.032815 0.998657
1781254410.854640 -0.042876 -0.302896 0.201132 0.013469 0.169536 -0.049419 0.984192
1781254411.889409 -0.212008 -0.199962 0.105957 0.011239 -0.011877 -0.004670 0.999855
1781254412.890704 -0.071777 -0.016334 0.105437 -0.004596 0.015144 -0.024202 0.999582
