1000.000000 0.0000000 0.0000000 0.0000000 -0.0000000 -0.0000000 -0.0000000 1.0000000
1004.300000 0.0956851 0.0256395 0.3191393 0.0005528 0.0469946 -0.0032222 0.9988898
1004.333333 0.0959385 0.0256426 0.3241671 0.0004874 0.0469427 -0.0031939 0.9988924
1004.633333 0.1023956 0.0299465 0.3936364 -0.0009707 0.0522060 -0.0035282 0.9986296
1005.633333 0.1169163 0.0387335 0.5161048 -0.0019913 0.0602719 -0.0037307 0.9981731
1006.233333 0.1270153 0.0449934 0.6230657 -0.0018195 0.0576908 -0.0035200 0.9983267
1007.000000 0.1370374 0.0483631 0.7243549 -0.0017968 0.0582351 -0.0035547 0.9982949
1007.700000 0.1483893 0.0545045 0.8220091 -0.0016392 0.0600402 -0.0039463 0.9981868
1008.400000 0.1619261 0.0613654 0.9266741 -0.0011759 0.0611557 -0.0037401 0.9981205
1009.166667 0.1791778 0.0657758 1.0460362 -0.0011990 0.0620707 -0.0035471 0.9980648
1010.033333 0.1978043 0.0751775 1.1800518 -0.0012869 0.0631682 -0.0039169 0.9979944
1010.866667 0.2107282 0.0784259 1.2726589 -0.0011833 0.0625932 -0.0036111 0.9980319
1011.533333 0.2240355 0.0860998 1.3762561 -0.0002608 0.0580727 -0.0034061 0.9983065
1012.200000 0.2350035 0.0924056 1.4806758 0.0003136 0.0514316 -0.0033693 0.9986708
1013.000000 0.2625801 0.0982605 1.5839039 0.0005346 0.0586700 -0.0040678 0.9982690
1013.733333 0.2843883 0.1015842 1.6776042 0.0001327 0.0656164 -0.0047976 0.9978334
1014.433333 0.3070488 0.1066099 1.7698915 0.0001754 0.0705068 -0.0055826 0.9974957
1015.266667 0.3282860 0.1135702 1.8737013 0.0014364 0.0734423 -0.0054840 0.9972833
1016.066667 0.3449818 0.1185810 1.9751599 0.0020266 0.0720625 -0.0055961 0.9973824
1017.100000 0.3634476 0.1231811 2.1007707 0.0020255 0.0644567 -0.0047496 0.9979072
1017.933333 0.3715723 0.1289892 2.2123635 0.0019365 0.0539370 -0.0043722 0.9985329
1018.800000 0.3756326 0.1346368 2.3349950 0.0008083 0.0398321 -0.0034834 0.9992000
1019.600000 0.3735363 0.1404534 2.4363666 0.0005852 0.0245848 -0.0028254 0.9996936
1020.166667 0.3592474 0.1444457 2.5129747 0.0006175 0.0062070 -0.0021646 0.9999782
1020.766667 0.3383171 0.1491957 2.5806909 0.0001159 -0.0121148 -0.0021135 0.9999244
1021.300000 0.3086984 0.1569927 2.6653969 0.0004652 -0.0409734 -0.0010659 0.9991596
1022.033333 0.2674137 0.1603780 2.7517109 0.0001518 -0.0832463 0.0011208 0.9965284
1022.900000 0.2127150 0.1648833 2.8526623 -0.0001246 -0.1309298 0.0034696 0.9913856
1023.766667 0.1172329 0.1705718 2.9882197 -0.0013978 -0.1956218 0.0064501 0.9806572
1024.733333 0.0136689 0.1769718 3.1142786 -0.0020148 -0.2568131 0.0093997 0.9664133
1025.700000 -0.1384878 0.1829511 3.2349210 -0.0025065 -0.3292477 0.0128023 0.9441535
1026.933333 -0.3604119 0.1880932 3.3662231 -0.0013212 -0.4144399 0.0190072 0.9098773
1028.733333 -0.6094458 0.1919550 3.4702609 -0.0027305 -0.4934145 0.0235656 0.8694707
1029.866667 -0.7629246 0.1941396 3.4957185 -0.0049070 -0.5478485 0.0263726 0.8361474
1031.066667 -0.9202758 0.1976796 3.4991431 -0.0068406 -0.6064453 0.0301773 0.7945229
1032.433333 -1.1439865 0.1963136 3.4420247 -0.0056688 -0.7014500 0.0344353 0.7118638
1033.566667 -1.3082168 0.1933031 3.3497627 -0.0068463 -0.7748443 0.0388341 0.6309210
1034.700000 -1.4245610 0.1893661 3.2360888 -0.0069580 -0.8320299 0.0403883 0.5532148
1035.566667 -1.4938679 0.1841557 3.1362665 -0.0076277 -0.8716235 0.0418202 0.4883291
1036.033333 -1.5369349 0.1794269 3.0533018 -0.0081308 -0.8977588 0.0427407 0.4383335
1036.433333 -1.5654020 0.1767007 2.9826283 -0.0090318 -0.9165440 0.0441868 0.3973829
1037.000000 -1.5857096 0.1733466 2.9113674 -0.0093958 -0.9335624 0.0448466 0.3554740
1037.433333 -1.5991163 0.1699651 2.8489485 -0.0093419 -0.9441944 0.0452570 0.3261310
1038.100000 -1.6144390 0.1679236 2.7847936 -0.0088313 -0.9491149 0.0462128 0.3113959
1038.566667 -1.6296515 0.1641116 2.7089508 -0.0084611 -0.9537765 0.0469983 0.2966984
1039.100000 -1.6485507 0.1614508 2.6233990 -0.0080062 -0.9572924 0.0473148 0.2851112
1039.466667 -1.6611865 0.1585357 2.5648193 -0.0080182 -0.9601493 0.0473947 0.2753231
1040.133333 -1.6867335 0.1554138 2.4881306 -0.0082370 -0.9623717 0.0475873 0.2674103
1040.600000 -1.7046218 0.1512707 2.4000492 -0.0089458 -0.9706755 0.0480768 0.2353670
1040.966667 -1.7206507 0.1498058 2.3171422 -0.0084381 -0.9785542 0.0490542 0.1998855
1041.833333 -1.7819304 0.1448859 2.1819606 -0.0077475 -0.9829273 0.0483760 0.1773519
1042.733333 -1.8200707 0.1373542 2.0533912 -0.0080021 -0.9875469 0.0480479 0.1495945
1043.366667 -1.8296092 0.1336448 1.9686970 -0.0082945 -0.9914708 0.0486231 0.1206348
1044.033333 -1.8355286 0.1275047 1.8640398 -0.0087609 -0.9945946 0.0484839 0.0914005
1045.100000 -1.8578880 0.1212765 1.6878157 -0.0087510 -0.9955831 0.0497046 0.0791664
1046.033333 -1.8734729 0.1125924 1.5427501 -0.0085098 -0.9960943 0.0506967 0.0717886
1046.833333 -1.8784056 0.1069078 1.3854333 -0.0081553 -0.9972996 0.0514495 0.0517687
1048.166667 -1.9055634 0.0978980 1.2180313 -0.0092259 -0.9975439 0.0525047 0.0454355
1049.500000 -1.9164546 0.0882323 1.0517132 -0.0084236 -0.9978894 0.0528095 0.0368368
1050.466667 -1.9168279 0.0791263 0.8915506 -0.0086170 -0.9982444 0.0538304 0.0231562
1051.766667 -1.9176339 0.0740258 0.7536720 -0.0088821 -0.9983557 0.0550003 0.0134868
1053.033333 -1.9193429 0.0652392 0.6205916 -0.0081421 -0.9984110 0.0551406 0.0082893
1054.033333 -1.9162475 0.0567491 0.4960063 0.0082966 0.9984044 -0.0558391 0.0013177
1055.100000 -1.9052193 0.0496965 0.3642540 0.0089957 0.9981573 -0.0560489 0.0214419
1056.366667 -1.8631723 0.0410527 0.2154180 0.0081792 0.9964552 -0.0558227 0.0624015
1057.333333 -1.7970582 0.0359694 0.1352111 0.0080848 0.9920947 -0.0555006 0.1122610
1058.100000 -1.7338763 0.0318938 0.0740540 0.0078275 0.9853751 -0.0549987 0.1610894
1058.933333 -1.6399791 0.0269594 0.0016940 0.0077623 0.9726862 -0.0544564 0.2255124
1060.066667 -1.5032625 0.0201832 -0.0912427 0.0073694 0.9494858 -0.0540463 0.3090330
1062.866667 -1.1811707 -0.0029796 -0.2815727 0.0050024 0.8847901 -0.0474242 0.4635434
1066.033333 -0.7754549 -0.0159703 -0.3340713 0.0040688 0.7842390 -0.0397904 0.6191683
1068.300000 -0.4609305 -0.0139453 -0.3251992 0.0041231 0.7021072 -0.0348447 0.7112063
1069.933333 -0.2611066 -0.0090963 -0.2623532 0.0047957 0.6216062 -0.0311536 0.7826955
1071.766667 -0.0734752 -0.0018318 -0.1408477 0.0038497 0.5151406 -0.0253025 0.8567235
1073.366667 0.0501696 0.0040307 0.0145510 0.0030827 0.4104706 -0.0219112 0.9116054
1074.933333 0.1137447 0.0149953 0.2161576 0.0015836 0.2684432 -0.0147122 0.9631819
1082.066667 0.1023819 0.0791992 1.2528307 -0.0019772 -0.0509211 0.0021290 0.9986985
1082.500000 0.0532515 0.0818300 1.3107352 -0.0020541 -0.1041364 0.0047518 0.9945496
1083.066667 -0.0029738 0.0837040 1.3655684 -0.0023928 -0.1567765 0.0069981 0.9876064
1083.700000 -0.0917035 0.0872247 1.4357324 -0.0034248 -0.2241835 0.0110699 0.9744781
1084.266667 -0.1937164 0.0909900 1.4944185 -0.0039584 -0.2874239 0.0141944 0.9576902
1084.666667 -0.2703761 0.0940417 1.5221076 -0.0047909 -0.3366080 0.0162425 0.9414926
1085.100000 -0.3551041 0.0969553 1.5445799 -0.0058339 -0.3891745 0.0185702 0.9209584
1085.533333 -0.4286629 0.0991198 1.5550822 -0.0062928 -0.4341216 0.0208820 0.9005903
1086.000000 -0.5089359 0.1005266 1.5634329 -0.0063181 -0.4774294 0.0233771 0.8783364
1086.700000 -0.6047186 0.1025867 1.5664229 -0.0060298 -0.5229704 0.0257233 0.8519413
1087.533333 -0.7485014 0.1066388 1.5586134 -0.0059848 -0.5921434 0.0302552 0.8052422
1088.400000 -0.8383008 0.1074849 1.5613217 -0.0062460 -0.6286510 0.0316241 0.7770193
1088.866667 -0.9100484 0.1083657 1.5619450 -0.0063914 -0.6496391 0.0324719 0.7595220
1089.400000 -0.9907688 0.1090936 1.5671258 -0.0066343 -0.6620261 0.0332099 0.7487153
1089.733333 -1.0544450 0.1106357 1.5706614 -0.0066278 -0.6673737 0.0334324 0.7439427
1090.333333 -1.1316756 0.1129133 1.5726128 -0.0063261 -0.6751240 0.0336009 0.7369115
1090.700000 -1.1756328 0.1129609 1.5735884 -0.0063774 -0.6796176 0.0336232 0.7327678
1091.100000 -1.2262608 0.1139856 1.5735761 -0.0063253 -0.6849928 0.0338433 0.7277359
1091.533333 -1.2732916 0.1150231 1.5712649 -0.0063170 -0.6904217 0.0341601 0.7225725
1092.033333 -1.3357061 0.1143393 1.5695891 -0.0064698 -0.6978072 0.0343018 0.7154346
1092.466667 -1.3939805 0.1158451 1.5647043 -0.0060037 -0.7045048 0.0349790 0.7088113
1092.833333 -1.4383204 0.1153489 1.5618910 -0.0061688 -0.7103357 0.0358053 0.7029247
1093.200000 -1.4863492 0.1157939 1.5565103 -0.0060478 -0.7184815 0.0366515 0.6945534
1093.466667 -1.5433462 0.1142088 1.5398867 -0.0063885 -0.7367641 0.0378924 0.6750571
1093.833333 -1.5997705 0.1130967 1.5157257 -0.0064265 -0.7589893 0.0393617 0.6498804
1094.266667 -1.6630937 0.1130760 1.4794084 -0.0060382 -0.7838511 0.0406100 0.6195901
1094.800000 -1.7578427 0.1108816 1.4134779 -0.0070987 -0.8165589 0.0421345 0.5756786
1095.800000 -1.8574848 0.1062797 1.2858638 -0.0066473 -0.8594276 0.0450029 0.5092295
1096.733333 -1.9109876 0.1009787 1.1581222 -0.0071732 -0.8977923 0.0478389 0.4377544
1098.433333 -1.9547896 0.0798817 0.9073923 -0.0086176 -0.9573241 0.0512527 0.2843051
1110.400000 -0.9965496 -0.0128535 -0.3097802 0.0035545 0.8370185 -0.0434756 0.5454332
1112.900000 -0.6279877 -0.0153381 -0.3567361 0.0045374 0.7499378 -0.0378154 0.6604111
1116.600000 -0.1413936 -0.0051335 -0.2094288 0.0048278 0.5750934 -0.0285599 0.8175748
1120.766667 0.0816694 0.0312770 0.4404416 -0.0000362 0.2257370 -0.0123915 0.9741095
1144.866667 -0.7319576 0.1889313 3.4433179 -0.0039021 -0.5783702 0.0269997 0.8153182
1145.700000 -0.8781931 0.1934097 3.4339738 -0.0057452 -0.6364252 0.0309286 0.7706967
1146.366667 -1.0145934 0.1928290 3.3967323 -0.0054391 -0.6909061 0.0338451 0.7221314
1147.333333 -1.1559424 0.1903414 3.3253016 -0.0058740 -0.7497119 0.0372818 0.6606872
1147.900000 -1.2303727 0.1889255 3.2692311 -0.0063120 -0.7827651 0.0387090 0.6210802
1148.300000 -1.2836237 0.1876493 3.2164128 -0.0064855 -0.8081771 0.0396718 0.5875661
1148.900000 -1.3458595 0.1834021 3.1354403 -0.0071560 -0.8430389 0.0407286 0.5362606
1157.600000 -1.7257646 0.1291563 1.8253529 -0.0086860 -0.9987342 0.0494915 0.0022751
1158.400000 -1.6698666 0.1220865 1.7084382 0.0096036 0.9960271 -0.0499210 0.0731144
1158.666667 -1.6073592 0.1139737 1.6284757 0.0091659 0.9890378 -0.0497446 0.1387290
1159.300000 -1.5464251 0.1093967 1.5677967 0.0092147 0.9794323 -0.0499941 0.1952642
1160.033333 -1.4765315 0.1050238 1.5176351 0.0094485 0.9666500 -0.0495840 0.2510774
1160.533333 -1.4052782 0.1036534 1.4892175 0.0091157 0.9531908 -0.0491278 0.2982125
1161.133333 -1.3229272 0.1031823 1.4623322 0.0081691 0.9357221 -0.0488355 0.3492456
1161.833333 -1.2389305 0.1027847 1.4389416 0.0082392 0.9145152 -0.0480531 0.4016031
1162.533333 -1.1471386 0.1028621 1.4296865 0.0083189 0.8887843 -0.0468551 0.4558485
1163.300000 -1.0091619 0.1017469 1.4289162 0.0077436 0.8493597 -0.0442509 0.5258994
1163.966667 -0.9143218 0.1016746 1.4360077 0.0069411 0.8201005 -0.0426368 0.5705866
1164.433333 -0.8510041 0.1001747 1.4373124 0.0062779 0.8002852 -0.0414925 0.5981494
1165.033333 -0.7570751 0.0996825 1.4451793 0.0063141 0.7715026 -0.0400730 0.6349317
1166.000000 -0.6353266 0.0978390 1.4446220 0.0062248 0.7530694 -0.0402266 0.6566807
1166.966667 -0.4967747 0.0945564 1.4462142 0.0069540 0.7349363 -0.0400866 0.6769146
1167.500000 -0.4157485 0.0955886 1.4499848 0.0071888 0.7249190 -0.0402235 0.6876212
1168.166667 -0.2994784 0.0943469 1.4581566 0.0064437 0.7123507 -0.0396702 0.7006720
1169.133333 -0.1714875 0.0943796 1.4844592 0.0054730 0.6903080 -0.0386712 0.7224607
1169.600000 -0.1069490 0.0938975 1.5127451 0.0050191 0.6692867 -0.0372737 0.7420518
1170.200000 -0.0227501 0.0988675 1.5711970 0.0048881 0.6246299 -0.0345906 0.7801392
1170.633333 0.0398577 0.1016540 1.6383948 0.0043484 0.5787766 -0.0318259 0.8148533
1171.333333 0.1028805 0.1032878 1.7312783 0.0031556 0.5224447 -0.0288706 0.8521784
1171.900000 0.1474581 0.1082230 1.8169384 0.0037506 0.4663434 -0.0252373 0.8842357
1172.500000 0.1726305 0.1109745 1.8890693 0.0037933 0.4118646 -0.0222476 0.9109656
1172.933333 0.1891198 0.1143626 1.9452188 0.0038959 0.3710348 -0.0205332 0.9283838
1173.666667 0.2225641 0.1202277 2.0393944 0.0043157 0.3176527 -0.0183076 0.9480206
1175.466667 0.2781554 0.1347288 2.3157492 0.0030893 0.2028257 -0.0129422 0.9791245
1176.866667 0.2770505 0.1478638 2.5085132 0.0016634 0.1242395 -0.0074279 0.9922231
1177.800000 0.2508321 0.1566451 2.6214767 0.0012348 0.0686728 -0.0054913 0.9976234
1178.766667 0.2127831 0.1618225 2.7364984 0.0006237 0.0121379 -0.0038449 0.9999188
1189.633333 -0.9924612 0.1966652 3.4714479 -0.0048035 -0.6198641 0.0307752 0.7840908
1219.466667 -1.3567238 0.0142519 -0.2029076 0.0071416 0.9304755 -0.0529664 0.3624348
1225.900000 -0.5898206 -0.0185415 -0.4252427 0.0051090 0.7735034 -0.0383737 0.6326089
1226.766667 -0.4640254 -0.0171893 -0.4296046 0.0054552 0.7549825 -0.0371979 0.6546664
1227.533333 -0.3728351 -0.0174337 -0.4241906 0.0045752 0.7365257 -0.0363895 0.6754145
1228.066667 -0.3064489 -0.0173749 -0.3995386 0.0045092 0.7076899 -0.0351820 0.7056323
1228.433333 -0.2584741 -0.0163111 -0.3796949 0.0044725 0.6866055 -0.0341322 0.7262149
1229.000000 -0.1849994 -0.0142336 -0.3499297 0.0048835 0.6534865 -0.0325357 0.7562229
1229.400000 -0.1331377 -0.0126587 -0.3233523 0.0052373 0.6286952 -0.0313192 0.7770032
1229.600000 -0.0896452 -0.0114503 -0.2978136 0.0050235 0.6066416 -0.0302182 0.7943851
1230.100000 -0.0488446 -0.0090961 -0.2707767 0.0048592 0.5854044 -0.0297880 0.8101795
1230.733333 -0.0085756 -0.0076743 -0.2406126 0.0046696 0.5627255 -0.0286496 0.8261340
1231.300000 0.0350841 -0.0053706 -0.1999324 0.0043085 0.5296140 -0.0273095 0.8477881
1231.633333 0.0837298 -0.0017703 -0.1522823 0.0040361 0.4854951 -0.0255546 0.8738565
1232.000000 0.1128827 0.0006792 -0.0966470 0.0034620 0.4151294 -0.0225959 0.9094751
1232.800000 0.1145973 0.0042444 -0.0510449 0.0031894 0.3405325 -0.0196938 0.9400210
