#Stereo rect[ms], MP culling[ms], MP creation[ms], LBA[ms], KF culling[ms], Total[ms]
3.039916,0.040084,0.724416,0.000625,0.000625,3.805791
3.582167,0.100541,1.705084,0.000709,0.000709,5.389042
3.617583,0.157542,2.031083,0.077334,0.077334,15.436292
4.402334,0.177500,3.294208,0.153750,0.153750,18.938167
4.104875,0.109834,4.412958,0.242042,0.242042,22.669334
3.489792,0.059792,4.038750,0.294709,0.294709,21.282209
4.688833,0.111417,6.531875,0.429000,0.429000,31.178250
4.514208,0.104833,7.202834,0.486000,0.486000,33.112416
4.936208,0.117417,8.323208,0.675708,0.675708,38.425625
5.021125,0.143250,9.556209,0.679166,0.679166,40.374500
5.173917,0.124166,9.668084,0.734333,0.734333,42.045500
5.401083,0.111834,10.632208,0.874250,0.874250,47.597542
5.623000,0.111125,11.545916,0.943167,0.943167,51.524041
5.263500,0.108083,10.979167,1.497042,1.497042,53.540375
5.735375,0.106125,12.867416,1.528833,1.528833,58.736333
5.714875,0.120208,12.865208,1.469000,1.469000,59.939208
6.051041,0.128417,13.571208,1.413667,1.413667,68.675291
5.995375,0.114709,13.947000,1.554583,1.554583,69.548292
6.353375,0.141500,15.190500,1.727000,1.727000,74.526958
6.385291,0.153334,15.393083,1.896833,1.896833,76.742166
6.012208,0.144458,15.268292,2.452292,2.452292,79.776458
6.366084,0.155041,16.355542,2.299292,2.299292,83.543959
6.547042,0.152958,17.319500,2.675083,2.675083,88.011709
6.788000,0.159917,18.029708,3.105916,3.105916,93.339042
6.852917,0.166416,17.047584,3.120292,3.120292,94.839625
6.978208,0.155709,16.543791,3.125542,3.125542,97.420000
6.773834,0.166541,16.891000,3.514167,3.514167,103.302334
6.696333,0.171709,15.863958,3.734500,3.734500,106.108708
7.424708,0.287375,16.783333,4.282666,4.282666,109.848666
6.518333,0.213250,15.137250,5.231500,5.231500,112.429708
6.037125,0.218791,13.988209,4.735833,4.735833,114.072500
5.278250,0.233125,13.234333,4.961500,4.961500,113.023791
4.735166,0.269834,11.990750,5.255667,5.255667,107.892500
4.417958,0.249917,10.432375,3.726083,3.726083,92.665583
4.084250,0.320875,7.954750,2.869167,2.869167,50.338875
3.976916,0.315375,8.093000,1.133625,1.133625,38.263041
3.822834,0.210416,7.355750,0.987500,0.987500,38.868500
4.109667,0.254125,7.763375,0.869417,0.869417,33.589292
4.038875,0.233541,8.487292,0.737625,0.737625,36.715291
4.226416,0.290750,8.074500,0.644209,0.644209,35.599375
4.221083,0.190625,7.257833,1.047167,1.047167,33.444625
4.017166,0.175834,7.567666,0.795792,0.795792,35.098375
4.248458,0.146875,6.814167,1.099750,1.099750,34.376958
4.292000,0.148292,8.208375,1.108625,1.108625,39.567208
4.664541,0.144959,9.460833,1.038167,1.038167,43.162041
4.483458,0.131917,9.463625,1.185959,1.185959,44.305916
4.626500,0.129875,9.210542,1.278583,1.278583,44.711500
4.767083,0.142375,9.669625,1.588250,1.588250,48.359708
5.051209,0.117708,10.558167,1.954958,1.954958,51.451584
4.918000,0.104458,10.510750,1.477125,1.477125,52.116583
5.064500,0.143125,11.325041,1.918708,1.918708,56.325833
5.358083,0.135042,12.040375,1.925708,1.925708,60.315333
5.376625,0.128208,12.068458,1.925209,1.925209,60.351666
5.696334,0.149833,13.414958,1.944541,1.944541,66.763000
5.590042,0.164791,13.628417,1.985083,1.985083,72.044292
5.927500,0.128792,13.384625,2.220708,2.220708,70.881625
4.939125,0.152167,13.387083,2.592042,2.592042,75.550334
5.803125,0.185291,14.583959,2.638792,2.638792,79.814625
5.890250,0.216416,13.670500,2.788333,2.788333,81.476500
5.842334,0.197000,13.638833,2.970833,2.970833,85.705125
5.661917,0.212625,13.548917,3.319084,3.319084,83.632167
5.627041,0.189917,13.727500,3.657209,3.657209,84.574291
5.788875,0.224209,13.978083,4.206208,4.206208,91.809417
5.732750,0.211125,13.769917,4.636542,4.636542,89.711250
4.914916,0.196167,12.155583,4.238375,4.238375,85.987041
5.220125,0.194875,13.493833,4.854625,4.854625,95.847916
4.943166,0.219000,12.317625,5.260167,5.260167,101.654958
4.763125,0.222792,10.417250,6.156375,6.156375,92.652958
4.127458,0.240417,8.362292,4.736958,4.736958,84.871333
4.295208,0.280042,6.863791,3.955708,3.955708,73.013666
4.118416,0.344417,5.853750,0.936958,0.936958,39.258750
3.852000,0.296375,5.689084,0.612750,0.612750,37.100959
3.970375,0.326084,6.064583,0.560542,0.560542,35.453084
3.689583,0.322542,3.791791,0.550125,0.550125,23.437166
4.140167,0.339667,4.993041,0.461500,0.461500,34.351375
7.107250,0.261125,16.843917,5.452458,5.452458,135.946917
8.854583,0.216875,22.331125,7.466875,7.466875,151.227916
8.156208,0.104042,19.199166,7.103916,7.103916,150.227000
8.369458,0.087959,17.836750,7.861042,7.861042,150.767833
8.098541,0.129917,18.039750,9.151708,9.151708,162.587875
7.616667,0.112750,20.403042,6.995458,6.995458,166.591500
6.831625,0.109250,18.347208,10.090250,10.090250,163.428000
6.140042,0.113167,18.544916,9.967084,9.967084,192.464625
5.977583,0.125750,18.224875,8.857042,8.857042,198.090666
5.255916,0.128542,15.933167,7.242541,7.242541,173.613416
5.072959,0.159750,16.907250,7.215417,7.215417,147.674334
5.342875,0.157000,18.087125,5.422584,5.422584,142.855125
5.458042,0.138958,17.140625,5.013125,5.013125,134.973542
5.093667,0.127250,15.371833,5.278917,5.278917,139.656708
5.402792,0.122042,17.874916,5.426375,5.426375,143.970500
5.218875,0.106875,16.294792,5.229125,5.229125,133.249000
5.755375,0.118541,17.152584,5.768125,5.768125,139.748666
5.701875,0.107250,16.730667,5.951500,5.951500,137.002208
5.543833,0.116167,15.371917,6.932083,6.932083,138.167125
5.994875,0.097417,16.123542,6.192833,6.192833,142.877625
6.253958,0.118834,17.745125,6.533083,6.533083,145.977750
6.217125,0.118375,16.128125,7.065292,7.065292,148.019958
6.222750,0.106333,16.301417,6.770208,6.770208,151.583167
6.183084,0.105375,16.566416,7.261833,7.261833,158.342459
5.525917,0.109667,13.869708,7.305792,7.305792,153.738209
6.174750,0.115750,16.399375,8.424250,8.424250,158.321375
6.384041,0.117750,16.822917,8.636458,8.636458,157.628833
6.510916,0.137417,17.380292,8.620125,8.620125,166.496708
6.351833,0.163500,22.068584,9.396125,9.396125,186.957542
6.495000,0.156500,22.106500,11.264791,11.264791,188.449792
7.331958,0.208667,21.885541,9.463917,9.463917,200.109541
4.374625,0.253958,11.322875,5.194167,5.194167,57.371958
4.592208,0.301167,11.428500,2.422292,2.422292,56.858666
4.593791,0.231625,12.464500,2.829208,2.829208,80.465125
7.743541,0.250000,17.995125,7.315375,7.315375,169.971375
5.637417,0.270916,19.711750,10.895708,10.895708,195.784125
5.304541,0.223875,19.032292,9.478917,9.478917,175.324083
5.920792,0.217917,19.715333,9.899791,9.899791,186.771792
6.364041,0.201875,21.049959,10.260958,10.260958,199.330000
6.780250,0.150916,21.677209,10.707417,10.707417,199.240500
7.166292,0.138875,22.509292,11.517375,11.517375,246.282959
6.224292,0.121125,19.611292,13.151125,13.151125,229.674750
7.991375,0.189041,19.035125,10.367959,10.367959,164.404208
7.623458,0.131667,18.274000,8.738542,8.738542,154.878750
6.470667,0.114708,15.712250,9.345959,9.345959,159.041292
6.758625,0.187542,15.441458,8.913542,8.913542,158.231959
6.535500,0.201750,18.294166,8.990541,8.990541,153.574208
5.689000,0.142875,16.645458,8.231208,8.231208,148.974500
5.160375,0.168833,14.261708,8.498708,8.498708,137.667416
5.184208,0.162584,14.025333,10.264125,10.264125,128.382167
5.085542,0.150833,14.814500,10.064542,10.064542,128.193167
5.213458,0.144625,14.542709,5.523375,5.523375,121.648542
5.301042,0.151458,14.462167,5.157917,5.157917,138.512042
5.465750,0.166125,16.101667,5.310459,5.310459,139.664667
5.749292,0.233917,16.621541,5.136458,5.136458,128.164250
5.453833,0.194500,14.994000,5.658042,5.658042,131.104750
5.331542,0.176750,15.241208,6.716875,6.716875,133.994292
5.525375,0.173125,15.984333,6.300125,6.300125,136.980875
5.855417,0.185833,20.053500,7.099208,7.099208,147.820084
5.578125,0.180667,14.566208,7.500500,7.500500,149.830584
5.325625,0.161708,14.978417,9.166125,9.166125,144.943041
5.499666,0.173667,19.858417,8.431916,8.431916,152.973833
5.909083,0.182208,22.074417,8.698333,8.698333,182.078000
5.914083,0.165667,20.624666,9.801542,9.801542,185.055250
6.826500,0.164125,23.154000,10.567000,10.567000,192.251500
6.519125,0.154083,22.388167,11.752375,11.752375,201.569791
6.948542,0.138042,21.953875,11.738667,11.738667,204.269667
7.732125,0.142709,23.954958,12.254709,12.254709,207.424959
6.982458,0.153208,20.719625,9.740250,9.740250,186.823416
8.444417,0.151417,23.422916,10.814250,10.814250,219.980125
9.419625,0.161792,23.467125,10.163083,10.163083,215.001875
9.690625,0.173084,25.648708,10.498958,10.498958,224.869667
7.002708,0.278250,20.876625,12.042125,12.042125,202.823292
5.530084,0.296125,18.019375,9.992084,9.992084,148.088500
5.642750,0.259542,17.765583,8.518209,8.518209,147.381958
6.001625,0.203334,19.059875,9.321584,9.321584,150.721750
6.169541,0.198250,17.778709,8.732500,8.732500,140.134791
6.224333,0.200083,19.057834,8.978750,8.978750,137.270291
6.189916,0.174667,18.076375,9.608250,9.608250,135.539041
6.782833,0.201917,19.443125,10.601000,10.601000,164.352708
6.833792,0.176542,19.177833,10.982666,10.982666,162.643042
5.600125,0.134500,16.039583,15.715958,15.715958,194.998667
6.978375,0.195667,18.365333,13.870209,13.870209,193.310000
7.042042,0.171333,18.675000,12.901750,12.901750,205.675292
7.662000,0.172792,21.303083,17.781917,17.781917,229.302333
7.155667,0.150667,21.699750,19.708125,19.708125,270.497167
7.371083,0.160458,21.792417,22.064041,22.064041,307.605708
8.991084,0.177833,24.686250,21.198167,21.198167,352.372542
