1781254002.971368 0.0000000 0.0000000 0.0000000 -0.0000000 -0.0000000 -0.0000000 1.0000000
1781254007.849235 0.0965335 -0.0005323 0.0007248 0.0023111 0.0225885 -0.0023306 0.9997395
1781254007.882638 0.1002258 -0.0004701 0.0010772 0.0025204 0.0238619 -0.0021947 0.9997097
1781254008.049663 0.1183836 -0.0015020 0.0004078 0.0022744 0.0320584 -0.0025576 0.9994801
1781254008.450435 0.1619299 -0.0022514 -0.0019921 0.0024353 0.0477585 -0.0034209 0.9988501
1781254010.153090 0.3400132 -0.0037721 -0.0060148 0.0033888 0.0987049 -0.0057944 0.9950941
1781254010.954519 0.4194985 -0.0039304 -0.0015527 0.0036281 0.1351453 -0.0084218 0.9907834
1781254011.790520 0.5013769 -0.0064673 -0.0162103 0.0036226 0.1956233 -0.0137118 0.9805766
1781254012.493294 0.5790867 -0.0091754 -0.0417391 0.0040760 0.2590002 -0.0180255 0.9657004
1781254013.193685 0.6317348 -0.0107009 -0.0669475 0.0050072 0.3133731 -0.0217290 0.9493682
1781254013.760822 0.6682051 -0.0128400 -0.1038908 0.0057784 0.4000384 -0.0273741 0.9160713
1781254014.594927 0.7017640 -0.0188256 -0.1751324 0.0064558 0.5036978 -0.0337019 0.8631982
1781254015.462384 0.7256287 -0.0264566 -0.2589036 0.0079643 0.6054404 -0.0399226 0.7948488
1781254016.229925 0.7242578 -0.0300223 -0.3172331 0.0089213 0.6901003 -0.0444132 0.7222946
1781254017.097562 0.6961541 -0.0354665 -0.3929107 0.0094707 0.7870686 -0.0486123 0.6148741
1781254018.232170 0.6250128 -0.0406543 -0.5271343 0.0112185 0.8533791 -0.0553082 0.5182270
1781254019.199829 0.5384899 -0.0451967 -0.6369362 0.0136480 0.8947745 -0.0587827 0.4424218
1781254019.867394 0.4637728 -0.0492976 -0.7171494 0.0134415 0.9162704 -0.0605177 0.3957342
1781254020.835334 0.3736372 -0.0538399 -0.8230783 0.0136122 0.9258292 -0.0620136 0.3725712
1781254021.536130 0.2959960 -0.0591272 -0.9097601 0.0138024 0.9326267 -0.0612338 0.3553412
1781254022.370440 0.1666951 -0.0684192 -1.0423086 0.0127386 0.9400775 -0.0617951 0.3350721
1781254023.371587 0.0417125 -0.0758891 -1.1710683 0.0118983 0.9423428 -0.0617447 0.3286884
1781254024.506256 -0.1018192 -0.0850792 -1.3274964 0.0111309 0.9403725 -0.0608601 0.3344723
1781254025.307261 -0.1708946 -0.0903073 -1.4332285 0.0108089 0.9278812 -0.0593917 0.3679567
1781254025.841162 -0.2123102 -0.0948449 -1.5063481 0.0100718 0.9170593 -0.0586672 0.3942830
1781254026.308296 -0.2442274 -0.0985531 -1.5548174 0.0102401 0.9157313 -0.0586694 0.3973528
1781254026.775455 -0.2766471 -0.1027523 -1.6166173 0.0105224 0.9134825 -0.0589059 0.4024540
1781254027.209236 -0.3158846 -0.1071397 -1.6934607 0.0108421 0.9120237 -0.0593037 0.4056825
1781254028.579010 -0.4668393 -0.1205713 -1.8839141 0.0118460 0.9309562 -0.0597831 0.3600087
1781254029.647094 -0.6075227 -0.1262475 -2.0217462 0.0109798 0.9426664 -0.0605812 0.3280085
1781254030.247884 -0.6973636 -0.1305712 -2.0998020 0.0098401 0.9480204 -0.0604259 0.3122647
1781254030.715194 -0.7592783 -0.1342473 -2.1543245 0.0093637 0.9481158 -0.0602597 0.3120218
1781254031.115756 -0.8146729 -0.1369367 -2.2022407 0.0088922 0.9465047 -0.0601078 0.3169179
1781254031.516317 -0.8663867 -0.1400857 -2.2483244 0.0082149 0.9443053 -0.0603022 0.3233940
1781254031.783363 -0.8933878 -0.1402391 -2.2747760 0.0085114 0.9427912 -0.0610533 0.3276353
1781254032.183930 -0.9357891 -0.1427446 -2.3136456 0.0083151 0.9412284 -0.0607944 0.3321507
1781254032.484359 -0.9707973 -0.1445589 -2.3456419 0.0082037 0.9407404 -0.0607027 0.3335497
1781254032.851552 -1.0216832 -0.1450262 -2.3891985 0.0086606 0.9417921 -0.0612697 0.3304521
1781254033.118603 -1.0660796 -0.1463815 -2.4221447 0.0086305 0.9435267 -0.0613265 0.3254565
1781254033.352274 -1.1108582 -0.1486777 -2.4544501 0.0085368 0.9452060 -0.0612955 0.3205550
1781254033.619322 -1.1572719 -0.1515045 -2.4893057 0.0085661 0.9461785 -0.0608221 0.3177633
1781254033.919752 -1.2027705 -0.1532642 -2.5356660 0.0084776 0.9422331 -0.0614262 0.3291684
1781254034.320324 -1.2624419 -0.1556810 -2.6015458 0.0081551 0.9373225 -0.0620530 0.3427965
1781254034.720873 -1.3188922 -0.1594710 -2.6538060 0.0083072 0.9397662 -0.0620654 0.3360336
1781254035.121413 -1.3770809 -0.1643530 -2.7058187 0.0086310 0.9420810 -0.0610187 0.3296749
1781254035.421824 -1.4258170 -0.1671431 -2.7496929 0.0082572 0.9438118 -0.0612485 0.3246533
1781254035.822429 -1.4860682 -0.1707786 -2.8040128 0.0079669 0.9452009 -0.0616836 0.3205106
1781254036.389968 -1.5666897 -0.1756777 -2.8803561 0.0082055 0.9467688 -0.0604298 0.3160852
1781254036.723737 -1.6214213 -0.1787314 -2.9297242 0.0084326 0.9480175 -0.0595005 0.3124922
1781254037.124257 -1.6829019 -0.1830195 -2.9897625 0.0090908 0.9489020 -0.0585416 0.3099601
1781254037.458025 -1.7305193 -0.1856880 -3.0411990 0.0089815 0.9471720 -0.0584138 0.3152339
1781254037.825179 -1.7899966 -0.1896418 -3.0842183 0.0086874 0.9531525 -0.0583048 0.2966908
1781254038.092200 -1.8336482 -0.1904259 -3.1037717 0.0091282 0.9616323 -0.0589279 0.2677826
1781254038.492737 -1.9013762 -0.1903194 -3.1208117 0.0098727 0.9774573 -0.0609465 0.2019040
1781254038.993433 -1.9945884 -0.1913559 -3.1266425 0.0097149 0.9926418 -0.0613145 0.1039639
1781254040.195091 -2.1807699 -0.1828943 -3.0687797 -0.0091970 -0.9889537 0.0630810 0.1338162
1781254040.863847 -2.2720728 -0.1731779 -2.9919448 -0.0104176 -0.9625160 0.0625524 0.2637076
1781254041.332430 -2.3364158 -0.1642094 -2.9246931 -0.0103866 -0.9367117 0.0619562 0.3444195
1781254041.899891 -2.4234552 -0.1518181 -2.8337827 -0.0090774 -0.9071056 0.0625169 0.4161356
1781254042.834218 -2.4870560 -0.1498891 -2.7013884 -0.0106649 -0.8481526 0.0564980 0.5266227
1781254043.501640 -2.4979362 -0.1371082 -2.5894220 -0.0081694 -0.7756695 0.0522791 0.6289173
1781254044.335928 -2.4637849 -0.1312737 -2.4567063 -0.0080514 -0.6902285 0.0456522 0.7221051
1781254045.103359 -2.4069829 -0.1252832 -2.3271799 -0.0086175 -0.6341413 0.0421946 0.7720170
1781254045.804107 -2.3704076 -0.1184724 -2.1594653 -0.0086734 -0.6366591 0.0418723 0.7699588
1781254046.237931 -2.3672197 -0.1111554 -2.0658879 -0.0082870 -0.6509613 0.0433783 0.7578253
1781254046.638386 -2.3543234 -0.1081963 -1.9986662 -0.0082965 -0.6291919 0.0423604 0.7760505
1781254047.038837 -2.3224750 -0.1049608 -1.9521292 -0.0087287 -0.5644430 0.0385294 0.8245263
1781254047.339171 -2.2861547 -0.1034987 -1.9289711 -0.0090276 -0.5157602 0.0358473 0.8559352
1781254047.806381 -2.2207465 -0.1023797 -1.9031453 -0.0089786 -0.4503998 0.0315497 0.8922242
1781254048.306958 -2.1204844 -0.1004400 -1.8800510 -0.0085511 -0.3666621 0.0264993 0.9299374
1781254048.740800 -2.0218072 -0.1009825 -1.8591400 -0.0076826 -0.3028114 0.0232034 0.9527370
1781254049.208010 -1.9125563 -0.1013611 -1.8322395 -0.0072905 -0.2612703 0.0206643 0.9650170
1781254049.641862 -1.8133440 -0.1007294 -1.8118062 -0.0073727 -0.2242495 0.0186342 0.9743257
1781254049.975606 -1.7523745 -0.1008560 -1.8036591 -0.0069606 -0.1939737 0.0166206 0.9808413
1781254050.376091 -1.6864109 -0.1009045 -1.7974576 -0.0066262 -0.1599599 0.0140789 0.9870009
1781254050.776572 -1.6052066 -0.1031068 -1.8008696 -0.0064228 -0.1239227 0.0108293 0.9922120
1781254051.243788 -1.4995407 -0.1039121 -1.8039122 -0.0063723 -0.1001009 0.0089629 0.9949165
1781254051.777756 -1.3746481 -0.1031706 -1.7771646 -0.0063889 -0.1241991 0.0104494 0.9921817
1781254052.078112 -1.3083843 -0.1005234 -1.7423180 -0.0061556 -0.1583215 0.0119668 0.9872959
1781254052.411834 -1.2398919 -0.0968226 -1.6931586 -0.0063567 -0.2005879 0.0149460 0.9795411
1781254052.745557 -1.1818221 -0.0930985 -1.6433656 -0.0062095 -0.2357645 0.0168088 0.9716450
1781254053.146015 -1.1300861 -0.0905465 -1.5901014 -0.0067307 -0.2664213 0.0184067 0.9636574
1781254053.546475 -1.0839577 -0.0868177 -1.5322134 -0.0070192 -0.2906131 0.0190142 0.9566260
1781254053.780083 -1.0607904 -0.0839977 -1.4937731 -0.0073476 -0.3109734 0.0199541 0.9501807
1781254054.113805 -1.0329008 -0.0814469 -1.4383602 -0.0073785 -0.3452803 0.0222404 0.9382070
1781254054.380778 -1.0154790 -0.0786287 -1.3981602 -0.0069431 -0.3680741 0.0234118 0.9294757
1781254054.714513 -0.9946404 -0.0752775 -1.3452798 -0.0070314 -0.3979734 0.0255335 0.9170146
1781254055.014873 -0.9824896 -0.0721326 -1.2994744 -0.0073081 -0.4235060 0.0270837 0.9054589
1781254055.415345 -0.9692400 -0.0691018 -1.2496134 -0.0073460 -0.4520743 0.0292724 0.8914696
1781254055.882487 -0.9556826 -0.0659112 -1.1892104 -0.0084632 -0.4838198 0.0311901 0.8745707
1781254056.249513 -0.9500057 -0.0628672 -1.1386932 -0.0091764 -0.5137528 0.0330181 0.8572536
1781254056.650252 -0.9448698 -0.0587057 -1.0720963 -0.0095868 -0.5522977 0.0353876 0.8328404
1781254056.951030 -0.9471155 -0.0543224 -1.0193045 -0.0101190 -0.5817497 0.0375008 0.8124399
1781254057.251850 -0.9525369 -0.0509718 -0.9706089 -0.0102566 -0.6095347 0.0388599 0.7917399
1781254057.552509 -0.9649898 -0.0463714 -0.9178735 -0.0105072 -0.6398849 0.0405201 0.7673298
1781254057.919697 -0.9881600 -0.0422537 -0.8489923 -0.0102995 -0.6828644 0.0428375 0.7292154
1781254058.153361 -1.0064917 -0.0387882 -0.8080013 -0.0104033 -0.7082462 0.0446648 0.7044744
1781254058.520550 -1.0403075 -0.0342437 -0.7479957 -0.0099471 -0.7457067 0.0465089 0.6645747
1781254058.987891 -1.0899326 -0.0285849 -0.6774347 -0.0101255 -0.7876017 0.0492389 0.6141307
1781254059.321707 -1.1267203 -0.0257726 -0.6345420 -0.0107984 -0.8127334 0.0509438 0.5803039
1781254059.656033 -1.1663411 -0.0220818 -0.5947396 -0.0106051 -0.8342535 0.0520355 0.5488178
1781254060.157931 -1.2169658 -0.0160477 -0.5139434 -0.0106030 -0.8253258 0.0511513 0.5622352
1781254060.425651 -1.2310586 -0.0135856 -0.4566517 -0.0109645 -0.7967173 0.0496681 0.6022080
1781254060.592498 -1.2354630 -0.0110665 -0.4202265 -0.0104836 -0.7731834 0.0481041 0.6322685
1781254060.792711 -1.2363268 -0.0082817 -0.3757604 -0.0106006 -0.7444630 0.0466127 0.6659504
1781254060.992920 -1.2362190 -0.0042931 -0.3307211 -0.0102978 -0.7135264 0.0449592 0.6991085
1781254061.193126 -1.2279971 -0.0030837 -0.2894654 -0.0091493 -0.6826683 0.0423741 0.7294413
1781254061.393329 -1.2172223 -0.0014694 -0.2520689 -0.0091968 -0.6524490 0.0407862 0.7566785
1781254061.660301 -1.1969545 0.0012700 -0.2091054 -0.0083632 -0.6184678 0.0380005 0.7848463
1781254061.927274 -1.1731153 0.0028609 -0.1660984 -0.0080294 -0.5889922 0.0355824 0.8073151
1781254062.427838 -1.1318190 0.0078377 -0.0787445 -0.0077403 -0.5826262 0.0349095 0.8119533
1781254062.895005 -1.1023866 0.0135519 0.0183029 -0.0077190 -0.5754639 0.0339084 0.8170875
1781254063.262053 -1.0745008 0.0190776 0.0808347 -0.0063848 -0.5140400 0.0300651 0.8572154
1781254063.896080 -1.0158877 0.0188826 0.1171253 -0.0046740 -0.3721562 0.0207498 0.9279264
1781254064.863837 -0.8454907 0.0218705 0.1081291 -0.0011681 -0.1752779 0.0098932 0.9844686
1781254065.264295 -0.7437769 0.0172610 0.0943247 -0.0000297 -0.0840997 0.0039060 0.9964497
1781254065.497900 -0.6817682 0.0167670 0.0833206 0.0011140 -0.0283512 -0.0000124 0.9995974
1781254065.664770 -0.6395306 0.0159086 0.0749497 0.0020700 0.0054488 -0.0016296 0.9999817
1781254065.865011 -0.5871571 0.0138400 0.0616865 0.0027098 0.0423480 -0.0041859 0.9990905
1781254066.131998 -0.5247344 0.0128934 0.0467553 0.0038120 0.0781204 -0.0061455 0.9969177
1781254066.665954 -0.4078642 0.0083801 0.0254077 0.0033115 0.0896566 -0.0076795 0.9959376
1781254067.466850 -0.2260648 0.0064388 0.0285266 0.0024616 0.0524024 -0.0054144 0.9986084
1781254067.667087 -0.1812087 0.0056051 0.0329738 0.0023310 0.0439449 -0.0045758 0.9990208
1781254068.034181 -0.1019341 0.0054625 0.0399435 0.0021740 0.0294452 -0.0038126 0.9995568
1781254068.835128 0.0532593 0.0038179 0.0534235 0.0023279 -0.0044683 -0.0005297 0.9999872
1781254069.402473 0.1814879 0.0011879 0.0476112 0.0017335 -0.0298520 0.0020081 0.9995508
1781254069.869709 0.3085684 -0.0009729 0.0394807 0.0015815 -0.0259053 0.0020217 0.9996611
1781254070.336936 0.4205192 -0.0036520 0.0339742 0.0013212 0.0095935 -0.0004643 0.9999530
1781254070.737412 0.5079491 -0.0029545 0.0336352 0.0021554 0.0445522 -0.0029569 0.9990004
1781254070.937647 0.5483178 -0.0022529 0.0328457 0.0027452 0.0713359 -0.0055381 0.9974332
1781254071.304741 0.6294876 -0.0036574 0.0224396 0.0032814 0.1247617 -0.0099324 0.9921316
1781254072.239133 0.7944891 -0.0102851 -0.0603231 0.0058174 0.3212410 -0.0222974 0.9467171
1781254072.672935 0.8416376 -0.0165251 -0.1333797 0.0069480 0.4162998 -0.0285468 0.9087526
1781254072.906512 0.8645664 -0.0199887 -0.1787518 0.0076104 0.4641347 -0.0308759 0.8851936
1781254073.206820 0.8851571 -0.0262728 -0.2373246 0.0080281 0.5262017 -0.0346621 0.8496152
1781254073.507138 0.8912981 -0.0298439 -0.2870640 0.0087533 0.5835190 -0.0383932 0.8111442
1781254073.974380 0.8788463 -0.0332829 -0.3319720 0.0092222 0.6419958 -0.0420051 0.7655011
1781254076.177947 0.7267623 -0.0345711 -0.3527434 0.0100263 0.7773257 -0.0474715 0.6272246
1781254076.979290 0.5906159 -0.0373196 -0.4546543 0.0117817 0.8152902 -0.0516589 0.5766235
1781254077.246295 0.5508187 -0.0387797 -0.5098941 0.0124900 0.8328521 -0.0533414 0.5507778
1781254077.580062 0.5033104 -0.0411831 -0.5850239 0.0131807 0.8531026 -0.0558135 0.5185818
1781254077.746951 0.4789671 -0.0428253 -0.6212649 0.0130174 0.8600222 -0.0567175 0.5069277
1781254077.947217 0.4496669 -0.0447314 -0.6739595 0.0131701 0.8673330 -0.0577841 0.4941873
1781254078.214239 0.4062433 -0.0474537 -0.7370200 0.0127657 0.8761831 -0.0590272 0.4781799
1781254078.447883 0.3623456 -0.0511698 -0.7908151 0.0126519 0.8847287 -0.0592673 0.4621500
1781254078.748973 0.3103005 -0.0547049 -0.8563111 0.0123926 0.8907933 -0.0594145 0.4503374
1781254078.949719 0.2751072 -0.0561016 -0.8979520 0.0126985 0.8949746 -0.0595232 0.4419460
1781254079.150483 0.2370481 -0.0595117 -0.9344728 0.0123852 0.8974029 -0.0589942 0.4370748
1781254079.485026 0.1798233 -0.0636770 -0.9928184 0.0120168 0.8997864 -0.0589638 0.4321611
1781254079.918811 0.1006147 -0.0692483 -1.0736020 0.0115435 0.9016361 -0.0591914 0.4282704
1781254080.185750 0.0527357 -0.0725712 -1.1268396 0.0111722 0.9022486 -0.0589811 0.4270175
1781254080.519429 0.0064605 -0.0758089 -1.1888735 0.0106503 0.8980866 -0.0585759 0.4357705
1781254080.719668 -0.0210782 -0.0794580 -1.2280190 0.0099183 0.8932092 -0.0578907 0.4457889
1781254081.120141 -0.0671382 -0.0820653 -1.3073481 0.0098393 0.8836322 -0.0577831 0.4644981
1781254081.687467 -0.1223168 -0.0875591 -1.4109892 0.0096008 0.8699762 -0.0565075 0.4897510
1781254082.354892 -0.1818627 -0.0953480 -1.5275328 0.0089098 0.8580620 -0.0559640 0.5104100
1781254082.788707 -0.2345979 -0.1002053 -1.6182091 0.0092915 0.8550171 -0.0564773 0.5154316
1781254083.055664 -0.2841797 -0.1045024 -1.6730387 0.0102230 0.8678890 -0.0566958 0.4934062
1781254083.322615 -0.3335342 -0.1093943 -1.7236805 0.0104632 0.8830697 -0.0562952 0.4657353
1781254083.589576 -0.3810287 -0.1125222 -1.7699357 0.0111041 0.8942327 -0.0568230 0.4438420
1781254083.856545 -0.4375484 -0.1209232 -1.8236765 0.0113738 0.9032863 -0.0555145 0.4252795
1781254084.156880 -0.4955773 -0.1199219 -1.8986089 0.0115732 0.9096916 -0.0582249 0.4110197
1781254084.590698 -0.5824201 -0.1241681 -1.9835222 0.0115220 0.9205353 -0.0583160 0.3861103
1781254085.224754 -0.6632528 -0.1270336 -2.0639703 0.0105146 0.9300535 -0.0589888 0.3625056
1781254085.691953 -0.7523594 -0.1321834 -2.1521480 0.0097306 0.9323226 -0.0589927 0.3566507
1781254088.995834 -1.3997531 -0.1652262 -2.7063456 0.0084415 0.9267375 -0.0592140 0.3709178
1781254089.396293 -1.4659054 -0.1699964 -2.7848635 0.0083383 0.9235197 -0.0591634 0.3788688
1781254089.830158 -1.5594807 -0.1754904 -2.8823123 0.0083039 0.9353343 -0.0593451 0.3486531
1781254090.063779 -1.6101425 -0.1789299 -2.9278636 0.0086659 0.9441690 -0.0590664 0.3240077
1781254090.297398 -1.6599741 -0.1811494 -2.9653091 0.0094155 0.9537007 -0.0588417 0.2947949
1781254090.664504 -1.7375636 -0.1843189 -3.0046504 0.0090673 0.9697025 -0.0591375 0.2368493
1781254091.799150 -2.0101056 -0.1867072 -3.0138261 -0.0106357 -0.9981036 0.0604184 0.0050825
1781254093.334154 -2.2890096 -0.1540714 -2.7850325 -0.0110897 -0.9255166 0.0611547 0.3735722
1781254094.135021 -2.3689132 -0.1426991 -2.5980461 -0.0105834 -0.8417158 0.0554090 0.5369660
1781254095.571726 -2.4038832 -0.1193532 -2.2226608 -0.0096041 -0.7055072 0.0465812 0.7071051
1781254095.939820 -2.3751147 -0.1156265 -2.1356416 -0.0090896 -0.6511911 0.0431609 0.7576310
1781254096.307977 -2.3449306 -0.1116677 -2.0712256 -0.0089126 -0.6075407 0.0412913 0.7931646
1781254096.742316 -2.2902579 -0.1092006 -2.0034845 -0.0091886 -0.5498509 0.0378230 0.8343554
1781254097.042663 -2.2410054 -0.1070700 -1.9634148 -0.0095093 -0.4980962 0.0348754 0.8663680
1781254098.077156 -1.9832798 -0.0988401 -1.8457280 -0.0076909 -0.2925981 0.0229179 0.9559299
1781254106.119112 -1.1149273 -0.0193648 -0.5482429 -0.0105749 -0.7757343 0.0485335 0.6291017
1781254106.686412 -1.1223300 -0.0135337 -0.4195716 -0.0104588 -0.6973730 0.0436129 0.7153038
1781254106.986750 -1.1111584 -0.0095862 -0.3554471 -0.0094597 -0.6554683 0.0410814 0.7540452
1781254107.287083 -1.1025397 -0.0044734 -0.2865676 -0.0090294 -0.6358993 0.0394145 0.7707120
1781254107.687533 -1.0838476 -0.0008940 -0.1897956 -0.0086707 -0.5981809 0.0365023 0.8004823
1781254107.987874 -1.0641999 0.0045878 -0.1245275 -0.0078002 -0.5442662 0.0329653 0.8382283
1781254108.288211 -1.0277071 0.0072659 -0.0690137 -0.0073421 -0.4718462 0.0284112 0.8811924
1781254111.124684 -0.3623532 0.0089532 0.0382377 0.0015286 0.0034858 -0.0022655 0.9999902
1781254112.360754 -0.0191885 0.0057229 0.0624451 0.0010192 -0.0499007 0.0020206 0.9987516
1781254113.096806 0.2447051 0.0011687 0.0574211 0.0017159 0.0147872 0.0006111 0.9998890
1781254115.066863 0.6234113 -0.0187344 -0.1875669 0.0077520 0.5652198 -0.0371699 0.8240661
1781254119.005083 -0.0019599 -0.0753369 -1.1624335 0.0104957 0.8921924 -0.0575663 0.4478490
1781254120.940468 -0.2949266 -0.1468076 -1.6338289 0.0098888 0.8753266 -0.0394730 0.4818169
1781254126.846679 -1.5700576 -0.1750236 -2.8305399 0.0085107 0.9578624 -0.0594649 0.2808758
1781254127.213756 -1.6750879 -0.1762723 -2.8729653 0.0094219 0.9765104 -0.0599005 0.2067621
1781254128.148136 -1.9685035 -0.1821513 -2.9036641 0.0107288 0.9979653 -0.0608872 0.0155880
1781254129.417634 -2.3132138 -0.1496596 -2.7425849 -0.0109218 -0.9186392 0.0611215 0.3901885
1781254131.453855 -2.3645060 -0.1200496 -2.1601932 -0.0096976 -0.6193722 0.0408022 0.7839766
1781254132.288305 -2.2247496 -0.1087835 -1.9842525 -0.0086506 -0.4474279 0.0311237 0.8937365
1781254132.822355 -2.0598965 -0.1036400 -1.9071367 -0.0077850 -0.3005750 0.0229839 0.9534495
1781254137.362254 -0.9469157 -0.0606309 -1.1066910 -0.0099382 -0.5472182 0.0359655 0.8361579
1781254141.501166 -1.0245498 0.0081690 -0.0465834 -0.0073581 -0.4443659 0.0266149 0.8954197
1781254143.770880 -0.4279740 0.0074238 -0.0206612 0.0022675 0.0205549 -0.0027118 0.9997825
1781254146.374401 0.4646915 -0.0029997 0.0313077 -0.0010071 -0.1105647 0.0080608 0.9938357
1781254146.708186 0.5660954 -0.0013566 0.0699160 -0.0021280 -0.1503661 0.0093367 0.9885840
1781254147.175494 0.6616732 -0.0003491 0.1054884 -0.0025995 -0.1750487 0.0103191 0.9845023
