1781254169.402762 0.0000000 0.0000000 0.0000000 -0.0000000 -0.0000000 -0.0000000 1.0000000
1781254173.382754 0.0057403 -0.0126375 -0.2253306 0.0024672 0.0514167 -0.0012375 0.9986735
1781254173.416123 0.0075191 -0.0120725 -0.2297629 0.0025845 0.0514975 -0.0013449 0.9986689
1781254173.649705 0.0115035 -0.0152600 -0.2676344 0.0022834 0.0559454 -0.0011914 0.9984306
1781254174.083488 0.0236937 -0.0207932 -0.3549084 0.0019499 0.0661640 -0.0014484 0.9978058
1781254174.786399 0.0486762 -0.0276108 -0.4845100 0.0020866 0.0670178 -0.0017871 0.9977480
1781254175.655436 0.1649781 -0.0330252 -0.5696204 0.0019011 0.1013496 -0.0039014 0.9948415
1781254176.989984 0.3352649 -0.0309905 -0.5216458 0.0005157 0.0743466 -0.0011046 0.9972317
1781254177.857390 0.4188719 -0.0245217 -0.3897829 0.0009083 0.0505334 0.0005183 0.9987218
1781254178.491328 0.4818307 -0.0191980 -0.2846869 0.0023951 0.0795287 -0.0012072 0.9968290
1781254179.025211 0.5576660 -0.0175935 -0.2370650 0.0032685 0.0556514 -0.0003990 0.9984449
1781254179.425607 0.6351869 -0.0185207 -0.2308274 0.0042057 0.0477064 -0.0006046 0.9988524
1781254179.625798 0.6697816 -0.0209452 -0.2413317 0.0038238 0.0786477 -0.0022203 0.9968927
1781254179.859348 0.7005544 -0.0208277 -0.2612211 0.0039731 0.1227766 -0.0050844 0.9924133
1781254180.426566 0.7383339 -0.0272913 -0.3597857 0.0032536 0.1522311 -0.0055100 0.9883242
1781254181.027176 0.7589362 -0.0370139 -0.5077879 0.0023891 0.1948312 -0.0076963 0.9808037
1781254181.828255 0.7725649 -0.0503849 -0.7160659 0.0011019 0.2079962 -0.0083181 0.9780937
1781254183.964488 0.8639342 -0.0815247 -1.1335167 0.0004943 0.1242060 -0.0060692 0.9922378
1781254185.666536 1.1421714 -0.0644335 -0.8512652 -0.0001171 0.1337373 -0.0077474 0.9909866
1781254186.467464 1.2649343 -0.0530303 -0.6327755 0.0003935 0.1195508 -0.0072194 0.9928018
1781254187.034902 1.3472109 -0.0438158 -0.4832709 0.0012105 0.0766231 -0.0053990 0.9970448
1781254187.535508 1.4223487 -0.0410168 -0.4087889 0.0012671 0.0394993 -0.0041702 0.9992101
1781254187.969334 1.5097567 -0.0379427 -0.3570254 0.0015641 0.0173305 -0.0035183 0.9998424
1781254188.369792 1.6076579 -0.0365070 -0.3365832 0.0030417 0.0439081 -0.0043526 0.9990215
1781254188.670140 1.6589267 -0.0409582 -0.3690030 0.0025806 0.1112955 -0.0071280 0.9937584
1781254189.070596 1.7042139 -0.0470862 -0.4551359 0.0029366 0.1419003 -0.0073835 0.9898491
1781254189.737923 1.7432073 -0.0568958 -0.6241184 0.0036918 0.1751341 -0.0077550 0.9845071
1781254191.006882 1.7010686 -0.0807381 -0.9948224 0.0032466 0.1588487 -0.0074721 0.9872693
1781254191.774688 1.8473221 -0.0934443 -1.0929794 0.0030018 0.2111487 -0.0121484 0.9773738
1781254192.909364 2.0745990 -0.0811512 -0.8711269 0.0022759 0.2345062 -0.0141268 0.9720093
1781254193.643574 2.2062163 -0.0691285 -0.6789584 0.0039270 0.2459942 -0.0144258 0.9691560
1781254194.177551 2.2859550 -0.0618058 -0.5451685 0.0051676 0.2515057 -0.0146576 0.9677311
1781254194.678159 2.3604615 -0.0551425 -0.4174677 0.0054088 0.2355903 -0.0132821 0.9717467
1781254195.178760 2.4172921 -0.0499686 -0.3143401 0.0041719 0.2010893 -0.0115467 0.9794960
1781254195.646006 2.4835258 -0.0471366 -0.2504568 0.0029635 0.1540569 -0.0099951 0.9880070
1781254196.280115 2.5927436 -0.0509600 -0.2755560 0.0027036 0.1497970 -0.0103486 0.9886590
1781254196.680600 2.6757591 -0.0558576 -0.3357240 0.0032038 0.1762236 -0.0120294 0.9842715
1781254197.114453 2.7295265 -0.0632751 -0.4165486 0.0026626 0.1784108 -0.0112780 0.9838879
1781254197.815406 2.7665515 -0.0734524 -0.5539917 0.0021361 0.1048173 -0.0066217 0.9944671
1781254198.449658 2.7905400 -0.0816939 -0.7207373 0.0007236 0.0725820 -0.0043216 0.9973528
1781254199.017200 2.7998695 -0.0940668 -0.8956593 0.0000224 0.0768247 -0.0045826 0.9970341
1781254199.918468 2.9287789 -0.1050292 -1.0442270 0.0009514 0.0735371 -0.0068861 0.9972683
1781254200.252262 3.0131235 -0.1069532 -1.0452998 0.0013553 0.1186219 -0.0096389 0.9928918
1781254201.186898 3.1326246 -0.0991680 -0.8896592 0.0000249 0.0995984 -0.0073867 0.9950004
1781254201.754293 3.1979547 -0.0930606 -0.7470058 0.0001200 0.1042872 -0.0076358 0.9945179
1781254202.088053 3.2387428 -0.0866035 -0.6636940 0.0012243 0.0998658 -0.0078350 0.9949693
1781254202.321709 3.2725728 -0.0828664 -0.6136998 0.0015932 0.0753388 -0.0071655 0.9971310
1781254202.555389 3.3141074 -0.0820037 -0.5804412 0.0012189 0.0500100 -0.0056650 0.9987319
1781254202.822455 3.3597276 -0.0801354 -0.5590671 0.0017967 0.0496141 -0.0059186 0.9987493
1781254203.022756 3.3940730 -0.0810690 -0.5502759 0.0014981 0.0592007 -0.0063237 0.9982250
1781254203.156291 3.4212735 -0.0819543 -0.5461227 0.0016123 0.0699071 -0.0068901 0.9975284
1781254203.323200 3.4617150 -0.0825564 -0.5434945 0.0019749 0.0869942 -0.0078900 0.9961756
1781254203.523487 3.5077703 -0.0822321 -0.5462916 0.0029726 0.1166402 -0.0100032 0.9931194
1781254203.757157 3.5493062 -0.0849508 -0.5704177 0.0035020 0.1592684 -0.0120890 0.9871551
1781254203.990828 3.5766873 -0.0875485 -0.6053929 0.0034185 0.1822141 -0.0125818 0.9831724
1781254204.391399 3.6066213 -0.0958500 -0.6914283 0.0020541 0.1887055 -0.0115014 0.9819642
1781254204.725202 3.6152177 -0.1017731 -0.7933843 0.0024884 0.2082623 -0.0121985 0.9779938
1781254205.192528 3.6223855 -0.1105563 -0.9258476 0.0028961 0.2260922 -0.0121360 0.9740260
1781254206.127080 3.6310563 -0.1296758 -1.2058884 0.0019128 0.2318937 -0.0126585 0.9726569
1781254207.261929 3.7820053 -0.1431997 -1.3737807 0.0021571 0.2616340 -0.0158709 0.9650342
1781254208.396746 4.0090051 -0.1283350 -1.0878395 0.0020505 0.2574346 -0.0133929 0.9662008
1781254208.997512 4.1149006 -0.1187257 -0.8963541 0.0024791 0.2763611 -0.0148746 0.9609356
1781254209.698414 4.2086644 -0.1105033 -0.7341368 0.0017652 0.3040203 -0.0169612 0.9525130
1781254211.200353 4.2075334 -0.1187031 -0.8286000 0.0053067 0.5725165 -0.0340634 0.8191680
1781254211.767756 4.1704669 -0.1247739 -0.9972434 0.0095223 0.6625272 -0.0401677 0.7478995
1781254212.134897 4.1335135 -0.1296802 -1.1166091 0.0102385 0.7183163 -0.0425693 0.6943375
1781254212.368530 4.1029644 -0.1411139 -1.1971345 0.0081850 0.7561938 -0.0424566 0.6529176
1781254212.902546 4.0704284 -0.1399032 -1.3561482 0.0136176 0.8377616 -0.0502909 0.5435447
1781254213.603451 4.0209789 -0.1469832 -1.5137706 0.0112286 0.9197401 -0.0572536 0.3881676
1781254214.204234 3.9391298 -0.1499111 -1.5737457 0.0119639 0.9807863 -0.0585604 0.1857032
1781254214.771724 3.8734779 -0.1451717 -1.5046216 -0.0133496 -0.9961776 0.0601257 0.0619441
1781254215.439337 3.8635983 -0.1273015 -1.3163606 -0.0155089 -0.9875258 0.0623174 0.1437667
1781254216.741040 3.8504052 -0.1031934 -0.9239471 -0.0146109 -0.9770887 0.0608611 0.2034210
1781254217.575455 3.6681039 -0.0962293 -0.9142684 -0.0153337 -0.9684100 0.0598480 0.2415889
1781254218.343117 3.5160599 -0.1083209 -1.0758297 -0.0167534 -0.9817770 0.0607153 0.1792959
1781254218.877167 3.4357214 -0.1174957 -1.2042089 -0.0173242 -0.9765826 0.0602892 0.2057947
1781254219.177570 3.3797603 -0.1212038 -1.2923536 -0.0178217 -0.9724304 0.0604966 0.2245031
1781254219.644857 3.2828736 -0.1277117 -1.4294866 -0.0172543 -0.9729554 0.0606086 0.2222313
1781254220.112143 3.1933405 -0.1296788 -1.4968674 -0.0171204 -0.9812275 0.0608668 0.1821947
1781254220.813063 3.0470552 -0.1252375 -1.4689986 -0.0177034 -0.9837356 0.0616724 0.1677721
1781254221.380480 2.9930317 -0.1195321 -1.3713511 -0.0191475 -0.9813272 0.0608506 0.1814595
1781254221.914533 2.9917049 -0.1105515 -1.2041930 -0.0181883 -0.9844880 0.0608481 0.1635544
1781254222.549545 2.9847403 -0.0993780 -1.0270079 -0.0178543 -0.9871677 0.0616544 0.1462189
1781254223.252282 2.9640446 -0.0864396 -0.8352426 -0.0182913 -0.9891428 0.0613866 0.1322635
1781254223.852951 2.8846197 -0.0741622 -0.7267803 -0.0160956 -0.9849140 0.0617190 0.1608605
1781254224.220016 2.7833540 -0.0719506 -0.7145095 -0.0161322 -0.9810066 0.0605899 0.1835615
1781254224.753928 2.6559608 -0.0716701 -0.7375394 -0.0160770 -0.9861088 0.0614582 0.1534724
1781254225.354569 2.5642133 -0.0779764 -0.8472214 -0.0172314 -0.9880754 0.0611509 0.1402522
1781254225.921853 2.4931924 -0.0848692 -0.9631404 -0.0172942 -0.9871576 0.0606725 0.1467636
1781254226.422395 2.4300160 -0.0858602 -1.0200434 -0.0154510 -0.9942181 0.0614951 0.0866603
1781254226.956315 2.3204775 -0.0845739 -1.0003686 -0.0147318 -0.9937721 0.0610496 0.0920485
1781254227.390141 2.2437110 -0.0792610 -0.9234057 -0.0153832 -0.9884356 0.0601649 0.1383426
1781254227.757253 2.1810992 -0.0721654 -0.8355263 -0.0152900 -0.9867165 0.0603614 0.1500444
1781254228.090988 2.1275454 -0.0662621 -0.7549243 -0.0157084 -0.9847524 0.0605997 0.1623072
1781254228.458059 2.0697234 -0.0592910 -0.6603372 -0.0154682 -0.9829187 0.0603858 0.1731620
1781254229.125402 2.0138235 -0.0498103 -0.5023282 -0.0142493 -0.9838018 0.0601209 0.1682753
1781254229.992981 1.8341588 -0.0512671 -0.5479355 -0.0130810 -0.9908482 0.0594104 0.1204955
1781254230.660362 1.7469192 -0.0620500 -0.7343642 -0.0146950 -0.9860117 0.0593045 0.1550738
1781254231.027420 1.6979736 -0.0696904 -0.8758205 -0.0153826 -0.9791291 0.0600509 0.1935550
1781254231.394474 1.6397521 -0.0763349 -1.0457833 -0.0147098 -0.9770806 0.0597458 0.2037833
1781254231.794889 1.5813680 -0.0867505 -1.1986612 -0.0150754 -0.9797388 0.0592098 0.1907321
1781254232.228661 1.5290735 -0.0945804 -1.3465661 -0.0144997 -0.9831840 0.0601804 0.1718063
1781254232.662431 1.4801421 -0.1027972 -1.4822305 -0.0141418 -0.9860101 0.0611440 0.1544203
1781254232.962727 1.4430990 -0.1083305 -1.5761278 -0.0133251 -0.9894896 0.0616119 0.1301410
1781254233.229650 1.3976433 -0.1116136 -1.6396182 -0.0125642 -0.9923351 0.0625008 0.1058618
1781254233.530120 1.3340991 -0.1152356 -1.7005949 -0.0120267 -0.9935441 0.0617550 0.0944027
1781254233.830593 1.2722352 -0.1182602 -1.7485434 -0.0114188 -0.9951492 0.0618194 0.0756705
1781254234.097681 1.2118396 -0.1186641 -1.7781161 -0.0110550 -0.9961546 0.0618876 0.0610230
1781254234.364711 1.1395116 -0.1197938 -1.7974458 -0.0110976 -0.9957170 0.0615355 0.0681027
1781254234.631676 1.0643348 -0.1200159 -1.8018156 -0.0110075 -0.9951513 0.0613212 0.0761083
1781254234.998749 1.0022629 -0.1195905 -1.7763908 -0.0114438 -0.9911637 0.0607489 0.1173591
1781254235.966437 0.9646380 -0.1065964 -1.5817056 -0.0130837 -0.9875511 0.0608228 0.1444723
1781254236.667174 0.9889569 -0.0965211 -1.3938028 -0.0139474 -0.9868385 0.0602220 0.1494277
1781254237.167697 1.0377928 -0.0854334 -1.2182446 -0.0134356 -0.9826910 0.0597385 0.1748406
1781254238.035441 1.0924690 -0.0685547 -0.9725441 -0.0129804 -0.9844852 0.0608179 0.1640779
1781254238.770428 1.1359564 -0.0574397 -0.7384554 -0.0140662 -0.9809622 0.0596033 0.1842902
1781254239.605571 1.0884775 -0.0440448 -0.5298079 -0.0146465 -0.9798954 0.0596412 0.1898247
1781254240.239716 0.9408726 -0.0387168 -0.4746182 -0.0133912 -0.9716491 0.0587647 0.2286164
1781254240.840454 0.7722450 -0.0417512 -0.5254403 -0.0123564 -0.9826267 0.0592381 0.1754505
1781254241.541305 0.6787937 -0.0525239 -0.7240705 -0.0134864 -0.9837214 0.0612814 0.1683892
1781254241.941787 0.6319733 -0.0610374 -0.8782141 -0.0132023 -0.9863297 0.0616427 0.1522484
1781254242.275521 0.5970327 -0.0680624 -1.0070029 -0.0131296 -0.9885115 0.0616372 0.1373812
1781254242.943046 0.5448959 -0.0729806 -1.0884763 -0.0116399 -0.9938805 0.0621160 0.0905963
1781254243.477065 0.4722516 -0.0698561 -1.0479681 -0.0114315 -0.9917207 0.0616803 0.1120491
1781254243.844204 0.3940029 -0.0636321 -0.9852363 -0.0124601 -0.9887229 0.0617084 0.1358815
1781254244.111214 0.3292717 -0.0617535 -0.9390887 -0.0132689 -0.9875854 0.0611693 0.1440744
1781254244.344843 0.2665601 -0.0588089 -0.9082538 -0.0141529 -0.9880125 0.0609255 0.1411351
1781254244.645213 0.1932874 -0.0550904 -0.8645193 -0.0152570 -0.9879641 0.0605643 0.1415140
1781254245.112453 0.1352365 -0.0495038 -0.7690292 -0.0167083 -0.9887415 0.0599552 0.1360756
1781254245.546293 0.1333383 -0.0427628 -0.6326104 -0.0170160 -0.9894946 0.0587861 0.1309776
1781254246.046858 0.1219319 -0.0337362 -0.4876329 -0.0166259 -0.9904884 0.0582599 0.1235397
1781254246.647554 0.0803727 -0.0245813 -0.3339860 -0.0155513 -0.9900736 0.0574616 0.1273206
1781254247.148138 0.0204349 -0.0171269 -0.2170352 -0.0144223 -0.9840464 0.0575498 0.1677279
1781254248.549793 -0.1788897 -0.0258957 -0.4466131 -0.0155227 -0.9709897 0.0553952 0.2320980
1781254249.350769 -0.2078335 -0.0268866 -0.5430284 -0.0132844 -0.9013641 0.0528380 0.4296213
1781254250.352278 -0.1364379 -0.0257875 -0.4125297 -0.0092707 -0.7648229 0.0430369 0.6427346
1781254250.953087 -0.0863768 -0.0087825 -0.2712095 -0.0061386 -0.6456120 0.0393959 0.7626240
1781254251.387008 -0.0082537 -0.0077288 -0.1731341 -0.0051955 -0.5125698 0.0312468 0.8580611
1781254251.787551 0.0494387 -0.0038130 -0.1096105 -0.0026197 -0.3696514 0.0235044 0.9288695
1781254252.622022 0.1615097 -0.0103121 -0.1878938 -0.0007475 -0.1312591 0.0087180 0.9913095
1781254253.356364 0.3741749 0.0058687 -0.2338975 0.0087625 0.0222395 -0.0002750 0.9997143
