1781254294.783055 0.0000000 0.0000000 0.0000000 -0.0000000 -0.0000000 -0.0000000 1.0000000
1781254296.602275 0.1287979 -0.0014132 0.0041164 0.0003396 -0.0028994 0.0009111 0.9999954
1781254296.635653 0.1350720 -0.0013602 0.0050320 0.0003147 -0.0028461 0.0008292 0.9999956
1781254296.835926 0.1750499 -0.0017744 0.0141040 0.0002578 -0.0073292 0.0006900 0.9999729
1781254297.069585 0.2278463 -0.0036028 0.0238795 -0.0002535 -0.0115595 0.0006269 0.9999329
1781254297.470336 0.3390605 -0.0019432 0.0483107 0.0005578 -0.0270871 0.0006459 0.9996327
1781254297.804387 0.4478860 -0.0023652 0.0737896 -0.0002572 -0.0405890 0.0008668 0.9991755
1781254298.105086 0.5502600 -0.0020610 0.0966632 -0.0004623 -0.0469139 0.0001890 0.9988989
1781254298.405560 0.6663559 -0.0018592 0.1231462 -0.0008125 -0.0500313 0.0004124 0.9987472
1781254298.639245 0.7580153 -0.0011829 0.1497982 -0.0010505 -0.0502653 0.0004326 0.9987352
1781254298.872939 0.8435148 -0.0027774 0.1736823 -0.0020601 -0.0499088 0.0003826 0.9987516
1781254299.073252 0.9132237 -0.0022927 0.1954708 -0.0014577 -0.0548947 0.0003384 0.9984910
1781254299.340293 1.0030503 -0.0035379 0.2274143 -0.0011474 -0.0721338 0.0020343 0.9973922
1781254299.640699 1.1083404 -0.0028308 0.2615654 -0.0003735 -0.0746421 0.0018807 0.9972085
1781254299.874349 1.2038312 -0.0044458 0.2781355 -0.0003042 -0.0573717 0.0011699 0.9983522
1781254300.041243 1.2717779 -0.0058994 0.2871975 0.0003122 -0.0467190 0.0005799 0.9989079
1781254300.308330 1.3848740 -0.0093675 0.3024443 -0.0003002 -0.0254280 -0.0013550 0.9996757
1781254300.542070 1.4870174 -0.0112304 0.3121414 -0.0012074 -0.0091688 -0.0027408 0.9999535
1781254300.742428 1.5789571 -0.0140444 0.3196778 -0.0019065 0.0031247 -0.0044320 0.9999835
1781254300.876007 1.6388180 -0.0110979 0.3299251 -0.0007488 0.0120445 -0.0050112 0.9999146
1781254301.009589 1.7079870 -0.0145114 0.3341433 -0.0012389 0.0169603 -0.0053250 0.9998413
1781254301.209926 1.8003147 -0.0173179 0.3438844 -0.0017744 0.0173363 -0.0056418 0.9998323
1781254301.376802 1.8736545 -0.0167630 0.3542576 -0.0011462 0.0143810 -0.0060333 0.9998778
1781254301.510303 1.9326613 -0.0172343 0.3604235 -0.0008302 0.0153446 -0.0058957 0.9998646
1781254301.610428 1.9811162 -0.0172407 0.3682897 -0.0009361 0.0136904 -0.0060435 0.9998876
1781254301.743927 2.0426357 -0.0173975 0.3765286 -0.0006717 0.0119225 -0.0058523 0.9999116
1781254301.877426 2.1025681 -0.0166033 0.3861986 -0.0004402 0.0098723 -0.0059837 0.9999333
1781254301.977549 2.1463914 -0.0168964 0.3931296 -0.0003851 0.0109308 -0.0057476 0.9999236
1781254302.111047 2.2031507 -0.0167330 0.4010865 0.0001293 0.0107725 -0.0062258 0.9999226
1781254302.211177 2.2455997 -0.0159582 0.4083754 0.0007759 0.0107003 -0.0063031 0.9999226
1781254302.344687 2.3035517 -0.0183587 0.4107654 0.0005128 0.0143639 -0.0061714 0.9998777
1781254302.544951 2.3902764 -0.0199354 0.4164698 0.0015224 0.0210304 -0.0064783 0.9997567
1781254302.711839 2.4629915 -0.0229678 0.4209632 0.0006476 0.0276280 -0.0066533 0.9995959
1781254302.912104 2.5455093 -0.0269241 0.4244561 -0.0004370 0.0431020 -0.0075509 0.9990421
1781254303.112368 2.6225052 -0.0278837 0.4262996 0.0001994 0.0562419 -0.0087714 0.9983786
1781254303.312618 2.6939592 -0.0292528 0.4276546 0.0001135 0.0655962 -0.0094684 0.9978014
1781254303.479490 2.7553003 -0.0332247 0.4252759 -0.0013425 0.0795169 -0.0092624 0.9967896
1781254303.612987 2.8045256 -0.0353193 0.4186504 -0.0015181 0.0963754 -0.0101939 0.9952917
1781254303.746483 2.8536875 -0.0356943 0.4099125 -0.0009003 0.1176473 -0.0108326 0.9929960
1781254303.980099 2.9350014 -0.0394208 0.3898818 -0.0008360 0.1570319 -0.0127060 0.9875115
1781254304.313863 3.0345249 -0.0418619 0.3507793 0.0016525 0.2239407 -0.0158437 0.9744726
1781254304.881314 3.1676412 -0.0543082 0.2534881 0.0028591 0.3551416 -0.0230195 0.9345247
1781254305.315238 3.2345736 -0.0565117 0.1559826 0.0060474 0.4807703 -0.0311361 0.8762727
1781254305.682387 3.2787032 -0.0571780 0.0640745 0.0089207 0.5730395 -0.0367701 0.8186538
1781254305.916029 3.3005867 -0.0595160 -0.0105302 0.0109689 0.6311620 -0.0406184 0.7745091
1781254306.249793 3.3191638 -0.0528331 -0.1048498 0.0175694 0.7134699 -0.0479969 0.6988192
1781254306.650284 3.2895858 -0.0739738 -0.2177880 0.0150397 0.8065185 -0.0482292 0.5890464
1781254307.084141 3.2281156 -0.0777044 -0.3537898 0.0158273 0.8851948 -0.0536095 0.4618503
1781254307.484687 3.1388702 -0.0830310 -0.4588749 0.0171983 0.9350963 -0.0554210 0.3496107
1781254307.718347 3.0738831 -0.0889429 -0.5054045 0.0168750 0.9559444 -0.0551236 0.2878315
1781254307.952010 3.0023446 -0.0913587 -0.5525439 0.0168267 0.9717892 -0.0556484 0.2285736
1781254308.085531 2.9598637 -0.0928199 -0.5741394 0.0172200 0.9796475 -0.0559381 0.1920034
1781254308.185669 2.9317746 -0.0932671 -0.5863407 0.0170741 0.9846128 -0.0561330 0.1646066
1781254308.285800 2.8985777 -0.0926142 -0.5973153 0.0173569 0.9888846 -0.0564662 0.1364461
1781254308.419308 2.8561630 -0.0922534 -0.6080682 0.0174399 0.9930696 -0.0566398 0.1014911
1781254308.552816 2.8129580 -0.0927577 -0.6149671 0.0183345 0.9959885 -0.0563703 0.0670317
1781254308.686323 2.7723753 -0.0894637 -0.6198934 0.0182174 0.9978554 -0.0567244 0.0271134
1781254308.853208 2.7128479 -0.0886731 -0.6108546 -0.0186227 -0.9977129 0.0563209 0.0324083
1781254308.986715 2.6641133 -0.0888772 -0.5990287 -0.0184930 -0.9947936 0.0555373 0.0834226
1781254309.053468 2.6404414 -0.0837106 -0.5971572 -0.0179001 -0.9920884 0.0563687 0.1107379
1781254309.153599 2.6066267 -0.0851312 -0.5803826 -0.0185394 -0.9874073 0.0553249 0.1470454
1781254309.253731 2.5710425 -0.0832317 -0.5642057 -0.0182160 -0.9816126 0.0549651 0.1818894
1781254309.353861 2.5367479 -0.0825756 -0.5506988 -0.0177736 -0.9749038 0.0542323 0.2151875
1781254309.453992 2.5043526 -0.0830412 -0.5284659 -0.0174892 -0.9683957 0.0532632 0.2430370
1781254309.554123 2.4748521 -0.0807199 -0.5097349 -0.0169630 -0.9605385 0.0525785 0.2726051
1781254309.620877 2.4514704 -0.0804358 -0.4942982 -0.0163518 -0.9566540 0.0519455 0.2860901
1781254309.721008 2.4212933 -0.0773736 -0.4784012 -0.0162542 -0.9487796 0.0521049 0.3111883
1781254309.854515 2.3779182 -0.0765294 -0.4453828 -0.0159303 -0.9407234 0.0510963 0.3349251
1781254309.988024 2.3339729 -0.0752414 -0.4174602 -0.0154040 -0.9360865 0.0503204 0.3478113
1781254310.221667 2.2548184 -0.0706591 -0.3792050 -0.0153223 -0.9376318 0.0504240 0.3436119
1781254310.488700 2.1624732 -0.0654110 -0.3370100 -0.0152263 -0.9430094 0.0509524 0.3284893
1781254310.655598 2.1022749 -0.0623422 -0.3149846 -0.0157869 -0.9491346 0.0518495 0.3101706
1781254310.822495 2.0418429 -0.0598884 -0.2995381 -0.0160047 -0.9561028 0.0521506 0.2879089
1781254310.989393 1.9826380 -0.0581299 -0.2861787 -0.0159562 -0.9626803 0.0523365 0.2650526
1781254311.223042 1.9023867 -0.0551380 -0.2781562 -0.0158343 -0.9714654 0.0528211 0.2306820
1781254311.423297 1.8298931 -0.0530541 -0.2737182 -0.0160407 -0.9784324 0.0534590 0.1988842
1781254311.623550 1.7574265 -0.0518449 -0.2775049 -0.0162761 -0.9842731 0.0538981 0.1674415
1781254311.823802 1.6870562 -0.0516559 -0.2844063 -0.0161113 -0.9892600 0.0541389 0.1348118
1781254312.024056 1.6194506 -0.0498781 -0.3036667 -0.0158226 -0.9938862 0.0547529 0.0945628
1781254312.190932 1.5615987 -0.0510522 -0.3229645 -0.0152285 -0.9967029 0.0550377 0.0576400
1781254312.357810 1.5032479 -0.0511444 -0.3447243 -0.0153699 -0.9981856 0.0549520 0.0192249
1781254312.491312 1.4607219 -0.0514082 -0.3656159 0.0148067 0.9982722 -0.0558365 0.0107584
1781254312.624814 1.4196547 -0.0518809 -0.3877979 0.0149258 0.9974929 -0.0559413 0.0406903
1781254312.791692 1.3657315 -0.0527960 -0.4189178 0.0151520 0.9954646 -0.0561835 0.0752608
1781254312.925193 1.3201306 -0.0525423 -0.4440253 0.0154703 0.9933141 -0.0563863 0.0995408
1781254313.092069 1.2669182 -0.0534900 -0.4789686 0.0155383 0.9905549 -0.0556583 0.1243449
1781254313.292327 1.2089180 -0.0548769 -0.5251337 0.0156602 0.9863235 -0.0554345 0.1544273
1781254313.559344 1.1352884 -0.0565028 -0.5955143 0.0157066 0.9778301 -0.0546057 0.2015435
1781254313.759605 1.0857888 -0.0592907 -0.6510223 0.0154254 0.9701660 -0.0537425 0.2359064
1781254313.993243 1.0439876 -0.0624825 -0.7177560 0.0149141 0.9581303 -0.0528160 0.2810238
1781254314.260257 1.0078447 -0.0652219 -0.7883437 0.0142093 0.9431000 -0.0526858 0.3280013
1781254314.493890 0.9822050 -0.0684015 -0.8508146 0.0139799 0.9289099 -0.0524957 0.3662993
1781254314.727522 0.9613927 -0.0706342 -0.9214031 0.0142974 0.9125157 -0.0518882 0.4054853
1781254314.927780 0.9446760 -0.0740507 -0.9788364 0.0139479 0.9022177 -0.0514013 0.4279796
1781254315.228164 0.9068301 -0.0799942 -1.0716672 0.0138039 0.8975627 -0.0506076 0.4377551
1781254315.461796 0.8766041 -0.0847065 -1.1488392 0.0135983 0.9015709 -0.0505559 0.4294521
1781254316.496439 0.8611227 -0.0872219 -1.1953365 0.0131863 0.9028378 -0.0509226 0.4267517
1781254317.297445 0.8381653 -0.0885573 -1.2347544 0.0133738 0.9083158 -0.0510621 0.4149413
1781254317.597845 0.8192339 -0.0898090 -1.2527914 0.0128446 0.9137417 -0.0520503 0.4027430
1781254317.864867 0.7866588 -0.0895819 -1.2745503 0.0111840 0.9299113 -0.0550831 0.3634636
1781254318.131889 0.7380087 -0.0881767 -1.3013124 0.0127963 0.9604579 -0.0549792 0.2726430
1781254318.398891 0.6676369 -0.0878878 -1.3271052 0.0119540 0.9803394 -0.0564884 0.1886820
1781254318.699262 0.5802399 -0.0872813 -1.3426980 0.0115835 0.9942735 -0.0572720 0.0894759
1781254319.033007 0.4776849 -0.0865721 -1.3346285 -0.0110643 -0.9980787 0.0576453 0.0198380
1781254319.366745 0.3620279 -0.0799106 -1.3019265 -0.0112121 -0.9892540 0.0582152 0.1336481
1781254319.533612 0.3087661 -0.0776717 -1.2754169 -0.0111255 -0.9807124 0.0576236 0.1864378
1781254319.667105 0.2680975 -0.0752391 -1.2515771 -0.0113753 -0.9725658 0.0574407 0.2251376
1781254319.833972 0.2165741 -0.0720955 -1.2190340 -0.0105773 -0.9627737 0.0573615 0.2639403
1781254320.000836 0.1661003 -0.0697682 -1.1819110 -0.0100451 -0.9540227 0.0568021 0.2941314
1781254320.167701 0.1170965 -0.0668335 -1.1416502 -0.0100851 -0.9451303 0.0569846 0.3215272
1781254320.401312 0.0525786 -0.0625619 -1.0865238 -0.0095515 -0.9331396 0.0568755 0.3548585
1781254320.735040 -0.0452688 -0.0554617 -1.0105549 -0.0087209 -0.9228634 0.0563097 0.3808889
1781254321.168884 -0.1796507 -0.0487026 -0.8986747 -0.0095692 -0.9123321 0.0553970 0.4055734
1781254321.536010 -0.3038417 -0.0432444 -0.7932938 -0.0097594 -0.8980612 0.0546161 0.4363575
1781254321.803010 -0.3805998 -0.0374689 -0.7110300 -0.0094795 -0.8784488 0.0540411 0.4746760
1781254322.103385 -0.4506590 -0.0298155 -0.6245700 -0.0082802 -0.8541085 0.0534580 0.5172741
1781254322.437131 -0.5047926 -0.0198478 -0.5395729 -0.0065660 -0.8120596 0.0516673 0.5812458
1781254322.770877 -0.5329488 -0.0146717 -0.4623297 -0.0050819 -0.7522624 0.0472211 0.6571496
1781254323.104620 -0.5200354 -0.0111791 -0.3825701 -0.0038160 -0.6614098 0.0414874 0.7488667
1781254323.338258 -0.4874550 -0.0054941 -0.3245350 -0.0028948 -0.5848104 0.0371576 0.8103134
1781254323.538523 -0.4391485 -0.0061811 -0.2739903 -0.0037171 -0.5062034 0.0338882 0.8617401
1781254323.772168 -0.3886150 -0.0057922 -0.2275369 -0.0033978 -0.4148050 0.0290301 0.9094408
1781254324.105947 -0.2887560 -0.0024104 -0.1689391 -0.0014537 -0.3007424 0.0230206 0.9534264
1781254324.339581 -0.2036933 -0.0019194 -0.1324737 -0.0016155 -0.2453268 0.0205286 0.9692217
1781254324.539834 -0.1278087 0.0006028 -0.1096969 -0.0000443 -0.2032690 0.0163684 0.9789861
1781254324.673338 -0.0822320 -0.0000125 -0.0979589 -0.0002779 -0.1795010 0.0147204 0.9836476
1781254324.773464 -0.0481289 0.0006684 -0.0881471 0.0001478 -0.1657171 0.0135701 0.9860800
1781254324.940342 0.0071832 0.0008035 -0.0744396 0.0000881 -0.1441156 0.0121227 0.9894866
1781254325.073844 0.0478374 0.0014979 -0.0656867 0.0007644 -0.1284510 0.0113347 0.9916508
1781254325.240726 0.0920448 0.0004055 -0.0593992 0.0001082 -0.1106463 0.0102698 0.9938068
1781254325.440993 0.1260277 -0.0003834 -0.0579475 0.0005173 -0.0938717 0.0086128 0.9955469
