1781254294.783055 0.0000000 0.0000000 0.0000000 -0.0000000 -0.0000000 -0.0000000 1.0000000
1781254296.602275 0.1253023 -0.0028177 0.0058538 -0.0006682 -0.0017173 -0.0004881 0.9999982
1781254296.635653 0.1313858 -0.0027617 0.0067949 -0.0006102 -0.0016046 -0.0005596 0.9999984
1781254296.835926 0.1712433 -0.0035690 0.0162147 -0.0007924 -0.0061935 -0.0006331 0.9999803
1781254297.069585 0.2236192 -0.0045871 0.0257089 -0.0009193 -0.0103076 -0.0006234 0.9999462
1781254297.470336 0.3363946 -0.0063359 0.0480617 -0.0011536 -0.0265239 -0.0000312 0.9996476
1781254297.804387 0.4471565 -0.0069686 0.0727078 -0.0020233 -0.0407023 0.0003066 0.9991692
1781254298.171880 0.5767234 -0.0058697 0.1012180 -0.0019052 -0.0481313 0.0004077 0.9988391
1781254298.472326 0.6927422 -0.0065612 0.1300098 -0.0027673 -0.0517463 0.0005059 0.9986563
1781254298.706015 0.7838259 -0.0071138 0.1562299 -0.0032030 -0.0505944 0.0005606 0.9987140
1781254298.906324 0.8579246 -0.0066711 0.1777384 -0.0033837 -0.0516371 0.0005030 0.9986601
1781254299.140024 0.9372568 -0.0064167 0.2048635 -0.0030652 -0.0598007 0.0008025 0.9982054
1781254299.440429 1.0384319 -0.0058089 0.2417350 -0.0020882 -0.0775496 0.0022886 0.9969837
1781254299.740835 1.1481245 -0.0051229 0.2712362 -0.0014820 -0.0687868 0.0023553 0.9976275
1781254299.907728 1.2180690 -0.0067427 0.2824610 -0.0014718 -0.0572309 0.0012712 0.9983591
1781254300.141380 1.3153995 -0.0088103 0.2948041 -0.0013206 -0.0409304 0.0003782 0.9991611
1781254300.341720 1.4011037 -0.0096329 0.3064912 -0.0013369 -0.0255588 -0.0010637 0.9996719
1781254300.575462 1.5022095 -0.0105461 0.3175560 -0.0016329 -0.0090505 -0.0023464 0.9999550
1781254300.675641 1.5485568 -0.0111366 0.3225251 -0.0019628 -0.0014575 -0.0032557 0.9999917
1781254300.775822 1.5949579 -0.0111767 0.3259299 -0.0014785 0.0040528 -0.0035886 0.9999843
1781254300.876007 1.6428069 -0.0117387 0.3325436 -0.0018034 0.0087188 -0.0045340 0.9999501
1781254300.976193 1.6928322 -0.0133336 0.3358045 -0.0019908 0.0122168 -0.0045847 0.9999129
1781254301.109779 1.7529451 -0.0143032 0.3427462 -0.0018887 0.0135859 -0.0046094 0.9998953
1781254301.243301 1.8138400 -0.0148603 0.3507378 -0.0019185 0.0144282 -0.0052349 0.9998804
1781254301.343427 1.8580276 -0.0163674 0.3562134 -0.0018986 0.0146932 -0.0055328 0.9998749
1781254301.476928 1.9187083 -0.0171195 0.3625341 -0.0018775 0.0127998 -0.0056225 0.9999005
1781254301.577054 1.9639345 -0.0161840 0.3696584 -0.0014326 0.0114143 -0.0058095 0.9999170
1781254301.677178 2.0092940 -0.0166566 0.3767480 -0.0015214 0.0096499 -0.0057970 0.9999355
1781254301.777302 2.0571012 -0.0165138 0.3831961 -0.0011554 0.0108613 -0.0055733 0.9999248
1781254301.844051 2.0886745 -0.0177700 0.3867851 -0.0016704 0.0091997 -0.0058968 0.9999389
1781254301.944175 2.1320662 -0.0169199 0.3948618 -0.0015265 0.0095429 -0.0056368 0.9999374
1781254302.077672 2.1890581 -0.0177989 0.4025698 -0.0011891 0.0094932 -0.0057806 0.9999375
1781254302.177798 2.2330880 -0.0178525 0.4091788 -0.0012723 0.0063338 -0.0059908 0.9999612
1781254302.277932 2.2762661 -0.0175280 0.4140905 -0.0006128 0.0079423 -0.0065452 0.9999469
1781254302.378064 2.3190119 -0.0181675 0.4159434 0.0002051 0.0125142 -0.0070331 0.9998969
1781254302.511574 2.3779697 -0.0198857 0.4194055 0.0001699 0.0165473 -0.0068292 0.9998398
1781254302.678461 2.4486039 -0.0213982 0.4266127 0.0000352 0.0253439 -0.0071542 0.9996532
1781254302.912104 2.5490949 -0.0254452 0.4313701 -0.0006746 0.0399406 -0.0081511 0.9991686
1781254303.145746 2.6384211 -0.0272391 0.4340507 0.0002726 0.0548385 -0.0097631 0.9984475
1781254303.379367 2.7229953 -0.0282264 0.4362422 0.0003149 0.0672588 -0.0104700 0.9976806
1781254303.579612 2.7959478 -0.0297520 0.4320216 0.0002131 0.0891007 -0.0111362 0.9959604
1781254303.746483 2.8571532 -0.0327056 0.4213131 -0.0002132 0.1151474 -0.0123350 0.9932718
1781254303.980099 2.9369812 -0.0361491 0.4029190 -0.0000065 0.1553532 -0.0143941 0.9877541
1781254304.313863 3.0367272 -0.0382055 0.3641779 0.0029554 0.2222717 -0.0169929 0.9748322
1781254304.881314 3.1689031 -0.0466493 0.2705812 0.0059256 0.3546152 -0.0237316 0.9346924
1781254305.315238 3.2414782 -0.0513148 0.1675069 0.0085677 0.4782502 -0.0308688 0.8776391
1781254305.682387 3.2851663 -0.0520002 0.0763643 0.0115154 0.5708283 -0.0356954 0.8202124
1781254305.916029 3.3072045 -0.0560727 0.0011659 0.0129068 0.6289414 -0.0387027 0.7763816
1781254306.183044 3.3255229 -0.0507716 -0.0746081 0.0179088 0.6955299 -0.0440943 0.7169192
1781254306.650284 3.3004866 -0.0686472 -0.2001352 0.0168322 0.8061898 -0.0459613 0.5896290
1781254307.117515 3.2346821 -0.0715449 -0.3435655 0.0172034 0.8910066 -0.0520275 0.4506712
1781254307.551447 3.1327150 -0.0762602 -0.4537573 0.0176229 0.9425201 -0.0538358 0.3293128
1781254307.885250 3.0293469 -0.0863235 -0.5227218 0.0162131 0.9677873 -0.0538206 0.2454142
1781254308.085531 2.9681442 -0.0879952 -0.5553069 0.0167910 0.9797482 -0.0537120 0.1921626
1781254308.185669 2.9403987 -0.0867251 -0.5683136 0.0167276 0.9846448 -0.0542365 0.1650856
1781254308.352554 2.8851774 -0.0874459 -0.5862725 0.0173547 0.9912894 -0.0544747 0.1186457
1781254308.519439 2.8318059 -0.0865037 -0.5976441 0.0177396 0.9954674 -0.0548356 0.0756508
1781254308.686323 2.7797124 -0.0839968 -0.6042022 0.0177489 0.9979573 -0.0547285 0.0277677
1781254308.853208 2.7222595 -0.0826369 -0.5963138 -0.0178086 -0.9978423 0.0544481 0.0320804
1781254308.986715 2.6719606 -0.0822645 -0.5831915 -0.0178718 -0.9949479 0.0538629 0.0828138
1781254309.086845 2.6406279 -0.0805992 -0.5715575 -0.0176414 -0.9908476 0.0536577 0.1226001
1781254309.220354 2.5876012 -0.0802562 -0.5528213 -0.0180466 -0.9840819 0.0527440 0.1687464
1781254309.353861 2.5479727 -0.0780658 -0.5317359 -0.0170226 -0.9751434 0.0522992 0.2146399
1781254309.420615 2.5227802 -0.0779220 -0.5209599 -0.0169479 -0.9711970 0.0518354 0.2319531
1781254309.554123 2.4854479 -0.0756306 -0.4939079 -0.0165542 -0.9606629 0.0508936 0.2725117
1781254309.620877 2.4597597 -0.0744519 -0.4824097 -0.0156791 -0.9567942 0.0504659 0.2859236
1781254309.721008 2.4330022 -0.0731254 -0.4638561 -0.0156102 -0.9488949 0.0501739 0.3111871
1781254309.821138 2.3982735 -0.0725645 -0.4392002 -0.0154370 -0.9430174 0.0492089 0.3287226
1781254309.954647 2.3558364 -0.0711083 -0.4099948 -0.0149233 -0.9370337 0.0483713 0.3455510
1781254310.221667 2.2672410 -0.0674800 -0.3642657 -0.0145877 -0.9378381 0.0485094 0.3433566
1781254310.522080 2.1637533 -0.0624058 -0.3175875 -0.0146922 -0.9441696 0.0492947 0.3254198
1781254310.722357 2.0905054 -0.0593170 -0.2920525 -0.0150388 -0.9521408 0.0496121 0.3012316
1781254310.855875 2.0418026 -0.0573813 -0.2810227 -0.0151948 -0.9578788 0.0502763 0.2823292
1781254311.022773 1.9823853 -0.0553422 -0.2702749 -0.0156659 -0.9642317 0.0502719 0.2597781
1781254311.223042 1.9141068 -0.0527652 -0.2636635 -0.0153686 -0.9716165 0.0507275 0.2305469
1781254311.423297 1.8422108 -0.0511582 -0.2591897 -0.0156520 -0.9785795 0.0510810 0.1988164
1781254311.623550 1.7702626 -0.0493298 -0.2624739 -0.0160474 -0.9843814 0.0518725 0.1674666
1781254311.857178 1.6889112 -0.0484655 -0.2733986 -0.0157230 -0.9901611 0.0520449 0.1289387
1781254312.057431 1.6204787 -0.0485105 -0.2918593 -0.0153621 -0.9947182 0.0523928 0.0869181
1781254312.224308 1.5619292 -0.0489663 -0.3107555 -0.0153207 -0.9973081 0.0522246 0.0491369
1781254312.424561 1.4959453 -0.0485486 -0.3401782 -0.0150253 -0.9984639 0.0530966 0.0049814
1781254312.624814 1.4324716 -0.0487059 -0.3723373 0.0149603 0.9976076 -0.0537214 0.0408573
1781254312.825067 1.3671387 -0.0500342 -0.4086605 0.0155235 0.9950839 -0.0538465 0.0816550
1781254313.025319 1.2997594 -0.0496452 -0.4485265 0.0157559 0.9917632 -0.0540389 0.1150539
1781254313.225573 1.2388794 -0.0510453 -0.4930373 0.0159517 0.9880964 -0.0533710 0.1433972
1781254313.459213 1.1731181 -0.0516477 -0.5521684 0.0163079 0.9813224 -0.0530730 0.1841837
1781254313.626097 1.1303322 -0.0518011 -0.5981370 0.0160866 0.9753747 -0.0527376 0.2135515
1781254313.893113 1.0733430 -0.0555882 -0.6731396 0.0154142 0.9636155 -0.0512945 0.2618710
1781254314.126751 1.0385542 -0.0592519 -0.7360485 0.0148806 0.9508835 -0.0506317 0.3050172
1781254314.293633 1.0178230 -0.0595645 -0.7822161 0.0146761 0.9411729 -0.0507754 0.3337664
1781254314.493890 0.9948520 -0.0614147 -0.8378612 0.0146845 0.9287540 -0.0510694 0.3668681
1781254314.760898 0.9728382 -0.0670323 -0.9138057 0.0145556 0.9105219 -0.0497454 0.4101993
1781254315.061284 0.9406989 -0.0710665 -1.0011472 0.0143393 0.8988380 -0.0492841 0.4352651
1781254315.228164 0.9199160 -0.0722593 -1.0573121 0.0144670 0.8974000 -0.0493224 0.4382139
1781254315.428420 0.8945589 -0.0766231 -1.1240829 0.0144805 0.9004024 -0.0492205 0.4320223
1781254315.695428 0.8767086 -0.0793752 -1.1754690 0.0141076 0.9032370 -0.0496601 0.4260255
1781254317.130560 0.8598729 -0.0809511 -1.2095709 0.0140052 0.9058248 -0.0493868 0.4205309
1781254317.364201 0.8475133 -0.0804734 -1.2249248 0.0136253 0.9095472 -0.0498922 0.4123701
1781254317.664601 0.8279370 -0.0830088 -1.2389541 0.0126526 0.9146895 -0.0510216 0.4007243
1781254317.798112 0.8127851 -0.0831234 -1.2505875 0.0135905 0.9231383 -0.0503405 0.3809159
1781254317.898245 0.7958809 -0.0817634 -1.2611200 0.0162403 0.9344865 -0.0506078 0.3520088
1781254317.965000 0.7848302 -0.0808496 -1.2666672 0.0141919 0.9436736 -0.0519929 0.3264591
1781254318.131889 0.7481861 -0.0835515 -1.2836211 0.0132836 0.9603030 -0.0521331 0.2737222
1781254318.265391 0.7149321 -0.0833284 -1.2966810 0.0132846 0.9710993 -0.0528380 0.2323747
1781254318.432265 0.6704893 -0.0842691 -1.3114336 0.0129702 0.9823975 -0.0531290 0.1786178
1781254318.632513 0.6095155 -0.0846189 -1.3226284 0.0125526 0.9922401 -0.0535613 0.1115042
1781254318.832760 0.5467416 -0.0851241 -1.3229461 0.0113366 0.9972576 -0.0539225 0.0494077
1781254319.066382 0.4755997 -0.0819967 -1.3126090 -0.0112497 -0.9979862 0.0548511 0.0298048
1781254319.366745 0.3698289 -0.0765820 -1.2815034 -0.0109951 -0.9896322 0.0551083 0.1321756
1781254319.533612 0.3157430 -0.0747166 -1.2548641 -0.0107768 -0.9812187 0.0546560 0.1846792
1781254319.667105 0.2757032 -0.0724742 -1.2313101 -0.0105003 -0.9730605 0.0543409 0.2238079
1781254319.767225 0.2442242 -0.0713700 -1.2119458 -0.0109034 -0.9671028 0.0536698 0.2484208
1781254319.900717 0.2029631 -0.0697753 -1.1845660 -0.0101362 -0.9600970 0.0533926 0.2743361
1781254320.034209 0.1611727 -0.0671624 -1.1537788 -0.0100502 -0.9530779 0.0537139 0.2977524
1781254320.134328 0.1315359 -0.0661440 -1.1294568 -0.0096300 -0.9478173 0.0535969 0.3141291
1781254320.267820 0.0940956 -0.0635530 -1.0968049 -0.0088412 -0.9404675 0.0532355 0.3355723
1781254320.401312 0.0558486 -0.0618863 -1.0650406 -0.0087871 -0.9344124 0.0529244 0.3521297
1781254320.634922 -0.0140934 -0.0585830 -1.0086912 -0.0085575 -0.9270442 0.0522339 0.3711973
1781254320.868531 -0.0865663 -0.0530116 -0.9531524 -0.0086731 -0.9220449 0.0522373 0.3834439
1781254321.168884 -0.1848667 -0.0470761 -0.8723543 -0.0088971 -0.9147365 0.0522045 0.4005656
1781254321.335760 -0.2411612 -0.0450410 -0.8274915 -0.0090789 -0.9092556 0.0518901 0.4128913
1781254321.569385 -0.3218986 -0.0402443 -0.7584205 -0.0090668 -0.8988752 0.0520604 0.4350069
1781254321.736260 -0.3722581 -0.0368024 -0.7048576 -0.0086062 -0.8867780 0.0521007 0.4591690
1781254321.836386 -0.3953618 -0.0369485 -0.6756405 -0.0089788 -0.8797109 0.0510572 0.4726746
1781254321.936511 -0.4252411 -0.0323515 -0.6452343 -0.0088902 -0.8712895 0.0518488 0.4879419
1781254322.170135 -0.4740106 -0.0282056 -0.5808989 -0.0080175 -0.8518308 0.0503803 0.5213271
1781254322.437131 -0.4809022 -0.0393600 -0.4967452 -0.0140257 -0.8181834 0.0508414 0.5725332
1781254323.071246 -0.5085832 -0.0200207 -0.3571636 -0.0089536 -0.6782951 0.0407793 0.7336025
1781254323.638656 -0.4083781 -0.0105693 -0.2382345 -0.0054441 -0.4684735 0.0290287 0.8829837
1781254324.272830 -0.2261334 0.0026619 -0.1333736 -0.0006447 -0.2608691 0.0190359 0.9651863
1781254324.873591 -0.0085577 0.0009585 -0.0770814 -0.0003252 -0.1535195 0.0116825 0.9880765
1781254325.207349 0.0814287 -0.0009489 -0.0531977 -0.0007724 -0.1133975 0.0101083 0.9934980
