1781254002.971368 0.0000000 0.0000000 0.0000000 -0.0000000 -0.0000000 -0.0000000 1.0000000
1781254007.849235 0.0961617 -0.0010021 -0.0001022 0.0020807 0.0226633 -0.0023370 0.9997383
1781254007.882638 0.0998805 -0.0008942 0.0002091 0.0022699 0.0238912 -0.0022146 0.9997095
1781254008.049663 0.1184040 -0.0017176 -0.0007972 0.0021895 0.0319071 -0.0024936 0.9994854
1781254008.450435 0.1613953 -0.0025345 -0.0026557 0.0023251 0.0478803 -0.0035585 0.9988441
1781254009.118031 0.2328932 -0.0032888 -0.0045139 0.0024338 0.0712855 -0.0044308 0.9974431
1781254009.785764 0.2990095 -0.0034470 -0.0052530 0.0031530 0.0866773 -0.0049707 0.9962190
1781254010.487022 0.3716283 -0.0046158 -0.0059118 0.0030096 0.1096040 -0.0065790 0.9939491
1781254011.188287 0.4432032 -0.0047938 -0.0035480 0.0032972 0.1496115 -0.0094249 0.9886945
1781254012.024936 0.5264473 -0.0059484 -0.0238188 0.0041224 0.2173622 -0.0151029 0.9759654
1781254012.760122 0.6003703 -0.0080665 -0.0507714 0.0048086 0.2784018 -0.0195485 0.9602537
1781254013.493896 0.6556215 -0.0117899 -0.0885927 0.0050422 0.3527312 -0.0240809 0.9354012
1781254014.161193 0.6885872 -0.0147705 -0.1425648 0.0061015 0.4527332 -0.0305068 0.8911031
1781254015.095376 0.7211400 -0.0224685 -0.2276498 0.0075184 0.5567868 -0.0365954 0.8298149
1781254015.729360 0.7337493 -0.0269508 -0.2877002 0.0085332 0.6339054 -0.0414150 0.7722538
1781254016.496893 0.7205523 -0.0323793 -0.3473569 0.0085623 0.7242419 -0.0452784 0.6880046
1781254017.598120 0.6724870 -0.0373265 -0.4544302 0.0102115 0.8257835 -0.0507931 0.5616025
1781254018.966266 0.5638569 -0.0431986 -0.6155511 0.0135465 0.8841931 -0.0568969 0.4634455
1781254019.767246 0.4764739 -0.0483550 -0.7097529 0.0138015 0.9130903 -0.0588433 0.4032533
1781254020.768591 0.3810894 -0.0545489 -0.8209509 0.0132258 0.9247531 -0.0599682 0.3755803
1781254021.569503 0.2916151 -0.0600014 -0.9220989 0.0129663 0.9319370 -0.0597428 0.3574298
1781254022.570673 0.1381624 -0.0698967 -1.0777545 0.0129450 0.9410788 -0.0600018 0.3325702
1781254023.772059 -0.0007122 -0.0761743 -1.2327621 0.0121363 0.9409574 -0.0606144 0.3328331
1781254025.073637 -0.1465172 -0.0864786 -1.4066864 0.0112060 0.9329367 -0.0584098 0.3550942
1781254025.841162 -0.2069066 -0.0936224 -1.5150650 0.0105282 0.9165797 -0.0569082 0.3956417
1781254026.675349 -0.2635593 -0.1000942 -1.6119251 0.0109095 0.9136974 -0.0571085 0.4022148
1781254027.843928 -0.3721468 -0.1105659 -1.8036671 0.0117312 0.9170223 -0.0577739 0.3944550
1781254028.278456 -0.4273067 -0.1149378 -1.8592865 0.0117412 0.9284372 -0.0584358 0.3666767
1781254028.946166 -0.5052397 -0.1179574 -1.9447827 0.0119187 0.9333296 -0.0595319 0.3538499
1781254029.480205 -0.5779848 -0.1212856 -2.0132389 0.0115587 0.9396823 -0.0594925 0.3366366
1781254030.047621 -0.6617153 -0.1255680 -2.0842040 0.0106445 0.9463098 -0.0591435 0.3176263
1781254030.615054 -0.7396326 -0.1289964 -2.1538777 0.0096454 0.9479905 -0.0591526 0.3126051
1781254031.149136 -0.8125525 -0.1323048 -2.2187114 0.0095118 0.9462196 -0.0589426 0.3179681
1781254031.516317 -0.8578513 -0.1350340 -2.2602351 0.0091938 0.9440387 -0.0590849 0.3243693
1781254031.783363 -0.8852768 -0.1354479 -2.2864189 0.0091865 0.9425223 -0.0597180 0.3286354
1781254032.250692 -0.9340551 -0.1375113 -2.3326287 0.0093617 0.9409749 -0.0595695 0.3330617
1781254032.484359 -0.9615335 -0.1391980 -2.3569565 0.0088306 0.9406002 -0.0595321 0.3341395
1781254032.918315 -1.0228686 -0.1403823 -2.4079461 0.0092340 0.9420560 -0.0597400 0.3299642
1781254033.185366 -1.0698586 -0.1423243 -2.4416299 0.0091696 0.9442397 -0.0595415 0.3237006
1781254033.452417 -1.1202652 -0.1454206 -2.4772727 0.0095446 0.9459289 -0.0592293 0.3187780
1781254033.886371 -1.1897340 -0.1483428 -2.5405312 0.0092597 0.9429902 -0.0595550 0.3273179
1781254034.220181 -1.2392659 -0.1505174 -2.5961618 0.0089363 0.9375909 -0.0601367 0.3423845
1781254034.620738 -1.2971737 -0.1542121 -2.6497381 0.0090774 0.9391658 -0.0597128 0.3381117
1781254035.021279 -1.3538814 -0.1570785 -2.7019510 0.0094986 0.9415733 -0.0598263 0.3313162
1781254035.421824 -1.4176562 -0.1626202 -2.7575603 0.0088047 0.9441006 -0.0588920 0.3242350
1781254035.789045 -1.4732220 -0.1655711 -2.8083012 0.0088795 0.9453582 -0.0593094 0.3204707
1781254036.289813 -1.5436964 -0.1697331 -2.8736556 0.0086339 0.9467676 -0.0580649 0.3165203
1781254036.590229 -1.5919557 -0.1723523 -2.9194133 0.0092711 0.9475257 -0.0572181 0.3143809
1781254036.957374 -1.6513336 -0.1758321 -2.9729178 0.0097835 0.9500852 -0.0561438 0.3067417
1781254037.291139 -1.6978726 -0.1774992 -3.0243118 0.0102274 0.9477432 -0.0563639 0.3138493
1781254037.591535 -1.7424922 -0.1801023 -3.0679216 0.0101090 0.9487247 -0.0560087 0.3109379
1781254037.958689 -1.8039370 -0.1822879 -3.1039031 0.0104420 0.9572757 -0.0568858 0.2833341
1781254038.359220 -1.8718896 -0.1832154 -3.1249826 0.0110333 0.9728676 -0.0578373 0.2237447
1781254038.793155 -1.9536462 -0.1827904 -3.1352851 0.0120034 0.9877695 -0.0587545 0.1439279
1781254039.727782 -2.1284366 -0.1782438 -3.1127191 -0.0113674 -0.9973449 0.0600206 0.0396440
1781254040.495746 -2.2161078 -0.1714537 -3.0381243 -0.0120512 -0.9798721 0.0594237 0.1901955
1781254041.064656 -2.2932739 -0.1600016 -2.9675968 -0.0121116 -0.9523237 0.0591633 0.2990529
1781254041.466112 -2.3552985 -0.1499213 -2.9067068 -0.0108459 -0.9298663 0.0591876 0.3629433
1781254042.300287 -2.4585462 -0.1332864 -2.7820978 -0.0098872 -0.8860797 0.0606139 0.4594465
1781254043.134559 -2.4883549 -0.1349210 -2.6638923 -0.0097021 -0.8150696 0.0519003 0.5769521
1781254043.868733 -2.4825463 -0.1218328 -2.5342546 -0.0080102 -0.7370232 0.0476241 0.6741399
1781254044.602871 -2.4386141 -0.1179447 -2.4237247 -0.0085764 -0.6699778 0.0429283 0.7410893
1781254045.203454 -2.3938942 -0.1125322 -2.3106174 -0.0090169 -0.6336786 0.0410481 0.7724540
1781254045.737363 -2.3664989 -0.1083485 -2.1817298 -0.0091743 -0.6355994 0.0404171 0.7709058
1781254046.171190 -2.3603013 -0.1028815 -2.0849180 -0.0091648 -0.6493567 0.0417500 0.7592818
1781254046.571643 -2.3508072 -0.0987251 -2.0141628 -0.0088704 -0.6374737 0.0411130 0.7693233
1781254046.838613 -2.3345037 -0.0964203 -1.9799610 -0.0090203 -0.5991630 0.0391794 0.7996171
1781254047.172320 -2.2975707 -0.0963233 -1.9474876 -0.0093164 -0.5431882 0.0355459 0.8388065
1781254047.572775 -2.2460666 -0.0956392 -1.9198198 -0.0097272 -0.4830261 0.0314401 0.8749872
1781254048.039986 -2.1714799 -0.0924198 -1.8958110 -0.0089066 -0.4148690 0.0274138 0.9094245
1781254048.540564 -2.0605347 -0.0914615 -1.8735713 -0.0075846 -0.3313245 0.0224487 0.9432192
1781254049.007779 -1.9521759 -0.0932129 -1.8482071 -0.0072739 -0.2807195 0.0204485 0.9595444
1781254049.374869 -1.8633299 -0.0965929 -1.8291279 -0.0079047 -0.2480973 0.0179966 0.9685357
1781254049.675237 -1.7947235 -0.0952122 -1.8145813 -0.0075610 -0.2222834 0.0165692 0.9748120
1781254049.975606 -1.7423604 -0.0946231 -1.8069371 -0.0069687 -0.1952655 0.0145951 0.9806170
1781254050.409465 -1.6698515 -0.0949857 -1.8008751 -0.0063998 -0.1582714 0.0116034 0.9873067
1781254050.843318 -1.5807098 -0.0961991 -1.8027531 -0.0058114 -0.1205414 0.0091879 0.9926488
1781254051.210416 -1.4952686 -0.0978879 -1.8057755 -0.0058068 -0.1030138 0.0074659 0.9946350
1781254051.644264 -1.3948352 -0.0963553 -1.7881697 -0.0053889 -0.1137042 0.0085263 0.9934635
1781254051.944621 -1.3274207 -0.0944630 -1.7581353 -0.0057530 -0.1431738 0.0099063 0.9896312
1781254052.211601 -1.2701379 -0.0908293 -1.7223300 -0.0053345 -0.1787767 0.0121567 0.9838001
1781254052.511952 -1.2094464 -0.0898629 -1.6769774 -0.0062390 -0.2137399 0.0140357 0.9767699
1781254052.912416 -1.1460232 -0.0869065 -1.6185410 -0.0063550 -0.2522022 0.0161963 0.9675182
1781254053.346240 -1.0984259 -0.0834461 -1.5602512 -0.0067702 -0.2795100 0.0172194 0.9599645
1781254053.679966 -1.0596454 -0.0805223 -1.5077282 -0.0071082 -0.3018922 0.0176627 0.9531519
1781254054.013689 -1.0315489 -0.0765824 -1.4509095 -0.0070560 -0.3374628 0.0199789 0.9411004
1781254054.314035 -1.0111108 -0.0732361 -1.4040585 -0.0067256 -0.3642657 0.0215641 0.9310212
1781254054.714513 -0.9861047 -0.0693188 -1.3421735 -0.0066384 -0.3993641 0.0238544 0.9164580
1781254055.048246 -0.9723316 -0.0662808 -1.2911959 -0.0070116 -0.4277760 0.0254582 0.9034990
1781254055.515448 -0.9572806 -0.0629561 -1.2335473 -0.0074550 -0.4605038 0.0281823 0.8871790
1781254056.049319 -0.9454236 -0.0587696 -1.1639282 -0.0083591 -0.4988366 0.0301399 0.8661315
1781254056.516586 -0.9369758 -0.0544577 -1.0926700 -0.0090406 -0.5401437 0.0329791 0.8408778
1781254056.850766 -0.9389453 -0.0499983 -1.0329070 -0.0096321 -0.5733096 0.0353240 0.8185204
1781254057.251850 -0.9449605 -0.0459671 -0.9674780 -0.0104956 -0.6107555 0.0372065 0.7908750
1781254057.752794 -0.9690046 -0.0397682 -0.8762664 -0.0107322 -0.6649661 0.0396985 0.7457406
1781254058.019838 -0.9877040 -0.0358224 -0.8279210 -0.0102062 -0.6962496 0.0418975 0.7165033
1781254058.353644 -1.0160899 -0.0310891 -0.7709030 -0.0103328 -0.7295738 0.0439895 0.6824077
1781254058.754220 -1.0579331 -0.0258333 -0.7082778 -0.0106395 -0.7681581 0.0464626 0.6384835
1781254059.154799 -1.1011021 -0.0217618 -0.6529269 -0.0105970 -0.8008439 0.0485113 0.5968111
1781254059.555666 -1.1477667 -0.0163129 -0.6057914 -0.0110199 -0.8300301 0.0507805 0.5552927
1781254059.923699 -1.1901433 -0.0124551 -0.5555283 -0.0114284 -0.8403937 0.0510939 0.5394416
1781254060.258323 -1.2164351 -0.0082550 -0.4911425 -0.0108729 -0.8162915 0.0492222 0.5754365
1781254060.459020 -1.2254519 -0.0069427 -0.4472009 -0.0109187 -0.7929532 0.0478212 0.6073049
1781254060.659236 -1.2304003 -0.0040365 -0.4032805 -0.0106828 -0.7645081 0.0461262 0.6428730
1781254060.892816 -1.2324802 0.0002992 -0.3503965 -0.0101420 -0.7298763 0.0442757 0.6820684
1781254061.126391 -1.2258275 0.0032084 -0.2999514 -0.0095916 -0.6939627 0.0421098 0.7187146
1781254061.359962 -1.2155715 0.0060824 -0.2557192 -0.0086752 -0.6579578 0.0396517 0.7519602
1781254061.660301 -1.1938040 0.0092990 -0.2065613 -0.0078591 -0.6196390 0.0368116 0.7839839
1781254061.994017 -1.1630802 0.0117609 -0.1544448 -0.0072299 -0.5850827 0.0345389 0.8102055
1781254062.561316 -1.1222947 0.0170136 -0.0504373 -0.0071179 -0.5859966 0.0341462 0.8095624
1781254062.961742 -1.0959136 0.0213651 0.0317988 -0.0068523 -0.5672592 0.0319366 0.8228913
1781254063.328788 -1.0667124 0.0245900 0.0889380 -0.0055676 -0.5018570 0.0280217 0.8644786
1781254063.762599 -1.0233753 0.0252705 0.1168609 -0.0041208 -0.4073190 0.0216529 0.9130199
1781254064.596858 -0.8979216 0.0276167 0.1123097 -0.0011112 -0.2334805 0.0119285 0.9722877
1781254065.197553 -0.7595288 0.0174465 0.0924206 -0.0008113 -0.0986954 0.0039881 0.9951094
1781254065.431152 -0.6985064 0.0172514 0.0830539 0.0008047 -0.0442593 0.0000552 0.9990197
1781254065.564648 -0.6631883 0.0163848 0.0773163 0.0011310 -0.0147387 -0.0016387 0.9998894
1781254065.764891 -0.6109980 0.0151581 0.0654495 0.0023463 0.0225854 -0.0035236 0.9997360
1781254065.998505 -0.5527266 0.0132813 0.0502572 0.0029651 0.0640405 -0.0057252 0.9979265
1781254066.499097 -0.4431922 0.0090401 0.0274025 0.0032810 0.0875294 -0.0079299 0.9961250
1781254067.266627 -0.2699105 0.0059445 0.0221536 0.0024252 0.0610408 -0.0063033 0.9981124
1781254067.433477 -0.2318698 0.0067233 0.0266099 0.0025836 0.0530346 -0.0058948 0.9985719
1781254067.800577 -0.1497637 0.0069181 0.0352481 0.0027310 0.0378531 -0.0047826 0.9992682
1781254068.434641 -0.0230262 0.0033918 0.0464681 0.0018172 0.0110094 -0.0020673 0.9999356
1781254069.469220 0.1992289 0.0010718 0.0457701 0.0014003 -0.0316025 0.0022682 0.9994970
1781254070.036576 0.3490882 -0.0010389 0.0360940 0.0020399 -0.0134734 0.0013474 0.9999062
1781254070.570548 0.4711247 -0.0031141 0.0338924 0.0018758 0.0258867 -0.0012506 0.9996623
1781254070.937647 0.5494488 -0.0029010 0.0314373 0.0024066 0.0704895 -0.0052621 0.9974958
1781254071.204625 0.6083998 -0.0033052 0.0251907 0.0029198 0.1089964 -0.0085943 0.9940007
1781254072.172392 0.7872728 -0.0102087 -0.0554448 0.0051753 0.3035652 -0.0215016 0.9525540
1781254072.572829 0.8351192 -0.0131156 -0.1197467 0.0068212 0.3936190 -0.0269661 0.9188527
1781254072.839776 0.8623226 -0.0175376 -0.1706181 0.0074573 0.4492270 -0.0303081 0.8928723
1781254073.140086 0.8865483 -0.0223783 -0.2297319 0.0084875 0.5104548 -0.0337299 0.8592009
1781254073.407021 0.8945419 -0.0263230 -0.2783872 0.0090118 0.5635423 -0.0371616 0.8252017
1781254073.874257 0.8859137 -0.0309555 -0.3303562 0.0094625 0.6297413 -0.0412845 0.7756494
1781254076.144526 0.7378823 -0.0335351 -0.3562281 0.0114505 0.7768096 -0.0458522 0.6279597
1781254077.546685 0.5084110 -0.0411693 -0.5806423 0.0137164 0.8516021 -0.0540640 0.5212129
1781254078.047351 0.4348913 -0.0451083 -0.7026401 0.0132172 0.8700150 -0.0570764 0.4895320
1781254078.481335 0.3572074 -0.0519890 -0.8050016 0.0127988 0.8846108 -0.0577112 0.4625683
1781254078.849344 0.2927854 -0.0567902 -0.8837631 0.0125469 0.8921275 -0.0573212 0.4479571
1781254079.183945 0.2312852 -0.0607302 -0.9471620 0.0123373 0.8969236 -0.0570574 0.4383153
1781254079.485026 0.1805184 -0.0644681 -1.0002832 0.0118803 0.8990049 -0.0569704 0.4340546
1781254079.918811 0.1024483 -0.0697438 -1.0810242 0.0116287 0.9009273 -0.0572370 0.4300217
1781254080.185750 0.0542083 -0.0734206 -1.1342412 0.0111206 0.9015530 -0.0569044 0.4287662
1781254080.519429 0.0068831 -0.0767931 -1.1965588 0.0108503 0.8972707 -0.0562749 0.4377451
1781254080.719668 -0.0191489 -0.0791120 -1.2366015 0.0103337 0.8922998 -0.0560252 0.4478343
1781254081.053396 -0.0593954 -0.0820768 -1.3031760 0.0100770 0.8843070 -0.0556809 0.4634646
1781254081.453862 -0.0978591 -0.0851616 -1.3772472 0.0098286 0.8747722 -0.0547308 0.4813331
1781254081.921068 -0.1399155 -0.0898700 -1.4599075 0.0092403 0.8643740 -0.0543715 0.4998158
1781254082.521745 -0.1940660 -0.0956026 -1.5695632 0.0096749 0.8536245 -0.0546290 0.5179260
1781254082.822076 -0.2352307 -0.0985025 -1.6342173 0.0099438 0.8551282 -0.0550926 0.5153850
1781254083.055664 -0.2788038 -0.1020854 -1.6828973 0.0109328 0.8671094 -0.0550940 0.4949409
1781254083.322615 -0.3274961 -0.1062304 -1.7336423 0.0108705 0.8824553 -0.0553545 0.4670015
1781254083.589576 -0.3756163 -0.1094055 -1.7790872 0.0112656 0.8938321 -0.0558915 0.4447622
1781254083.856545 -0.4316804 -0.1162923 -1.8359370 0.0117215 0.9026301 -0.0550864 0.4267165
1781254084.123509 -0.4853022 -0.1167566 -1.9019412 0.0126807 0.9091274 -0.0564974 0.4124739
1781254086.926713 -1.0035391 -0.1397114 -2.3885019 0.0095737 0.9388880 -0.0587501 0.3390371
1781254088.862345 -1.3718617 -0.1580204 -2.6917660 0.0093385 0.9291773 -0.0574991 0.3650152
1781254089.629910 -1.5072021 -0.1675152 -2.8472657 0.0091420 0.9285895 -0.0572200 0.3665567
1781254090.497640 -1.6942289 -0.1780762 -2.9974816 0.0102920 0.9624341 -0.0560263 0.2654726
1781254091.098342 -1.8310905 -0.1775280 -3.0362701 0.0115908 0.9863315 -0.0582516 0.1536970
1781254091.799150 -2.0041285 -0.1770404 -3.0240827 -0.0123227 -0.9981987 0.0585210 0.0047711
1781254093.334154 -2.2858174 -0.1430899 -2.7891526 -0.0116418 -0.9263257 0.0585758 0.3719598
1781254094.669200 -2.3970077 -0.1217552 -2.4767480 -0.0090539 -0.8002794 0.0507025 0.5974113
1781254095.437920 -2.4044402 -0.1101116 -2.2661822 -0.0100570 -0.7280874 0.0467165 0.6838167
1781254095.772497 -2.3850198 -0.1053409 -2.1781597 -0.0094946 -0.6732457 0.0435970 0.7380714
1781254096.006753 -2.3642452 -0.1051131 -2.1291840 -0.0095061 -0.6434108 0.0411734 0.7643539
1781254096.307977 -2.3366561 -0.1033910 -2.0772805 -0.0096149 -0.6081480 0.0393242 0.7927908
1781254096.742316 -2.2821455 -0.1008489 -2.0095599 -0.0097834 -0.5504609 0.0361010 0.8340227
1781254097.076034 -2.2253685 -0.0986919 -1.9651263 -0.0098307 -0.4928728 0.0326441 0.8694332
1781254097.409746 -2.1595325 -0.0949335 -1.9237914 -0.0094091 -0.4302297 0.0286510 0.9022156
1781254097.710084 -2.0857978 -0.0924333 -1.8880174 -0.0084172 -0.3711774 0.0253006 0.9281791
1781254098.077156 -1.9732590 -0.0905111 -1.8467437 -0.0076651 -0.2943416 0.0212245 0.9554338
1781254106.119112 -1.1069645 -0.0141220 -0.5451220 -0.0109041 -0.7767090 0.0469410 0.6280134
1781254106.686412 -1.1181525 -0.0060563 -0.4160779 -0.0104508 -0.6985320 0.0425048 0.7142388
1781254107.053491 -1.1040432 -0.0007125 -0.3388788 -0.0089679 -0.6523297 0.0394845 0.7568530
1781254107.787647 -1.0755274 0.0093606 -0.1651084 -0.0075320 -0.5815830 0.0341406 0.8127354
1781254108.121358 -1.0480670 0.0135608 -0.0982349 -0.0067854 -0.5146653 0.0297625 0.8568476
1781254108.488433 -0.9979944 0.0155319 -0.0379734 -0.0055366 -0.4212070 0.0235555 0.9066418
1781254110.924462 -0.4110346 0.0094622 0.0373509 0.0016329 0.0075864 -0.0027373 0.9999661
1781254112.996405 0.2078242 0.0022655 0.0613607 0.0015043 -0.0060694 0.0011568 0.9999798
1781254115.066863 0.6264082 -0.0200569 -0.1937241 0.0074909 0.5637778 -0.0365412 0.8250839
1781254118.571291 0.0779780 -0.0677671 -1.0511529 0.0109051 0.8906532 -0.0567673 0.4509939
1781254120.339845 -0.1922865 -0.0935889 -1.5396659 0.0099067 0.8689599 -0.0550109 0.4917157
1781254120.940468 -0.2730641 -0.1224130 -1.6609862 0.0100325 0.8747064 -0.0480812 0.4821579
1781254122.809069 -0.6508601 -0.1271999 -2.1205580 0.0107718 0.9208950 -0.0569228 0.3854818
1781254126.846679 -1.5630932 -0.1690968 -2.8406568 0.0093379 0.9578940 -0.0574551 0.2811598
1781254127.080275 -1.6276360 -0.1718632 -2.8669059 0.0096794 0.9704090 -0.0570562 0.2344299
1781254128.148136 -1.9667106 -0.1730959 -2.9144924 0.0129847 0.9980276 -0.0589672 0.0171798
1781254129.417634 -2.3092065 -0.1396693 -2.7455482 -0.0112862 -0.9194239 0.0580801 0.3887916
1781254131.854392 -2.3007417 -0.1041559 -2.0724964 -0.0093981 -0.5421795 0.0349426 0.8394833
1781254132.288305 -2.2200179 -0.0975213 -1.9890025 -0.0086870 -0.4484293 0.0303127 0.8932619
1781254132.688842 -2.0983994 -0.0940992 -1.9232165 -0.0082126 -0.3379626 0.0231671 0.9408385
1781254143.770880 -0.4286593 0.0055584 -0.0223925 0.0013923 0.0209021 -0.0028415 0.9997765
1781254146.207512 0.4129806 -0.0027211 0.0179793 -0.0003464 -0.0961414 0.0069093 0.9953437
1781254146.641427 0.5455350 -0.0012695 0.0615694 -0.0015426 -0.1421700 0.0091525 0.9897988
1781254147.041978 0.6425672 -0.0018490 0.0977373 -0.0027453 -0.1726945 0.0103333 0.9849174
