1781254323.538523 0.0000000 0.0000000 0.0000000 -0.0000000 -0.0000000 -0.0000000 1.0000000
1781254323.738790 0.0700867 -0.0034058 -0.0226007 0.0007728 0.0850648 -0.0046289 0.9963644
1781254323.805545 0.0900083 -0.0046686 -0.0315537 0.0013395 0.1133846 -0.0065220 0.9935288
1781254324.039191 0.1727337 -0.0090477 -0.0784122 0.0026706 0.1946844 -0.0112002 0.9807984
1781254324.272830 0.2608698 -0.0108583 -0.1329269 0.0044977 0.2541394 -0.0146784 0.9670458
1781254324.506459 0.3447495 -0.0134880 -0.1945134 0.0054542 0.3001381 -0.0178480 0.9537132
1781254324.706713 0.4008569 -0.0176288 -0.2461067 0.0054206 0.3317471 -0.0206952 0.9431258
1781254324.873591 0.4426873 -0.0205878 -0.2886157 0.0059724 0.3529210 -0.0222510 0.9353695
1781254325.173971 0.5061796 -0.0246479 -0.3582754 0.0064359 0.3844025 -0.0245347 0.9228171
1781254325.641260 0.5510281 -0.0298348 -0.4160996 0.0068277 0.4113832 -0.0260123 0.9110657
