1781254294.783055 0.000000000 0.000000000 0.000000000 -0.000000000 -0.000000000 -0.000000000 1.000000000
1781254295.367476 -0.000206496 -0.000318028 -0.000971883 -0.000064985 -0.000430481 -0.000103368 0.999999940
1781254296.001513 0.019069027 -0.000976472 -0.002470355 -0.000246296 -0.014064140 0.000336445 0.999900997
1781254296.335254 0.071328282 -0.002848508 -0.000647824 -0.000888991 -0.006517591 0.000049196 0.999978364
1781254296.936065 0.193720028 -0.002402784 0.020775536 -0.000206119 -0.008799762 -0.000405498 0.999961197
1781254297.403534 0.314207613 -0.002725870 0.044998452 -0.000234387 -0.022293655 -0.000601549 0.999751270
1781254297.670759 0.403018415 -0.004234260 0.063237324 -0.000957896 -0.035748545 -0.000699911 0.999360085
1781254297.837796 0.455518574 -0.001204369 0.077637106 -0.000233990 -0.040705722 -0.000303185 0.999171138
1781254297.971435 0.503074169 -0.002377323 0.088466711 -0.000934567 -0.046012811 -0.000591960 0.998940229
1781254298.004848 0.514316559 -0.002019359 0.090799421 -0.000790175 -0.046101138 -0.000577561 0.998936296
1781254298.071673 0.539382279 -0.002826937 0.094501801 -0.000842702 -0.046841513 -0.000577228 0.998901844
1781254298.105086 0.551311016 -0.002152021 0.097131126 -0.000467521 -0.047534145 -0.000696161 0.998869300
1781254298.171880 0.576941192 -0.003179268 0.101869076 -0.001108782 -0.048160058 -0.000553668 0.998838842
1781254298.238645 0.601483107 -0.003283042 0.108262308 -0.001389564 -0.050210871 -0.001281358 0.998736918
1781254298.305410 0.626609385 -0.002257050 0.114701934 -0.000997286 -0.050833836 -0.001067135 0.998706043
1781254298.338793 0.640508294 -0.003326671 0.118099190 -0.001587781 -0.051268950 -0.001328039 0.998682737
1781254298.372176 0.655352890 -0.004190572 0.120098248 -0.001560735 -0.051241931 -0.000697360 0.998684824
1781254298.438943 0.681947947 -0.003803344 0.127370462 -0.001679066 -0.052118618 -0.000423495 0.998639405
1781254298.505710 0.707806170 -0.005669934 0.134736508 -0.002255348 -0.052742984 -0.001001457 0.998605072
1781254298.572477 0.731893301 -0.004241910 0.142440498 -0.002008327 -0.051868770 -0.001498887 0.998650789
1781254298.672630 0.774430871 -0.005010286 0.154542923 -0.002803873 -0.052722298 -0.000910354 0.998604894
1781254298.772784 0.811292231 -0.005636198 0.164310530 -0.002995618 -0.051523257 -0.001489117 0.998666227
1781254298.839554 0.834436119 -0.005157118 0.172230810 -0.002519901 -0.051122602 -0.001386080 0.998688281
1781254298.872939 0.848544300 -0.005066158 0.175428241 -0.002786077 -0.052393466 -0.000955797 0.998622239
1781254298.906324 0.863612413 -0.005417299 0.178949252 -0.002809698 -0.053735565 -0.000811983 0.998550951
1781254298.939709 0.874272645 -0.005482473 0.181926891 -0.002632301 -0.054341119 -0.000905234 0.998518586
1781254298.973095 0.886721373 -0.003775791 0.187915087 -0.002374443 -0.055455372 -0.000919838 0.998457968
1781254299.006480 0.897623420 -0.005175676 0.191529185 -0.002347098 -0.054137088 -0.000925435 0.998530328
1781254299.039866 0.914454937 -0.006587339 0.195165858 -0.002962085 -0.057142634 -0.000187050 0.998361647
1781254299.073252 0.923944831 -0.006319164 0.199456543 -0.002884092 -0.059298802 -0.000435775 0.998236060
1781254299.106638 0.935884535 -0.004904015 0.204191759 -0.002487558 -0.061014872 -0.000076124 0.998133838
1781254299.140024 0.945786119 -0.006406202 0.207474172 -0.002959137 -0.062755458 -0.000483083 0.998024523
1781254299.206780 0.968443155 -0.004687340 0.216960296 -0.002205095 -0.067961961 0.000162451 0.997685492
1781254299.240158 0.979806244 -0.005232416 0.220486045 -0.002103945 -0.069910519 0.000188875 0.997551024
1781254299.273536 0.991927803 -0.005153341 0.225311786 -0.002035653 -0.071781382 0.000530831 0.997418165
1781254299.306915 1.002997637 -0.005091058 0.229039669 -0.001709014 -0.073542543 0.001121906 0.997290015
1781254299.340293 1.013885021 -0.004691001 0.233393356 -0.001632192 -0.076691560 0.000976407 0.997053027
1781254299.373671 1.024362087 -0.004182246 0.238137066 -0.001729466 -0.078101620 0.001093020 0.996943355
1781254299.407051 1.036568522 -0.004037868 0.243023589 -0.001316910 -0.078715660 0.001419111 0.996895254
1781254299.440429 1.046772599 -0.004021669 0.246607453 -0.001319430 -0.080683142 0.001313938 0.996738076
1781254299.473807 1.058602095 -0.003870349 0.250925362 -0.001183374 -0.081576534 0.001528341 0.996665239
1781254299.507185 1.070000172 -0.003527270 0.254878372 -0.001006387 -0.082139336 0.001437475 0.996619344
1781254299.573942 1.093521833 -0.003237275 0.262593031 -0.000888517 -0.080992185 0.001355657 0.996713459
1781254299.640699 1.122304440 -0.004885856 0.268102974 -0.001329730 -0.080261990 0.001191621 0.996772230
1781254299.707456 1.147662282 -0.003227102 0.274524391 -0.000413976 -0.076255448 0.001154482 0.997087598
1781254299.774213 1.175512195 -0.004679621 0.279405504 -0.000734201 -0.070495792 0.000935703 0.997511446
1781254299.874349 1.217954636 -0.006018372 0.286806941 -0.001135161 -0.063187353 0.000703327 0.998000860
1781254299.941107 1.246632695 -0.008296780 0.290008903 -0.001739980 -0.061043613 0.000575638 0.998133481
1781254300.007864 1.274264932 -0.006514352 0.296129078 -0.000272883 -0.054147229 -0.000188926 0.998532951
1781254300.041243 1.287174940 -0.008515594 0.296751738 -0.000898722 -0.053086873 -0.000063885 0.998589516
1781254300.108002 1.314466000 -0.007715742 0.301623195 -0.000193802 -0.047869522 -0.000495216 0.998853505
1781254300.174770 1.342118859 -0.007584522 0.306444645 0.000168121 -0.041856267 -0.000842794 0.999123335
1781254300.241549 1.369369864 -0.009323659 0.310184896 -0.000744295 -0.038832210 -0.001684427 0.999244094
1781254300.308330 1.397826552 -0.009886132 0.314029574 -0.000447691 -0.031289808 -0.002192365 0.999507844
1781254300.375111 1.427391171 -0.008977520 0.317843735 -0.000471669 -0.028021425 -0.002518613 0.999604106
1781254300.408502 1.441452503 -0.008309718 0.320262045 0.000087333 -0.024781391 -0.002602407 0.999689579
1781254300.441894 1.458381653 -0.009749711 0.322435826 -0.000079305 -0.023449602 -0.002899633 0.999720812
1781254300.508677 1.487689614 -0.008825924 0.325620562 0.000102050 -0.017111918 -0.003477748 0.999847531
1781254300.542070 1.502946854 -0.008900585 0.327592283 -0.000228813 -0.016072689 -0.003788186 0.999863684
1781254300.575462 1.516803980 -0.010567958 0.327912867 -0.000665769 -0.014266849 -0.003975232 0.999890149
1781254300.608855 1.532194138 -0.008755319 0.330816537 0.000250397 -0.011272856 -0.004281333 0.999927342
1781254300.675641 1.560488939 -0.009272886 0.334770292 -0.000237432 -0.005486792 -0.004579877 0.999974430
1781254300.742428 1.592207909 -0.011054177 0.336758435 -0.000467045 -0.003272102 -0.005300322 0.999980509
1781254300.842612 1.638169765 -0.011823870 0.341963083 -0.000403668 0.004987580 -0.006284912 0.999967754
1781254300.876007 1.655433774 -0.009345783 0.346366525 0.000370945 0.004392193 -0.005757314 0.999973714
1781254300.909402 1.666206241 -0.014155077 0.344518512 -0.001772818 0.006630832 -0.006477058 0.999955475
1781254301.009589 1.716988444 -0.015686629 0.349760294 -0.001476794 0.011510868 -0.007097414 0.999907494
1781254301.076382 1.747614741 -0.014611128 0.354333609 -0.000949185 0.010458997 -0.006559308 0.999923348
1781254301.109779 1.763616800 -0.017321859 0.354893088 -0.001778134 0.010853854 -0.007053879 0.999914646
1781254301.143175 1.781822324 -0.016529446 0.358817667 -0.001544604 0.008502543 -0.006679617 0.999940336
1781254301.176550 1.798569441 -0.017541606 0.360369384 -0.001726104 0.009509377 -0.006794299 0.999930263
1781254301.209926 1.812466502 -0.017716505 0.361798793 -0.001551850 0.011124936 -0.006662556 0.999914765
1781254301.243301 1.825389862 -0.015380265 0.365199536 -0.000792933 0.010292820 -0.006284897 0.999926984
1781254301.276676 1.840503812 -0.018002249 0.367063612 -0.001844034 0.008903674 -0.007148096 0.999933124
1781254301.310052 1.859076023 -0.018310541 0.367823839 -0.001308493 0.008672524 -0.007283608 0.999935031
1781254301.343427 1.872718811 -0.018219166 0.369967848 -0.001207828 0.009185906 -0.006815478 0.999933898
1781254301.376802 1.885064363 -0.017437618 0.373021275 -0.001103621 0.007823414 -0.007190158 0.999942958
1781254301.410177 1.898710847 -0.015766362 0.376835108 -0.000143276 0.007424087 -0.006907139 0.999948621
1781254301.443552 1.915440440 -0.018996336 0.377287179 -0.001022505 0.007179291 -0.007590439 0.999944925
1781254301.476928 1.930593371 -0.018944001 0.379174709 -0.001021227 0.008271913 -0.007708390 0.999935567
1781254301.510303 1.944243670 -0.016167499 0.381586343 0.000124627 0.008573803 -0.006281915 0.999943554
1781254301.543679 1.957490683 -0.013696383 0.386652559 0.000887524 0.007297033 -0.006387443 0.999952674
1781254301.577054 1.971439004 -0.014615996 0.387671471 0.000485374 0.007763174 -0.006969743 0.999945521
1781254301.610428 1.985896945 -0.015527715 0.389683217 0.000204607 0.008687326 -0.006256840 0.999942720
1781254301.643803 2.003563166 -0.015417406 0.392572403 0.000516422 0.007934392 -0.006633694 0.999946415
1781254301.677178 2.022199631 -0.016401147 0.394489497 0.000083085 0.004547976 -0.006723646 0.999967098
1781254301.710553 2.036335468 -0.015611852 0.397111744 0.000430447 0.004558581 -0.007064736 0.999964595
1781254301.743927 2.055176020 -0.014408709 0.400660694 0.001189702 0.004565785 -0.006675060 0.999966621
1781254301.777302 2.070018530 -0.012182402 0.406019896 0.002178608 0.005307644 -0.006410180 0.999963045
1781254301.810677 2.082665682 -0.015468877 0.404115766 0.001003504 0.006235689 -0.007044954 0.999955297
1781254301.844051 2.103190899 -0.019896336 0.403922766 -0.000879573 0.003314523 -0.006641881 0.999972105
1781254301.877426 2.118972540 -0.020586517 0.405987680 -0.001286760 0.001425472 -0.007074660 0.999973178
1781254301.910800 2.134755611 -0.019989645 0.409053355 -0.000864806 0.001395862 -0.007122762 0.999973357
1781254301.944175 2.147633076 -0.019463524 0.412052065 -0.000716353 0.003483085 -0.007631091 0.999964535
1781254301.977549 2.159497738 -0.020720743 0.413070768 -0.001312186 0.003689876 -0.006568726 0.999970853
1781254302.010924 2.174214125 -0.021098511 0.414871693 -0.001332187 0.001894571 -0.007459865 0.999969542
1781254302.044298 2.188441515 -0.021951269 0.415772170 -0.001382126 0.002670454 -0.007126672 0.999970078
1781254302.077672 2.199741602 -0.022415837 0.417464912 -0.001290244 0.005028903 -0.007021580 0.999961913
1781254302.111047 2.214771032 -0.023738842 0.419443011 -0.001909164 0.003754135 -0.007107219 0.999965906
1781254302.144421 2.235768080 -0.019032117 0.426839799 0.000228095 -0.000331716 -0.006825715 0.999976635
1781254302.177798 2.247670889 -0.020606123 0.427578717 -0.000585136 0.000113156 -0.006867433 0.999976277
1781254302.211177 2.264094114 -0.020064367 0.430035353 -0.000258416 0.000968323 -0.006905538 0.999975681
1781254302.244555 2.278131962 -0.019835562 0.432059377 0.000077559 0.001489538 -0.006841836 0.999975562
1781254302.277932 2.288718939 -0.020507500 0.433616936 -0.000111662 0.002532779 -0.007438567 0.999969184
1781254302.311309 2.306946278 -0.021139186 0.432844520 -0.000185725 0.002118547 -0.007182155 0.999971986
1781254302.344687 2.322644711 -0.022398684 0.433835745 -0.000473393 0.004115428 -0.006861600 0.999967933
1781254302.378064 2.335130930 -0.020623343 0.436538517 0.000981927 0.005476726 -0.007709498 0.999954879
1781254302.444819 2.364488125 -0.022527277 0.436294496 0.000532988 0.006504462 -0.007699966 0.999949098
1781254302.478197 2.379751682 -0.023712393 0.437311083 0.000313464 0.007810558 -0.007571490 0.999940813
1781254302.511574 2.394471407 -0.023538118 0.439254194 0.000465810 0.009224397 -0.007840505 0.999926686
1781254302.544951 2.408869028 -0.023699710 0.440973490 0.000766584 0.010862432 -0.007551102 0.999912202
1781254302.578329 2.423727989 -0.024854528 0.441924810 0.000006646 0.010257333 -0.007595266 0.999918580
1781254302.611706 2.436151028 -0.027571300 0.441858768 -0.001216271 0.012926549 -0.007705690 0.999886096
1781254302.645084 2.451563358 -0.025762875 0.443939984 0.000046003 0.016054060 -0.007627463 0.999842107
1781254302.678461 2.465746403 -0.025990847 0.446918577 0.000034199 0.017679870 -0.007378865 0.999816477
1781254302.711839 2.482146025 -0.026326792 0.447223037 0.000089922 0.017287457 -0.007862931 0.999819636
1781254302.745216 2.496880770 -0.027466435 0.448941797 -0.000376019 0.019124661 -0.008048973 0.999784648
1781254302.778594 2.507867336 -0.029221427 0.448004782 -0.000653751 0.024269277 -0.008067401 0.999672711
1781254302.811971 2.523496866 -0.027434099 0.451401293 0.000409933 0.025505632 -0.008263694 0.999640465
1781254302.845348 2.537280321 -0.026436770 0.453329533 0.000859719 0.027146654 -0.008719612 0.999593139
1781254302.878726 2.550677538 -0.026457056 0.454175621 0.000786372 0.029449830 -0.008934623 0.999526024
1781254302.912104 2.564422607 -0.027642826 0.454417348 0.000572236 0.032745015 -0.009279636 0.999420524
1781254302.945482 2.578314781 -0.028610153 0.454974145 0.000508392 0.035839953 -0.009122944 0.999315798
1781254302.978859 2.592332363 -0.027038952 0.457169801 0.001014068 0.036668878 -0.010041764 0.999276519
1781254303.012236 2.604618788 -0.030552512 0.455546677 -0.000440466 0.039326772 -0.009668787 0.999179542
1781254303.045614 2.617473841 -0.030477267 0.455870837 0.000175293 0.042309709 -0.009893401 0.999055624
1781254303.078991 2.630507469 -0.031307526 0.456382722 0.000104153 0.043841440 -0.010390128 0.998984516
1781254303.112368 2.642163992 -0.031399637 0.456634790 -0.000105965 0.045389373 -0.010422311 0.998915076
1781254303.145746 2.654583693 -0.032118514 0.457306534 0.000224273 0.047031779 -0.010528861 0.998837888
1781254303.179120 2.667354822 -0.032019287 0.458321214 0.000433143 0.048506420 -0.010803971 0.998764336
1781254303.212495 2.679796219 -0.031845108 0.458519459 0.000570718 0.050122336 -0.010648927 0.998686194
1781254303.245869 2.690222502 -0.034493178 0.457641631 -0.000798961 0.051151525 -0.010360021 0.998636901
1781254303.279244 2.701752901 -0.034227621 0.457626760 -0.000206901 0.052747793 -0.011123140 0.998545945
1781254303.312618 2.714403868 -0.035380702 0.457505256 -0.001144880 0.054453012 -0.010789144 0.998457432
1781254303.345993 2.726496696 -0.036027867 0.457471877 -0.001150226 0.057659935 -0.010822868 0.998276949
1781254303.379367 2.739664793 -0.036309451 0.458182216 -0.001177023 0.058988292 -0.010723197 0.998200476
1781254303.412741 2.751227617 -0.034947358 0.459909976 -0.000903139 0.061186176 -0.010845367 0.998067021
1781254303.446115 2.763901472 -0.035557300 0.460051328 -0.000902802 0.064836025 -0.010919360 0.997835755
1781254303.479490 2.775514364 -0.037162021 0.459157079 -0.001678397 0.068817109 -0.011102844 0.997566164
1781254303.512864 2.788432837 -0.035273641 0.459216565 -0.000510933 0.072218843 -0.011762905 0.997319341
1781254303.546238 2.801310301 -0.036563925 0.458060503 -0.000851377 0.076088123 -0.011902595 0.997029722
1781254303.579612 2.814270973 -0.036700491 0.456488997 -0.000843267 0.080358826 -0.011438276 0.996699989
1781254303.612987 2.826139927 -0.037310749 0.455277383 -0.000912990 0.085306168 -0.012065304 0.996281385
1781254303.646361 2.838279247 -0.037391979 0.453647524 -0.001016748 0.090344079 -0.011957086 0.995838284
1781254303.679735 2.851497889 -0.036801137 0.451178044 -0.000225846 0.096060663 -0.011688393 0.995306849
1781254303.713109 2.864386320 -0.037608869 0.450085998 -0.000584397 0.100590967 -0.012301001 0.994851649
1781254303.746483 2.876307487 -0.039207090 0.447947830 -0.001066572 0.105966248 -0.012660822 0.994288564
1781254303.779857 2.889595270 -0.039471336 0.444818854 -0.000594573 0.112274699 -0.012390194 0.993599832
1781254303.813231 2.900654793 -0.037884764 0.445033848 0.000246549 0.118537135 -0.012354173 0.992872715
1781254303.846604 2.913258314 -0.039623737 0.440868825 -0.000213826 0.122471958 -0.013139200 0.992385030
1781254303.879978 2.925757408 -0.040720794 0.437977135 -0.000389257 0.128012419 -0.012895885 0.991688669
1781254303.913352 2.938812733 -0.041753445 0.433566451 -0.000422038 0.133216053 -0.013041241 0.991001129
1781254303.946725 2.948964596 -0.042728201 0.431544065 -0.000578763 0.139539570 -0.013490415 0.990124464
1781254303.980099 2.960968733 -0.044070456 0.427849710 -0.001113393 0.144056857 -0.013731658 0.989473581
1781254304.013472 2.970947981 -0.043404657 0.425227106 -0.000359788 0.149772853 -0.014028502 0.988620877
1781254304.046846 2.982671738 -0.044304401 0.420883924 -0.000294361 0.155612290 -0.014173168 0.987716556
1781254304.080219 2.993266106 -0.043914024 0.418935746 -0.000100382 0.161993563 -0.014403342 0.986686707
1781254304.113593 3.003523588 -0.044200718 0.415948153 0.000141672 0.169710204 -0.014813536 0.985382676
1781254304.146966 3.012938261 -0.046152685 0.411949873 -0.000488870 0.176735669 -0.015805053 0.984131336
1781254304.180345 3.024058104 -0.045895413 0.407491893 -0.000316785 0.182294711 -0.015826968 0.983116508
1781254304.213724 3.034817457 -0.046052042 0.403131306 0.000132085 0.189033434 -0.015996838 0.981840312
1781254304.247104 3.044072628 -0.047095951 0.398366362 0.000350142 0.196389660 -0.016478939 0.980387390
1781254304.280483 3.052971363 -0.047786843 0.395663202 0.000247034 0.203816041 -0.016812906 0.978864789
1781254304.313863 3.064733028 -0.048956156 0.388433456 0.000638006 0.209356368 -0.017033698 0.977690876
1781254304.347243 3.072899818 -0.047020290 0.385675430 0.001943404 0.216477469 -0.017218882 0.976133883
1781254304.380622 3.080863476 -0.051331222 0.380689800 0.000198110 0.223243162 -0.017783323 0.974600613
1781254304.414001 3.091368914 -0.052975670 0.373004347 0.000041610 0.228815407 -0.018090649 0.973301709
1781254304.447381 3.099569321 -0.051984116 0.370255053 0.001016991 0.237440303 -0.018387716 0.971227646
1781254304.480760 3.108457088 -0.053732134 0.363491237 0.000780731 0.244481161 -0.018608067 0.969475210
1781254304.514139 3.119109631 -0.052874014 0.358636320 0.001660153 0.251437217 -0.018579287 0.967693925
1781254304.547519 3.127076626 -0.050751369 0.355007976 0.003125028 0.259282827 -0.018903360 0.965611398
1781254304.580898 3.135086298 -0.055504128 0.346821874 0.001628990 0.265725583 -0.019194325 0.963856280
1781254304.614278 3.148691654 -0.054410599 0.338438123 0.002702606 0.271028876 -0.019354848 0.962372839
1781254304.647657 3.158443451 -0.055063948 0.331833720 0.003074821 0.279639840 -0.019483885 0.959902406
1781254304.681037 3.163483858 -0.054807477 0.327941209 0.003097974 0.287606508 -0.020016829 0.957534492
1781254304.714416 3.171846628 -0.056385819 0.320905209 0.003131747 0.295158297 -0.020780977 0.955217242
1781254304.747795 3.180354834 -0.056444339 0.315649688 0.003508741 0.303213716 -0.021279270 0.952678502
1781254304.781175 3.185403109 -0.057678811 0.309372634 0.003232192 0.311637104 -0.021771420 0.949946344
1781254304.814554 3.194387913 -0.058468867 0.302056462 0.003234297 0.318790674 -0.022616804 0.947549820
1781254304.847934 3.203154087 -0.058154717 0.295477271 0.003835461 0.327897727 -0.022970306 0.944426179
1781254304.881314 3.207485437 -0.061039239 0.291473448 0.002891116 0.338151306 -0.023505785 0.940793753
1781254304.914693 3.215241432 -0.058779292 0.283424258 0.004201203 0.346877456 -0.023990197 0.937594175
1781254304.948073 3.224679470 -0.061856396 0.273965359 0.003663975 0.356080532 -0.024975311 0.934114337
1781254304.981452 3.231822491 -0.062386021 0.267464519 0.003747413 0.365895808 -0.025284486 0.930304825
1781254305.014833 3.235674381 -0.059921887 0.264386892 0.004465885 0.375764489 -0.026249578 0.926332593
1781254305.048213 3.245234489 -0.063019902 0.252380908 0.004160263 0.383625954 -0.026509747 0.923098683
1781254305.081592 3.247835875 -0.063923433 0.247361660 0.004292212 0.394869030 -0.026914982 0.918333113
1781254305.114972 3.252480984 -0.068451852 0.237836182 0.003056689 0.403908461 -0.027499195 0.914380968
1781254305.148352 3.257256031 -0.067898981 0.231319666 0.003894052 0.413877368 -0.027989352 0.909893930
1781254305.181729 3.265637159 -0.066145912 0.223276496 0.004301175 0.421997100 -0.029602056 0.906103611
1781254305.215106 3.269296885 -0.066966377 0.213910699 0.004364708 0.432552069 -0.029537793 0.901114464
1781254305.248483 3.288080931 -0.067750253 0.195040941 0.004754863 0.437493593 -0.029207395 0.898734510
1781254305.281861 3.292771339 -0.068934873 0.186052203 0.004557235 0.445980370 -0.029762723 0.894536138
1781254305.315238 3.283708811 -0.063643724 0.191759825 0.006347680 0.462194085 -0.030085934 0.886245608
1781254305.348615 3.291982651 -0.064543441 0.180901766 0.006634717 0.470801950 -0.031048555 0.881667554
1781254305.381992 3.297427177 -0.066307895 0.172328711 0.006501672 0.479295164 -0.030957997 0.877083540
1781254305.415370 3.303306341 -0.064350538 0.164003968 0.007191849 0.487101078 -0.032235567 0.872720897
1781254305.448747 3.304817677 -0.062907845 0.157422066 0.008105735 0.496970981 -0.032726668 0.867111981
1781254305.515501 3.313974380 -0.069056660 0.141940475 0.007473017 0.513703167 -0.032691307 0.857312381
1781254305.582256 3.324086428 -0.064271331 0.118904352 0.008546484 0.528074086 -0.034546070 0.848452270
1781254305.615633 3.334949017 -0.071520902 0.105269670 0.007395720 0.534474254 -0.034536123 0.844446480
1781254305.649010 3.353896618 -0.079749919 0.082550764 0.005415473 0.537645698 -0.034809109 0.842434704
1781254305.682387 3.360198021 -0.077399805 0.071666598 0.006118575 0.545496821 -0.035807319 0.837325275
1781254305.715766 3.360886574 -0.080600120 0.064641237 0.005758954 0.555017114 -0.035396986 0.831065536
1781254305.749143 3.366250992 -0.080426976 0.053045273 0.006266237 0.562950373 -0.036174912 0.825674951
1781254305.782520 3.372108698 -0.080019757 0.040352821 0.006349859 0.570398510 -0.037220091 0.820499778
1781254305.815897 3.374762774 -0.081680506 0.030471802 0.006522705 0.579291880 -0.037189122 0.814245343
1781254305.849275 3.379337549 -0.083581589 0.018083811 0.006463350 0.586975217 -0.037913516 0.808690906
1781254305.882652 3.386270046 -0.082352459 0.004642963 0.007074776 0.594354153 -0.039153911 0.803218603
1781254305.916029 3.394307613 -0.082626678 -0.012466192 0.007453678 0.601337314 -0.040349014 0.797940969
1781254305.949406 3.398068905 -0.082076058 -0.024002552 0.007602642 0.608664572 -0.041318681 0.792314649
1781254305.982784 3.400498629 -0.083269022 -0.033823967 0.007855102 0.616956294 -0.041737437 0.785850644
1781254306.016161 3.405102253 -0.081508107 -0.048178673 0.008473018 0.625126839 -0.043210719 0.779280186
1781254306.049538 3.407545567 -0.082353733 -0.058693409 0.008678883 0.634586930 -0.043625362 0.771570504
1781254306.082915 3.412554502 -0.078206770 -0.068361044 0.010584209 0.642787099 -0.045135848 0.764640808
1781254306.116292 3.415443420 -0.078994393 -0.084558010 0.010460776 0.648729324 -0.046386141 0.759532213
1781254306.149669 3.418185472 -0.078878798 -0.098810673 0.010902211 0.655916393 -0.047390305 0.753265560
1781254306.183044 3.424351215 -0.070144147 -0.107316256 0.014292312 0.664682865 -0.049544178 0.745344162
1781254306.216418 3.422672510 -0.077164441 -0.127973557 0.012191823 0.670600414 -0.049238846 0.740082443
1781254306.249793 3.418985367 -0.093519770 -0.142084599 0.007997826 0.678061187 -0.046790682 0.733470976
1781254306.283167 3.418740749 -0.095781468 -0.153508663 0.006991853 0.684750199 -0.046897531 0.727233827
1781254306.316541 3.419963360 -0.092746884 -0.166055918 0.008166689 0.693208337 -0.048100788 0.719084084
1781254306.349916 3.418715477 -0.097415477 -0.172273159 0.007898410 0.703258514 -0.047559340 0.709297717
1781254306.383290 3.418115616 -0.099033505 -0.183698654 0.007739827 0.711229026 -0.048044447 0.701274037
1781254306.416665 3.417325020 -0.100569516 -0.197954416 0.007336966 0.717646420 -0.048409522 0.694684386
1781254306.450039 3.415559530 -0.099993035 -0.210044622 0.007801611 0.725295246 -0.048951622 0.686651111
1781254306.483413 3.413675547 -0.102406144 -0.221299648 0.007926605 0.733915329 -0.049126565 0.677415729
1781254306.516788 3.412220478 -0.108788356 -0.229310274 0.006743621 0.742201626 -0.048606757 0.668377638
1781254306.650284 3.404893398 -0.099015102 -0.317406654 0.008525904 0.763245702 -0.055625528 0.643652916
1781254306.683657 3.401699781 -0.103977159 -0.318156004 0.007715255 0.773669958 -0.054891266 0.631159484
1781254306.717031 3.400214195 -0.100789875 -0.339028597 0.008951913 0.779516280 -0.056876816 0.623730183
1781254306.750405 3.398339510 -0.101400778 -0.349872112 0.008995456 0.787178814 -0.057500400 0.613972664
1781254306.783779 3.396615505 -0.100922883 -0.361901045 0.009542482 0.794360757 -0.058272745 0.604569554
1781254306.817153 3.392997503 -0.101776063 -0.373052835 0.009433549 0.801464736 -0.058894347 0.595060349
1781254306.850526 3.389798880 -0.102390036 -0.384285927 0.009758936 0.808168232 -0.059415802 0.585865796
1781254306.883900 3.387048244 -0.103289485 -0.394768238 0.010099872 0.814584553 -0.059744358 0.576871395
1781254306.917274 3.382876396 -0.103529572 -0.406843185 0.010035949 0.820966065 -0.060611714 0.567662179
1781254306.950647 3.377241611 -0.104860470 -0.417640209 0.010217533 0.828204036 -0.060945369 0.557009399
1781254306.984021 3.373207808 -0.105949938 -0.426481724 0.009797359 0.835433960 -0.061507717 0.546050310
1781254307.017394 3.366725445 -0.107714489 -0.438072681 0.009804687 0.840394199 -0.061169665 0.538423479
1781254307.050768 3.362332344 -0.110398203 -0.447196960 0.009627613 0.845218122 -0.061003454 0.530841112
1781254307.084141 3.354086637 -0.113522336 -0.459769726 0.008188687 0.850024700 -0.061186321 0.523113132
1781254307.117515 3.349875927 -0.111341670 -0.483344078 0.011255778 0.853939831 -0.061189145 0.516639233
1781254307.150889 3.344477415 -0.112030923 -0.493124008 0.011513298 0.859505296 -0.061509442 0.507281780
1781254307.184268 3.339866877 -0.111295491 -0.502601624 0.011555084 0.864227653 -0.062372945 0.499085993
1781254307.217648 3.334378719 -0.111475736 -0.513483524 0.011754639 0.868932307 -0.063003078 0.490763932
1781254307.251028 3.326770306 -0.113509595 -0.524447441 0.011629092 0.873408914 -0.062376261 0.482836217
1781254307.284408 3.320795059 -0.114323169 -0.534760475 0.011602202 0.878511608 -0.062591761 0.473460704
1781254307.317788 3.313519478 -0.116025925 -0.545950413 0.011797513 0.883144796 -0.062593721 0.464755952
1781254307.351167 3.305154324 -0.116285414 -0.556335926 0.012214173 0.887597561 -0.062985696 0.456129640
1781254307.384547 3.295810938 -0.119608730 -0.568073750 0.012100141 0.891791105 -0.062494069 0.447947353
1781254307.417927 3.292592764 -0.116940349 -0.575642586 0.012645686 0.896532536 -0.063498437 0.438220859
1781254307.451307 3.285089254 -0.117765427 -0.586906910 0.013212604 0.900440872 -0.063419357 0.430127472
1781254307.484687 3.275408030 -0.118942261 -0.596407413 0.013085229 0.904603064 -0.063889585 0.421236545
1781254307.518067 3.267984629 -0.120026469 -0.605652809 0.012795816 0.908745050 -0.063770592 0.412252456
1781254307.551447 3.258629799 -0.121308833 -0.617395401 0.014323210 0.912762940 -0.063201711 0.403316498
1781254307.584827 3.251856089 -0.120807737 -0.626286507 0.014921723 0.916293025 -0.063759603 0.395119220
1781254307.618207 3.241911411 -0.122425854 -0.635804653 0.014397154 0.919107735 -0.063728802 0.388551593
1781254307.651587 3.234935999 -0.122160017 -0.644484520 0.014752662 0.922478557 -0.064128570 0.380398899
1781254307.684967 3.221174717 -0.124154791 -0.655506134 0.015157335 0.926010132 -0.063758075 0.371766597
1781254307.718347 3.217704535 -0.124584854 -0.658531427 0.015305947 0.929867327 -0.063724160 0.362010777
1781254307.751728 3.210812569 -0.124718741 -0.662336826 0.014391113 0.932602882 -0.064581081 0.354787409
1781254307.785108 3.198863029 -0.127573729 -0.676760674 0.014915013 0.935079515 -0.063905858 0.348310173
1781254307.818489 3.184880257 -0.131738007 -0.686729193 0.014584705 0.938102603 -0.063435555 0.340186357
1781254307.851869 3.174225807 -0.131352022 -0.696274281 0.014952883 0.941050053 -0.063665777 0.331885338
1781254307.885250 3.161904335 -0.134722337 -0.701462746 0.014508377 0.944289744 -0.063428655 0.322619468
1781254307.918630 3.158798218 -0.134780034 -0.706781387 0.014115135 0.947659075 -0.063427664 0.312601924
1781254307.952010 3.144409180 -0.135754094 -0.713012934 0.014147713 0.949889064 -0.063008040 0.305844218
1781254307.985390 3.136978626 -0.134681091 -0.719567299 0.014409131 0.952724934 -0.063884221 0.296692520
1781254308.018771 3.130995035 -0.133852631 -0.727770090 0.015045873 0.955762386 -0.064364150 0.286616743
1781254308.052151 3.119400978 -0.136627108 -0.734814167 0.014715427 0.958425760 -0.063969962 0.277689546
1781254308.085531 3.104471207 -0.138635576 -0.740239143 0.015486016 0.960539103 -0.063301988 0.270402968
1781254308.118912 3.097599030 -0.138755098 -0.746881485 0.015364088 0.962977886 -0.063578807 0.261524975
1781254308.152292 3.089405537 -0.140273914 -0.750808477 0.015240841 0.965339780 -0.063631028 0.252661675
1781254308.185669 3.080162048 -0.137237176 -0.756289721 0.015583615 0.967671871 -0.064229041 0.243398950
1781254308.219046 3.067894936 -0.140027568 -0.761449814 0.015916325 0.970239460 -0.063744128 0.233064175
1781254308.252423 3.056828737 -0.143289939 -0.767206192 0.015153454 0.972492456 -0.063370474 0.223636210
1781254308.285800 3.046424627 -0.138186216 -0.776684761 0.016464744 0.974052250 -0.064372487 0.216349870
1781254308.319177 3.036034107 -0.139527917 -0.779172421 0.016392704 0.976079047 -0.064122669 0.207097292
1781254308.352554 3.025176048 -0.139314502 -0.784993887 0.016827917 0.977854073 -0.064457379 0.198402464
1781254308.385931 3.015161037 -0.139856800 -0.790750504 0.016896488 0.979436874 -0.064606160 0.190378621
1781254308.419308 3.007546902 -0.140181288 -0.793731689 0.016523298 0.981152058 -0.064404272 0.181437969
1781254308.519439 2.975398064 -0.139508247 -0.805156946 0.017602235 0.985487223 -0.064914286 0.155856580
1781254308.552816 2.967695475 -0.138400421 -0.809366703 0.017760826 0.986793518 -0.064979695 0.147311822
1781254308.586193 2.956467628 -0.140024260 -0.811792135 0.017554624 0.987967849 -0.064533845 0.139452219
1781254308.619570 2.946225405 -0.139805481 -0.814666748 0.017542580 0.989315569 -0.064810768 0.129408479
1781254308.652947 2.936275721 -0.139032334 -0.818233252 0.017577270 0.990627706 -0.064864136 0.118913852
1781254308.686323 2.924434423 -0.139297500 -0.819082737 0.018299149 0.991808057 -0.064644329 0.108642295
1781254308.719700 2.914870977 -0.139517188 -0.820560694 0.017759491 0.992928743 -0.064747974 0.097901978
1781254308.753077 2.902318001 -0.140214354 -0.819777012 0.017757379 0.994031787 -0.064630851 0.086071499
1781254308.786454 2.886208534 -0.138670534 -0.820257664 0.018562142 0.994960546 -0.064672634 0.074340425
1781254308.819831 2.872072697 -0.139284328 -0.820482135 0.019105218 0.995799661 -0.064242870 0.062378485
1781254308.853208 2.863878250 -0.137931079 -0.822456360 0.018896824 0.996525943 -0.064507701 0.049171180
1781254308.886585 2.851233482 -0.136297986 -0.826925039 0.018363295 0.997037411 -0.064878687 0.037012987
1781254308.919961 2.837972641 -0.138544768 -0.818046331 0.018784564 0.997458220 -0.063833751 0.025485126
1781254308.953338 2.824389935 -0.138241470 -0.815309048 0.019054599 0.997688293 -0.064093441 0.012125874
1781254308.986715 2.818500757 -0.138585448 -0.815164804 0.018852519 0.997761369 -0.064074464 -0.003367294
1781254309.020092 2.806854486 -0.135924444 -0.815201938 -0.018982721 -0.997574806 0.064663775 0.017401468
1781254309.053468 2.785104275 -0.136582270 -0.813342214 -0.019572267 -0.997352839 0.064231515 0.027903942
1781254309.086845 2.772943020 -0.136453122 -0.809360623 -0.019706439 -0.996975482 0.063891038 0.039617442
1781254309.120222 2.765635967 -0.136690140 -0.805463195 -0.020197388 -0.996341586 0.063754596 0.053206507
1781254309.153599 2.752500534 -0.136509180 -0.802679598 -0.020158175 -0.995604694 0.063672863 0.065657243
1781254309.186975 2.735495806 -0.135958433 -0.804232895 -0.020732822 -0.994803190 0.063422166 0.076905206
1781254309.220354 2.724153042 -0.133874685 -0.801199019 -0.020914167 -0.993822932 0.063638538 0.088480197
1781254309.253731 2.716338634 -0.132603228 -0.799153328 -0.020597374 -0.992564499 0.063882291 0.101541057
1781254309.287107 2.696246862 -0.132295281 -0.799414337 -0.020700751 -0.991493881 0.063639842 0.111630224
1781254309.320484 2.681634665 -0.128995582 -0.801464081 -0.020482831 -0.990147471 0.064220160 0.122736581
1781254309.353861 2.677329540 -0.132045612 -0.786428392 -0.020406967 -0.988829672 0.063120544 0.133473620
1781254309.387238 2.661748409 -0.130199164 -0.786197960 -0.020702381 -0.987827301 0.063020512 0.140702158
1781254309.420615 2.646553278 -0.127957717 -0.786196411 -0.020837786 -0.986312985 0.063582502 0.150697380
1781254309.453992 2.637983799 -0.128100321 -0.779576778 -0.020684691 -0.984522641 0.063131161 0.162178397
1781254309.487369 2.629253387 -0.128875688 -0.773808241 -0.020502865 -0.982740521 0.062393349 0.172939032
1781254309.520746 2.615056276 -0.126727536 -0.771790802 -0.020581031 -0.980817974 0.062851511 0.183363810
1781254309.554123 2.603925705 -0.125365466 -0.767700136 -0.020722983 -0.979185104 0.062840268 0.191880688
1781254309.587500 2.594505548 -0.125779122 -0.761062801 -0.020035069 -0.977922380 0.062310912 0.198453575
1781254309.620877 2.575427055 -0.124272421 -0.758784294 -0.020253593 -0.976546586 0.062441424 0.205055371
1781254309.654254 2.562419891 -0.123905763 -0.754148901 -0.020665308 -0.974547982 0.062320787 0.214348912
1781254309.687631 2.553720713 -0.123256147 -0.749081910 -0.020425582 -0.972424567 0.062421471 0.223778531
1781254309.721008 2.546758890 -0.122836158 -0.745472014 -0.020586498 -0.970733821 0.062076565 0.231081441
1781254309.754385 2.534735441 -0.123831488 -0.735614896 -0.020429125 -0.969401479 0.061421167 0.236792862
1781254309.787761 2.524267435 -0.123311549 -0.734035015 -0.020003524 -0.967626572 0.061327446 0.244003534
1781254309.821138 2.507727146 -0.122555532 -0.727371216 -0.020552274 -0.966383755 0.061032459 0.248907909
1781254309.854515 2.495848894 -0.121450499 -0.721910119 -0.020250404 -0.964837730 0.061245978 0.254808038
1781254309.887892 2.483447075 -0.121469870 -0.714260578 -0.019799380 -0.963277817 0.061107881 0.260710180
1781254309.921270 2.471370459 -0.120175153 -0.710963011 -0.020001670 -0.962400198 0.061087593 0.263920784
1781254309.954647 2.459394217 -0.119531460 -0.707333446 -0.020168960 -0.961861789 0.060562890 0.265983641
1781254309.988024 2.448822975 -0.119941786 -0.701789737 -0.019544071 -0.961247206 0.060540400 0.268247634
1781254310.021401 2.438176394 -0.119620308 -0.696482778 -0.019356802 -0.961025655 0.060382757 0.269089103
1781254310.054777 2.426368713 -0.118371367 -0.693946958 -0.019406043 -0.960960031 0.060387809 0.269318879
1781254310.088154 2.415280581 -0.118082739 -0.689583540 -0.018923800 -0.960886240 0.060574185 0.269574285
1781254310.121531 2.401226759 -0.116315275 -0.689051628 -0.019677604 -0.960966706 0.060724385 0.269199640
1781254310.154908 2.388707638 -0.115216240 -0.685886621 -0.019964749 -0.961027086 0.060891759 0.268924952
1781254310.188287 2.378008127 -0.116645873 -0.682708859 -0.019200366 -0.961750805 0.060635932 0.266439706
1781254310.221667 2.365655899 -0.115896627 -0.678309083 -0.019533373 -0.962440312 0.060449488 0.263956428
1781254310.255046 2.353461266 -0.115779981 -0.673925996 -0.019458404 -0.962796867 0.060184840 0.262719333
1781254310.288425 2.340868235 -0.115135953 -0.671469808 -0.019403808 -0.963006079 0.060716830 0.261832595
1781254310.321804 2.330493689 -0.114619806 -0.669221878 -0.019258890 -0.963652492 0.060557418 0.259491533
1781254310.355183 2.317892790 -0.113885283 -0.665145993 -0.019153753 -0.964015245 0.060633253 0.258130699
1781254310.388562 2.305172682 -0.114501528 -0.659566522 -0.019397307 -0.964522779 0.060692858 0.256195366
1781254310.421942 2.292668819 -0.111068979 -0.659301400 -0.019640887 -0.965101838 0.061075583 0.253894627
1781254310.455321 2.280073166 -0.110787019 -0.653849721 -0.019524094 -0.965720177 0.061270602 0.251494110
1781254310.488700 2.269775152 -0.111000292 -0.653395176 -0.019370385 -0.966464996 0.061018638 0.248690665
1781254310.522080 2.256303310 -0.110103585 -0.650119543 -0.019409969 -0.967263341 0.061383639 0.245472893
1781254310.555459 2.243232250 -0.110274322 -0.646718681 -0.019242242 -0.968542397 0.061415635 0.240382031
1781254310.588838 2.229000330 -0.107811995 -0.645918310 -0.019698283 -0.969658077 0.061722070 0.235723481
1781254310.622219 2.215906143 -0.106644966 -0.645418108 -0.020100633 -0.970261216 0.062042352 0.233109146
1781254310.655598 2.204009056 -0.106436938 -0.643439710 -0.019841310 -0.971082628 0.062180769 0.229648605
1781254310.688977 2.191038847 -0.108292945 -0.640918434 -0.019250520 -0.972157180 0.061293278 0.225350991
1781254310.722357 2.177879095 -0.107615776 -0.639167845 -0.019333206 -0.973254681 0.061495353 0.220499590
1781254310.755736 2.165324450 -0.104701295 -0.637457907 -0.019740820 -0.974131107 0.062443323 0.216286376
1781254310.789116 2.152590752 -0.104383260 -0.636054814 -0.019913187 -0.975125551 0.062491912 0.211727247
1781254310.822495 2.140063286 -0.104503885 -0.635272086 -0.019803429 -0.976285040 0.062447920 0.206338778
1781254310.855875 2.129446983 -0.105282724 -0.634619951 -0.019365264 -0.977369428 0.062448058 0.201182052
1781254310.889254 2.116069555 -0.103234261 -0.633357525 -0.019700851 -0.978444815 0.062506646 0.195833072
1781254310.922634 2.104187250 -0.102207154 -0.634926438 -0.019876471 -0.979179204 0.062772892 0.192022562
1781254310.956013 2.091642857 -0.102301538 -0.631611168 -0.019908277 -0.979994118 0.062870234 0.187783301
1781254310.989393 2.080138445 -0.103179641 -0.632389367 -0.019748062 -0.980923772 0.062574007 0.182984024
1781254311.022773 2.067821741 -0.103194803 -0.632020175 -0.019732237 -0.981901705 0.062480781 0.177695990
1781254311.056152 2.055633307 -0.103873521 -0.631147623 -0.019802805 -0.982740998 0.062104814 0.173121542
1781254311.089531 2.044518232 -0.100773960 -0.633888245 -0.019775121 -0.983422399 0.063147649 0.168824419
1781254311.122911 2.033108234 -0.101041973 -0.634386539 -0.019436283 -0.984373808 0.062970996 0.163294464
1781254311.156291 2.021213055 -0.100282803 -0.635150254 -0.019324167 -0.985276401 0.062861755 0.157815039
1781254311.189666 2.011034012 -0.100235276 -0.638030171 -0.018941538 -0.986011863 0.063091494 0.153105617
1781254311.223042 1.999108076 -0.100208879 -0.636811435 -0.018710796 -0.986830235 0.062958829 0.147825092
1781254311.256418 1.989121199 -0.099666595 -0.639341950 -0.018885016 -0.987289727 0.063294277 0.144555315
1781254311.289793 1.977610588 -0.099510536 -0.640109420 -0.018789530 -0.987974584 0.063647434 0.139650345
1781254311.323170 1.966136694 -0.098681979 -0.642612457 -0.018397052 -0.988879085 0.063609563 0.133167699
1781254311.356546 1.954017878 -0.098361515 -0.645223260 -0.018318355 -0.989697576 0.063657448 0.126928464
1781254311.389921 1.941512346 -0.099351652 -0.645988822 -0.017953167 -0.990477741 0.063435689 0.120861761
1781254311.423297 1.929120541 -0.098189302 -0.647390425 -0.018571345 -0.991002083 0.063710459 0.116237178
1781254311.456672 1.916440248 -0.098379970 -0.649310946 -0.018603368 -0.991520524 0.063729912 0.111711554
1781254311.490048 1.905034781 -0.097580194 -0.652729750 -0.018360913 -0.992103100 0.064289302 0.106119603
1781254311.523423 1.893051386 -0.096846804 -0.655212641 -0.018264543 -0.992783666 0.064301200 0.099561304
1781254311.556799 1.881799221 -0.097231746 -0.659207165 -0.018593399 -0.993293703 0.063866287 0.094567433
1781254311.590174 1.869467735 -0.097774848 -0.660122454 -0.018046794 -0.993763208 0.064210437 0.089364566
1781254311.623550 1.858195543 -0.097576201 -0.662669241 -0.018553382 -0.994190454 0.064226344 0.084357165
1781254311.656925 1.846759915 -0.097810663 -0.665250659 -0.018304739 -0.994649112 0.064350143 0.078722507
1781254311.690301 1.835216522 -0.098005258 -0.666905761 -0.018147849 -0.995114207 0.064331956 0.072662883
1781254311.723676 1.825659037 -0.097512543 -0.673601687 -0.017829873 -0.995484710 0.064223677 0.067584977
1781254311.757052 1.813275337 -0.097648285 -0.674607515 -0.017652983 -0.995843410 0.064463735 0.061877493
1781254311.790427 1.802579284 -0.098189414 -0.679169178 -0.017354205 -0.996170580 0.064080797 0.056891579
1781254311.823802 1.790215135 -0.098338343 -0.682335734 -0.017313099 -0.996469080 0.064128965 0.051354058
1781254311.857178 1.778982401 -0.098645046 -0.686552942 -0.017330725 -0.996791005 0.063915186 0.044970460
1781254311.923929 1.758133054 -0.098570406 -0.695731640 -0.016828045 -0.997255027 0.064193323 0.032840829
1781254311.990680 1.738988519 -0.096704498 -0.708563805 -0.016390637 -0.997610211 0.064663343 0.017998034
1781254312.057431 1.716380000 -0.098777041 -0.718455613 0.016308760 0.997774661 -0.064581506 -0.003021763
1781254312.157557 1.682713985 -0.101557970 -0.731369853 0.015481884 0.997644722 -0.064126790 0.018792585
1781254312.224308 1.660334945 -0.101883262 -0.744486272 0.015527468 0.997218728 -0.063949525 0.034988016
1781254312.257684 1.650014520 -0.101911351 -0.753541470 0.015570299 0.996921837 -0.064132787 0.042325485
1781254312.324435 1.628362298 -0.102645971 -0.762937307 0.015989233 0.996113360 -0.064350374 0.057979424
1781254312.391186 1.609362006 -0.102631874 -0.776796103 0.015610978 0.995174825 -0.064690508 0.072100334
1781254312.491312 1.578283668 -0.104953222 -0.795732379 0.014916799 0.993249357 -0.064796418 0.095051005
1781254312.591439 1.549467444 -0.103962749 -0.821477652 0.014989382 0.990802705 -0.065458357 0.117475696
1781254312.691565 1.523389459 -0.105436988 -0.841516972 0.014883948 0.988079965 -0.065293103 0.138612241
1781254312.791692 1.492705107 -0.103954293 -0.865168333 0.014729494 0.984882295 -0.065813139 0.159557566
1781254312.891818 1.462346077 -0.104686320 -0.889836550 0.014681123 0.981790602 -0.065863334 0.177577332
1781254312.958568 1.440469980 -0.104478419 -0.907238483 0.014381881 0.979597926 -0.065746807 0.189363375
1781254313.058694 1.413275480 -0.106699355 -0.928644061 0.014242753 0.976538718 -0.065373167 0.204684377
1781254313.158819 1.386647224 -0.108256586 -0.955631256 0.014484612 0.973550260 -0.064983688 0.218557402
1781254313.225573 1.365120649 -0.111102611 -0.975051165 0.014428172 0.971419036 -0.064529754 0.227975637
1781254313.325704 1.346587181 -0.114997089 -1.000026584 0.013857111 0.967595935 -0.063661717 0.243953511
1781254313.359081 1.338729501 -0.116235524 -1.009919167 0.013808713 0.966194153 -0.063082077 0.249597624
1781254313.492590 1.310404301 -0.116837740 -1.050412655 0.013818562 0.960291743 -0.063321151 0.271365583
1781254313.592721 1.288057804 -0.119113728 -1.083799839 0.013037307 0.955257356 -0.062560551 0.288789898
1781254313.626097 1.281678796 -0.119998075 -1.093924284 0.012728512 0.953363717 -0.062588908 0.294988900
1781254313.692851 1.268402100 -0.120009333 -1.116024375 0.012963070 0.950106680 -0.062208079 0.305384248
1781254313.859735 1.243046045 -0.124983422 -1.167939067 0.011810671 0.939914227 -0.060989305 0.335711271
1781254313.959866 1.231811881 -0.127772942 -1.198364735 0.010441046 0.933303714 -0.060723629 0.353762269
1781254314.026620 1.223820567 -0.127888918 -1.218355775 0.010299835 0.928216994 -0.060896337 0.366877049
1781254314.093374 1.221595764 -0.123198785 -1.237289667 0.009436199 0.923713624 -0.062220912 0.377879381
1781254314.160128 1.211165905 -0.131629109 -1.251709819 0.010977088 0.918693006 -0.059741661 0.390273750
1781254314.226880 1.206141233 -0.132988036 -1.270015121 0.010256547 0.913883388 -0.059501730 0.401461929
1781254314.327009 1.196235418 -0.135375246 -1.298295140 0.010138656 0.906803787 -0.059356596 0.417230129
1781254314.427137 1.189646363 -0.137057394 -1.327420473 0.009863119 0.899768174 -0.059196759 0.432221979
1781254314.594018 1.184485197 -0.138645172 -1.374361873 0.009668112 0.886114419 -0.059199426 0.459568650
1781254314.694146 1.180990219 -0.140585721 -1.406755567 0.008984881 0.877240181 -0.059083045 0.476317406
1781254314.760898 1.179757595 -0.141600728 -1.423382521 0.009174081 0.872375250 -0.058706403 0.485212207
1781254314.827652 1.177599430 -0.141819924 -1.444074035 0.009068997 0.867379546 -0.058578964 0.494104296
1781254314.927780 1.174703598 -0.143785611 -1.474189520 0.008535815 0.862932920 -0.058694214 0.501825690
1781254314.994532 1.169466853 -0.146604493 -1.496472955 0.008429302 0.860572517 -0.058248978 0.505916059
1781254315.061284 1.166337013 -0.150013760 -1.520467043 0.009976227 0.858313084 -0.056607056 0.509896874
1781254315.128036 1.161575675 -0.152088895 -1.541700125 0.009860925 0.857832789 -0.056389295 0.510730863
1781254315.228164 1.155130148 -0.155940101 -1.577074885 0.009830779 0.856752992 -0.055683929 0.512617886
1781254315.328292 1.149325848 -0.157350868 -1.607598782 0.009863098 0.858377635 -0.056206886 0.509834647
1781254315.428420 1.140626311 -0.159040764 -1.645772457 0.009958895 0.860235751 -0.056280509 0.506683111
1781254315.561924 1.133505940 -0.162291646 -1.685085773 0.010090074 0.862868607 -0.056500591 0.502159119
1781254315.662052 1.132481456 -0.165153086 -1.694612622 0.009956365 0.864108145 -0.056169134 0.500063121
1781254315.795556 1.134671926 -0.163343132 -1.701462388 0.009679460 0.864006579 -0.056845121 0.500167668
1781254315.895683 1.132828832 -0.163489684 -1.700284839 0.009817190 0.864184558 -0.056752842 0.499867857
1781254315.929059 1.130824566 -0.164451331 -1.698310971 0.009404445 0.864338875 -0.056584891 0.499628037
1781254316.095938 1.133481264 -0.164283335 -1.701955676 0.008850202 0.863825798 -0.056805156 0.500499725
1781254316.229441 1.131565452 -0.163165107 -1.698027015 0.008868613 0.863600194 -0.056752570 0.500894427
1781254316.329565 1.133341551 -0.164398909 -1.699976325 0.009002954 0.863628328 -0.056695715 0.500850022
1781254316.463065 1.130668521 -0.163803563 -1.705384374 0.009106249 0.862605870 -0.056486331 0.502630591
1781254316.496439 1.133137465 -0.164769173 -1.704040051 0.008611427 0.863235831 -0.056711599 0.501531243
1781254316.730063 1.127088785 -0.164818957 -1.713556886 0.008848494 0.865175486 -0.057098661 0.498129338
1781254316.830187 1.124735236 -0.164753839 -1.716091871 0.009315389 0.865678549 -0.056765921 0.497284204
1781254316.930312 1.122839689 -0.165029660 -1.718112469 0.009245111 0.865970850 -0.056615584 0.496793389
1781254317.030436 1.123484969 -0.164654896 -1.727979064 0.009233292 0.865965188 -0.057201270 0.496736437
1781254317.097186 1.117995262 -0.165666729 -1.730810881 0.009088061 0.866576552 -0.056891277 0.495707452
1781254317.197313 1.115870476 -0.165155292 -1.736447334 0.009076555 0.867771506 -0.056945518 0.493606597
1781254317.264068 1.112370968 -0.166552290 -1.740527511 0.009177751 0.869010687 -0.056751590 0.491442323
1781254317.397578 1.107571483 -0.166313574 -1.753202915 0.009304396 0.871909022 -0.057142898 0.486233324
1781254317.497711 1.100484371 -0.167230651 -1.760417819 0.009144288 0.874320924 -0.057121474 0.481888503
1781254317.631223 1.095719576 -0.168400794 -1.767101526 0.008512951 0.876216829 -0.058439970 0.478284866
1781254317.697979 1.090842128 -0.168962196 -1.770915151 0.008538847 0.878618896 -0.058494620 0.473850578
1781254317.798112 1.077735066 -0.169716120 -1.781675100 0.009758683 0.887162268 -0.057696916 0.457732469
1781254317.965000 1.063841462 -0.157297432 -1.799042583 0.008918949 0.912224352 -0.064262837 0.404521257
1781254318.098511 1.036573410 -0.159640566 -1.815449595 0.009559194 0.929582119 -0.063936912 0.362901986
1781254318.232016 1.008538008 -0.163112640 -1.824773908 0.009018609 0.945375681 -0.064614810 0.319387734
1781254318.332141 0.992858291 -0.163351148 -1.849585414 0.010954555 0.955167651 -0.065760575 0.288461953
1781254318.432265 0.966042221 -0.159692347 -1.871904850 0.011510842 0.963584006 -0.067751132 0.258424491
1781254318.532389 0.931491673 -0.163440064 -1.881644726 0.010885456 0.971400440 -0.067752294 0.227315590
1781254318.632513 0.904142201 -0.165084064 -1.886805773 0.010622436 0.978842318 -0.067758180 0.192779168
1781254318.766011 0.860638559 -0.167669147 -1.895039558 0.011223959 0.986051381 -0.068013303 0.151495814
1781254318.866134 0.827676177 -0.167449713 -1.898487568 0.011394266 0.990315676 -0.068165615 0.120409988
1781254318.966257 0.797955275 -0.166927904 -1.900524616 0.011254609 0.993688285 -0.068734884 0.087934673
1781254319.066382 0.762786150 -0.170865417 -1.891786814 0.010386460 0.996197701 -0.067897014 0.053592909
1781254319.166505 0.726683795 -0.168851197 -1.892795444 0.013566198 0.997411788 -0.067989022 0.019060878
1781254319.233252 0.710272610 -0.163521603 -1.888953447 -0.011064169 -0.997505367 0.069550484 0.004840172
1781254319.266625 0.694974184 -0.164655879 -1.885628462 -0.010731467 -0.997426033 0.069248810 0.015195830
1781254319.333372 0.670738637 -0.165039748 -1.881651163 -0.012289713 -0.996769667 0.069106698 0.039032720
1781254319.400119 0.653167009 -0.154978126 -1.886929154 -0.013409415 -0.995387852 0.071278274 0.062791266
1781254319.433492 0.632638454 -0.161859348 -1.877030611 -0.013427947 -0.994958460 0.069116950 0.071416296
1781254319.500239 0.618196607 -0.162958995 -1.865007877 -0.012845998 -0.992954075 0.069018297 0.095465653
1781254319.566985 0.585127592 -0.161537737 -1.864994526 -0.012779173 -0.991111040 0.069159843 0.112927280
1781254319.600359 0.577777743 -0.154447287 -1.862444878 -0.012505868 -0.989751577 0.070596568 0.123497695
1781254319.667105 0.584635973 -0.154879242 -1.853679538 -0.015475964 -0.986869574 0.069232695 0.145105943
1781254319.733852 0.561661839 -0.153808326 -1.844376445 -0.015709853 -0.984228134 0.068860903 0.162192509
1781254319.800599 0.539276600 -0.153207406 -1.834305882 -0.015512730 -0.981542885 0.068566293 0.177852735
1781254319.900717 0.506160736 -0.151319116 -1.818518162 -0.015206691 -0.977907479 0.068253368 0.196995541
1781254320.034209 0.457587838 -0.149482131 -1.792153478 -0.015975954 -0.973012865 0.068097942 0.219893962
1781254320.100955 0.438587904 -0.147533372 -1.781749249 -0.015331138 -0.969755650 0.067929000 0.233932957
1781254320.134328 0.425063968 -0.146677405 -1.775958538 -0.015515075 -0.969040513 0.068492167 0.236703798
1781254320.301193 0.454761386 -0.159416020 -1.784447908 -0.023552297 -0.961984456 0.065446861 0.264098495
1781254320.301193 0.454761386 -0.159416020 -1.784447908 -0.023552297 -0.961984456 0.065446861 0.264098495
1781254320.301193 0.454761386 -0.159416020 -1.784447908 -0.023552297 -0.961984456 0.065446861 0.264098495
1781254320.301193 0.454761386 -0.159416020 -1.784447908 -0.023552297 -0.961984456 0.065446861 0.264098495
1781254320.301193 0.454761386 -0.159416020 -1.784447908 -0.023552297 -0.961984456 0.065446861 0.264098495
1781254320.301193 0.454761386 -0.159416020 -1.784447908 -0.023552297 -0.961984456 0.065446861 0.264098495
1781254320.301193 0.454761386 -0.159416020 -1.784447908 -0.023552297 -0.961984456 0.065446861 0.264098495
1781254320.301193 0.454761386 -0.159416020 -1.784447908 -0.023552297 -0.961984456 0.065446861 0.264098495
1781254320.301193 0.454761386 -0.159416020 -1.784447908 -0.023552297 -0.961984456 0.065446861 0.264098495
1781254320.301193 0.454761386 -0.159416020 -1.784447908 -0.023552297 -0.961984456 0.065446861 0.264098495
1781254320.301193 0.454761386 -0.159416020 -1.784447908 -0.023552297 -0.961984456 0.065446861 0.264098495
1781254320.301193 0.454761386 -0.159416020 -1.784447908 -0.023552297 -0.961984456 0.065446861 0.264098495
1781254320.301193 0.454761386 -0.159416020 -1.784447908 -0.023552297 -0.961984456 0.065446861 0.264098495
1781254320.301193 0.454761386 -0.159416020 -1.784447908 -0.023552297 -0.961984456 0.065446861 0.264098495
1781254320.301193 0.454761386 -0.159416020 -1.784447908 -0.023552297 -0.961984456 0.065446861 0.264098495
1781254320.301193 0.454761386 -0.159416020 -1.784447908 -0.023552297 -0.961984456 0.065446861 0.264098495
1781254320.301193 0.454761386 -0.159416020 -1.784447908 -0.023552297 -0.961984456 0.065446861 0.264098495
1781254320.301193 0.454761386 -0.159416020 -1.784447908 -0.023552297 -0.961984456 0.065446861 0.264098495
1781254320.301193 0.454761386 -0.159416020 -1.784447908 -0.023552297 -0.961984456 0.065446861 0.264098495
1781254320.301193 0.454761386 -0.159416020 -1.784447908 -0.023552297 -0.961984456 0.065446861 0.264098495
1781254320.301193 0.454761386 -0.159416020 -1.784447908 -0.023552297 -0.961984456 0.065446861 0.264098495
1781254320.301193 0.454761386 -0.159416020 -1.784447908 -0.023552297 -0.961984456 0.065446861 0.264098495
1781254320.301193 0.454761386 -0.159416020 -1.784447908 -0.023552297 -0.961984456 0.065446861 0.264098495
1781254320.301193 0.454761386 -0.159416020 -1.784447908 -0.023552297 -0.961984456 0.065446861 0.264098495
1781254320.301193 0.454761386 -0.159416020 -1.784447908 -0.023552297 -0.961984456 0.065446861 0.264098495
1781254320.301193 0.454761386 -0.159416020 -1.784447908 -0.023552297 -0.961984456 0.065446861 0.264098495
1781254320.301193 0.454761386 -0.159416020 -1.784447908 -0.023552297 -0.961984456 0.065446861 0.264098495
1781254320.301193 0.454761386 -0.159416020 -1.784447908 -0.023552297 -0.961984456 0.065446861 0.264098495
1781254323.538523 0.000000000 0.000000000 0.000000000 -0.000000000 -0.000000000 -0.000000000 1.000000000
1781254323.571901 0.010705357 0.000095190 -0.003036476 0.000296045 0.015381315 -0.000627685 0.999881506
1781254323.638656 0.031827148 -0.001735401 -0.011567021 0.000548320 0.045563720 -0.002386784 0.998958468
1781254323.705412 0.055336613 -0.002202481 -0.018113825 0.000939676 0.072616160 -0.004205992 0.997350633
1781254323.738790 0.070086651 -0.003405764 -0.022600742 0.000772828 0.085064806 -0.004628855 0.996364415
1781254323.805545 0.090008326 -0.004668561 -0.031553678 0.001339498 0.113384619 -0.006521995 0.993528843
1781254323.838923 0.098122381 -0.005687134 -0.037578497 0.001459468 0.127764955 -0.007319120 0.991776407
1781254323.905679 0.121437944 -0.009269202 -0.049926586 0.001234844 0.151087061 -0.008574877 0.988482475
1781254323.939058 0.132634833 -0.009023365 -0.055781871 0.001763658 0.163775623 -0.009290515 0.986452341
1781254323.972435 0.141791508 -0.010588668 -0.063257374 0.001509895 0.174922585 -0.010132502 0.984528899
1781254324.039191 0.172733665 -0.009047706 -0.078412250 0.002670558 0.194684431 -0.011200246 0.980798364
1781254324.072569 0.182458341 -0.010386796 -0.085818857 0.002689361 0.205995068 -0.011671705 0.978479743
1781254324.139325 0.205283135 -0.010450125 -0.099650145 0.003294893 0.223316252 -0.012768957 0.974656880
1781254324.206078 0.228743643 -0.009808090 -0.115108915 0.004167868 0.239175871 -0.013985420 0.970866621
1781254324.239454 0.239422411 -0.011369720 -0.124974608 0.003785783 0.246886447 -0.014282233 0.968931854
1781254324.272830 0.260869771 -0.010858273 -0.132926881 0.004497701 0.254139364 -0.014678360 0.967045784
1781254324.372956 0.287394047 -0.011128829 -0.154485464 0.004808328 0.275645733 -0.016782375 0.961100817
1781254324.439708 0.310551614 -0.011887637 -0.174333557 0.005587140 0.291687131 -0.018226782 0.956323862
1781254324.506459 0.344749451 -0.013487999 -0.194513440 0.005454201 0.300138086 -0.017847974 0.953713179
1781254324.539834 0.353795409 -0.014481720 -0.203556985 0.005454138 0.306066483 -0.018407371 0.951816559
1781254324.573210 0.362397105 -0.013966359 -0.212575987 0.005548240 0.310576826 -0.019098695 0.950340211
1781254324.639962 0.376947880 -0.014179969 -0.226231530 0.006286235 0.323658288 -0.020469325 0.945931733
1781254324.706713 0.400856882 -0.017628774 -0.246106729 0.005420572 0.331747085 -0.020695213 0.943125784
1781254324.740089 0.408185661 -0.017742295 -0.255053967 0.005744107 0.335733354 -0.021165438 0.941701770
1781254324.773464 0.416638613 -0.019166511 -0.267521858 0.005562446 0.340144902 -0.021457588 0.940111756
1781254324.806840 0.426899552 -0.019499268 -0.272550970 0.005708847 0.345040649 -0.021850375 0.938316047
1781254324.840216 0.427692711 -0.021210833 -0.279419571 0.005507288 0.351030469 -0.022066824 0.936087847
1781254324.873591 0.442687333 -0.020587817 -0.288615704 0.005972404 0.352921009 -0.022250960 0.935369492
1781254324.906966 0.450658798 -0.020742152 -0.296483606 0.005871249 0.357087880 -0.022637697 0.933777988
1781254324.940342 0.457487613 -0.021343136 -0.303931385 0.005819165 0.361022204 -0.022854261 0.932259023
1781254324.973718 0.466040015 -0.021619149 -0.312089026 0.006260910 0.364682257 -0.023422515 0.930816352
1781254325.007093 0.472718656 -0.022694733 -0.319917411 0.005690002 0.368084669 -0.023288276 0.929483175
1781254325.040469 0.478984118 -0.022927230 -0.328841388 0.006069235 0.371714205 -0.023402262 0.928032398
1781254325.073844 0.486034185 -0.023353919 -0.335223228 0.006505392 0.375132501 -0.023903336 0.926640093
1781254325.107220 0.492377341 -0.025121778 -0.343164712 0.005717767 0.377269328 -0.023981182 0.925775409
1781254325.140595 0.497203529 -0.026179289 -0.351538777 0.005854932 0.381608993 -0.023852658 0.923997581
1781254325.173971 0.506179631 -0.024647865 -0.358275384 0.006435875 0.384402514 -0.024534667 0.922817111
1781254325.207349 0.510757446 -0.025785187 -0.365571082 0.006404507 0.387955904 -0.024685020 0.921325147
1781254325.240726 0.516702175 -0.026939759 -0.371912628 0.006237507 0.390812188 -0.024453405 0.920124531
1781254325.307482 0.525759637 -0.026844990 -0.384031922 0.006668516 0.396867335 -0.025374636 0.917500973
1781254325.340860 0.530430079 -0.027670449 -0.389178783 0.006499105 0.399500340 -0.025476713 0.916355968
1781254325.374238 0.534038186 -0.028105630 -0.393827409 0.006487811 0.401780665 -0.025472581 0.915358603
1781254325.407616 0.537993670 -0.027907366 -0.398417622 0.006765337 0.403186530 -0.025662344 0.914732993
1781254325.440993 0.539755464 -0.028103817 -0.401372045 0.006662961 0.405291378 -0.026018763 0.913793027
1781254325.474371 0.542050660 -0.030404722 -0.404990941 0.006002514 0.406774312 -0.025647756 0.913148880
1781254325.507749 0.544365883 -0.029832955 -0.408118099 0.006398162 0.408129692 -0.025793601 0.912537098
1781254325.541127 0.547907948 -0.029637776 -0.410084635 0.006520635 0.409035712 -0.026234711 0.912117958
1781254325.574505 0.548794448 -0.029721741 -0.412032068 0.006372920 0.409683615 -0.026437756 0.911822319
1781254325.607882 0.548668146 -0.030169543 -0.413368136 0.006368096 0.410967886 -0.026169289 0.911251903
1781254325.641260 0.551028073 -0.029834770 -0.416099608 0.006827670 0.411383212 -0.026012324 0.911065698
1781254325.674638 0.551997244 -0.029417204 -0.417085975 0.007030491 0.412256360 -0.026004292 0.910669625
1781254325.708016 0.552141488 -0.029834650 -0.417430162 0.006911772 0.412912101 -0.025839861 0.910378039
1781254325.741394 0.552778065 -0.029046111 -0.416698277 0.007100073 0.413196534 -0.026187792 0.910237610
1781254325.774771 0.552438974 -0.029484974 -0.416360885 0.006895801 0.413044155 -0.025972547 0.910314500
1781254325.808149 0.552063584 -0.029343132 -0.415893346 0.006792286 0.412785351 -0.026258562 0.910424471
1781254325.841527 0.551312447 -0.029354185 -0.415312916 0.006873673 0.412673473 -0.026120592 0.910478473
1781254325.874905 0.550514281 -0.029438816 -0.414431334 0.006901689 0.412446141 -0.026234053 0.910578072
1781254325.908283 0.550240934 -0.029650085 -0.413829654 0.006698316 0.412017614 -0.026199667 0.910774529
1781254325.941661 0.549762189 -0.029461227 -0.413221151 0.006581235 0.411630750 -0.026311720 0.910947025
1781254325.975039 0.549325287 -0.028909016 -0.412659645 0.006747857 0.411474794 -0.026424939 0.911013067
1781254326.008417 0.548886716 -0.029462548 -0.412504524 0.006629034 0.411581039 -0.026369566 0.910967529
1781254326.041796 0.548339367 -0.029629325 -0.412265182 0.006518051 0.411348045 -0.026358368 0.911073864
1781254326.075174 0.547984183 -0.030042877 -0.412180722 0.006254597 0.411067605 -0.026375333 0.911201775
1781254326.108552 0.548584938 -0.029226787 -0.411906123 0.006741746 0.411152989 -0.026315728 0.911161482
1781254326.141929 0.548571229 -0.029052701 -0.411763579 0.006696621 0.411094338 -0.026321158 0.911188185
1781254326.175307 0.548791647 -0.029184749 -0.411540568 0.006612224 0.411004514 -0.026410226 0.911226690
1781254326.208686 0.548500836 -0.029610729 -0.412183315 0.006405831 0.410908937 -0.026405985 0.911271393
1781254326.242064 0.548487246 -0.029626369 -0.412236542 0.006492867 0.410901546 -0.026358677 0.911275446
1781254326.275443 0.548405409 -0.030112633 -0.412311673 0.006367693 0.411175579 -0.026205644 0.911157191
1781254326.308821 0.548397541 -0.029672777 -0.412319392 0.006552837 0.411319852 -0.026327671 0.911087215
1781254326.342200 0.548585296 -0.029698052 -0.412592024 0.006482489 0.411239982 -0.026294636 0.911124766
1781254326.408957 0.548958600 -0.029397357 -0.412852407 0.006529235 0.411333442 -0.026409222 0.911078930
1781254326.442336 0.548670292 -0.029385693 -0.412882775 0.006605009 0.411486268 -0.026412647 0.911009252
1781254326.475715 0.548410118 -0.030175367 -0.413234621 0.006401288 0.411544174 -0.026223220 0.910990059
1781254326.509094 0.549460471 -0.029366437 -0.412953496 0.006635724 0.411495477 -0.026381478 0.911005795
1781254326.542472 0.549375415 -0.029118035 -0.412923604 0.006748697 0.411552608 -0.026336642 0.910980403
1781254326.575851 0.549329638 -0.029450221 -0.413000703 0.006652406 0.411613733 -0.026221089 0.910956860
1781254326.609230 0.548738182 -0.030038631 -0.413071722 0.006451767 0.411830485 -0.026205990 0.910860777
1781254326.642609 0.548967421 -0.029677613 -0.412939996 0.006566190 0.411869168 -0.026273364 0.910840571
1781254326.675987 0.548546791 -0.030099424 -0.413691401 0.006310918 0.411865771 -0.026319975 0.910842538
1781254326.809504 0.549235284 -0.029569585 -0.413315684 0.006578525 0.412010193 -0.026348012 0.910774469
1781254326.842883 0.549156070 -0.029994968 -0.413456559 0.006483810 0.412057519 -0.026175948 0.910758734
1781254326.876262 0.549202681 -0.029666599 -0.413582444 0.006597137 0.412045240 -0.026260095 0.910760999
1781254326.909641 0.549080729 -0.030473325 -0.413704336 0.006363363 0.412111670 -0.026191002 0.910734653
1781254326.976399 0.549415469 -0.029969815 -0.413437247 0.006510585 0.412196666 -0.026282733 0.910692453
1781254327.009778 0.549604058 -0.030127916 -0.413738936 0.006463756 0.412139475 -0.026151747 0.910722435
1781254327.043157 0.549551368 -0.030069577 -0.413547039 0.006460337 0.412189901 -0.026240587 0.910697162
1781254327.076536 0.549768388 -0.029745726 -0.413711041 0.006537650 0.412162900 -0.026278995 0.910707653
1781254327.109915 0.549787998 -0.029837396 -0.413806409 0.006539364 0.412162781 -0.026282107 0.910707653
1781254327.143294 0.549993157 -0.029620266 -0.414038628 0.006579758 0.412084371 -0.026299218 0.910742342
1781254327.210048 0.550173998 -0.029826637 -0.414113909 0.006520085 0.412086397 -0.026285484 0.910742223
1781254327.243423 0.550311744 -0.029448044 -0.413910240 0.006620458 0.412104309 -0.026276179 0.910733700
1781254327.276797 0.550539613 -0.029352484 -0.413704306 0.006665250 0.412103355 -0.026342275 0.910731852
1781254327.310172 0.550356627 -0.029670952 -0.414255023 0.006551405 0.412032664 -0.026208481 0.910768509
1781254327.343546 0.550100148 -0.029950509 -0.413994640 0.006388979 0.412183642 -0.026320679 0.910698175
1781254327.376921 0.550389767 -0.029842261 -0.414012611 0.006487755 0.412111968 -0.026289808 0.910730839
1781254327.410295 0.550543368 -0.029526176 -0.413733274 0.006525340 0.412176192 -0.026438091 0.910697162
1781254327.443671 0.550350785 -0.029787580 -0.413823754 0.006499414 0.412146807 -0.026300529 0.910714626
1781254327.477045 0.550216436 -0.029883916 -0.414008170 0.006486644 0.412170708 -0.026262255 0.910704970
1781254327.510420 0.550483763 -0.028984763 -0.413639754 0.006741005 0.412218511 -0.026442930 0.910676301
1781254327.543794 0.550088286 -0.030068187 -0.414329797 0.006395859 0.412088305 -0.026215078 0.910744309
1781254327.577169 0.550379217 -0.029715262 -0.413805336 0.006491922 0.412237406 -0.026418390 0.910670221
1781254327.610543 0.550730109 -0.029385757 -0.414219409 0.006569373 0.412071615 -0.026349720 0.910746694
1781254327.643918 0.550282836 -0.029265722 -0.413658828 0.006625322 0.412322670 -0.026439248 0.910630107
1781254327.677292 0.550680757 -0.029180989 -0.413976878 0.006650622 0.412145734 -0.026387399 0.910711527
1781254327.710666 0.550521791 -0.029468603 -0.413852841 0.006531762 0.412189335 -0.026381534 0.910692811
1781254327.744041 0.550394833 -0.029933026 -0.413756639 0.006411140 0.412284166 -0.026345100 0.910651803
1781254327.777415 0.550124168 -0.029886622 -0.414218664 0.006459680 0.412227601 -0.026312662 0.910677969
1781254327.810790 0.550121844 -0.029720375 -0.413917035 0.006493844 0.412270963 -0.026385069 0.910655975
1781254327.844164 0.550451159 -0.029545862 -0.414047629 0.006509190 0.412201017 -0.026383627 0.910687625
1781254327.877539 0.550716817 -0.029422965 -0.413627088 0.006588838 0.412259966 -0.026338542 0.910661638
1781254327.910913 0.550553381 -0.029549865 -0.414004564 0.006523334 0.412234157 -0.026422752 0.910671413
1781254327.944287 0.550614595 -0.029906441 -0.414194256 0.006498804 0.412195593 -0.026288223 0.910692871
1781254327.977662 0.550483346 -0.029756978 -0.414189458 0.006475667 0.412202001 -0.026399102 0.910686910
1781254328.011036 0.550434172 -0.030081751 -0.414353997 0.006440141 0.412170976 -0.026195681 0.910707176
1781254328.044410 0.550812483 -0.029433312 -0.414263368 0.006576989 0.412158281 -0.026374586 0.910706699
1781254328.077785 0.550640345 -0.029565236 -0.413928568 0.006617154 0.412199378 -0.026284590 0.910690486
1781254328.111159 0.550688446 -0.029787075 -0.413974166 0.006497978 0.412209064 -0.026295526 0.910686553
1781254328.144534 0.550601721 -0.029754911 -0.414053559 0.006421526 0.412214696 -0.026365692 0.910682559
1781254328.211286 0.550798059 -0.029943543 -0.414243251 0.006428484 0.412171751 -0.026346795 0.910702467
1781254328.244663 0.550858736 -0.029512996 -0.414061964 0.006518809 0.412190944 -0.026340257 0.910693347
1781254328.278041 0.550563097 -0.029604292 -0.414413154 0.006509135 0.412197322 -0.026395502 0.910688937
1781254328.311419 0.550192595 -0.030254589 -0.414027691 0.006317153 0.412327051 -0.026258308 0.910635531
1781254328.344796 0.550409973 -0.029945174 -0.414412856 0.006394066 0.412183255 -0.026320809 0.910698235
1781254328.378174 0.550449491 -0.029826118 -0.414188445 0.006407619 0.412260771 -0.026347892 0.910662293
1781254328.411551 0.550562561 -0.029751064 -0.414237052 0.006475844 0.412220359 -0.026304465 0.910681367
1781254328.444929 0.551102996 -0.029358905 -0.413886964 0.006616679 0.412192672 -0.026346397 0.910691679
1781254328.478307 0.550605476 -0.030020336 -0.414417714 0.006404864 0.412177384 -0.026247263 0.910702944
1781254328.511685 0.550651789 -0.029739916 -0.413824975 0.006545787 0.412271291 -0.026267491 0.910658956
1781254328.545062 0.550535023 -0.029503532 -0.414292842 0.006524633 0.412194192 -0.026341433 0.910691798
1781254328.578440 0.550200462 -0.029964361 -0.414760977 0.006452800 0.412177175 -0.026342113 0.910700023
1781254328.611817 0.550696373 -0.029644225 -0.414242923 0.006569892 0.412221760 -0.026306843 0.910679996
1781254328.645195 0.550838351 -0.029463036 -0.414277762 0.006570108 0.412170678 -0.026399063 0.910700440
1781254328.678573 0.550624251 -0.029684169 -0.414280593 0.006459848 0.412246495 -0.026394039 0.910667121
1781254328.745328 0.550702929 -0.029939987 -0.414619356 0.006476799 0.412162602 -0.026310438 0.910707295
1781254328.778706 0.550243080 -0.030089879 -0.414275914 0.006408259 0.412322402 -0.026323425 0.910635173
1781254328.812084 0.550444484 -0.029758863 -0.414478630 0.006523372 0.412245244 -0.026351070 0.910668373
1781254328.845462 0.550972104 -0.029466003 -0.414330274 0.006602162 0.412137181 -0.026321430 0.910717666
1781254328.878840 0.550416231 -0.029930016 -0.414249212 0.006469954 0.412256658 -0.026256939 0.910666406
1781254328.912218 0.550524294 -0.029818835 -0.413940728 0.006427081 0.412360370 -0.026399039 0.910615563
1781254328.945596 0.550542116 -0.029918121 -0.414482474 0.006361795 0.412212074 -0.026287137 0.910686433
1781254328.978973 0.550468683 -0.029587796 -0.414305657 0.006514885 0.412307084 -0.026432626 0.910638154
1781254329.012351 0.550715625 -0.029665645 -0.414194643 0.006494867 0.412240207 -0.026390160 0.910669804
1781254329.045729 0.550600052 -0.029879062 -0.414154738 0.006444938 0.412253737 -0.026307648 0.910666406
1781254329.079107 0.550330520 -0.029872341 -0.414301723 0.006421985 0.412322819 -0.026405966 0.910632491
1781254329.112485 0.550249934 -0.029810628 -0.414294869 0.006386165 0.412363827 -0.026436942 0.910613179
1781254329.145862 0.550174236 -0.029927166 -0.414139509 0.006391565 0.412419051 -0.026417386 0.910588741
1781254329.179240 0.550717831 -0.029438755 -0.414205819 0.006545759 0.412214071 -0.026379067 0.910681546
1781254329.212617 0.550690055 -0.029738557 -0.414134890 0.006493473 0.412287623 -0.026305031 0.910650849
1781254329.245995 0.550528884 -0.029821565 -0.414453596 0.006498569 0.412221313 -0.026349131 0.910679519
1781254329.279372 0.550107658 -0.029864676 -0.413866669 0.006474267 0.412466854 -0.026361542 0.910568178
1781254329.312750 0.550676346 -0.029804721 -0.414356619 0.006401632 0.412223727 -0.026416540 0.910677135
1781254329.346127 0.550574064 -0.029615473 -0.414226413 0.006458336 0.412328362 -0.026373712 0.910630643
1781254329.379505 0.550405622 -0.029508842 -0.414014816 0.006547948 0.412378520 -0.026357433 0.910607755
1781254329.412882 0.550407708 -0.029794585 -0.414250314 0.006430538 0.412311226 -0.026351051 0.910639226
1781254329.446260 0.550669551 -0.029719915 -0.413900077 0.006498571 0.412378132 -0.026305383 0.910609782
1781254329.479637 0.550329745 -0.030154852 -0.414460480 0.006335731 0.412321359 -0.026278604 0.910637438
1781254329.513015 0.550185263 -0.029938487 -0.414425284 0.006456274 0.412305295 -0.026355375 0.910641551
1781254329.546393 0.550393641 -0.029895002 -0.414734632 0.006457292 0.412210494 -0.026299378 0.910686135
1781254329.579771 0.550587296 -0.029902432 -0.414249510 0.006517797 0.412289202 -0.026356850 0.910648346
1781254329.613148 0.550576866 -0.029796259 -0.414320916 0.006485734 0.412257850 -0.026322767 0.910663784
1781254329.646526 0.550477982 -0.029689688 -0.413916230 0.006483556 0.412432104 -0.026387651 0.910583079
1781254329.679904 0.550476015 -0.029920008 -0.414166063 0.006456552 0.412322432 -0.026348993 0.910633981
1781254329.713281 0.550337613 -0.029977635 -0.414248407 0.006429071 0.412380487 -0.026284697 0.910609841
1781254329.746659 0.550856173 -0.029706577 -0.414033860 0.006533018 0.412230432 -0.026299043 0.910676599
1781254329.780036 0.550512016 -0.030184681 -0.413897455 0.006362254 0.412381947 -0.026280001 0.910609663
1781254329.813414 0.550673962 -0.029824663 -0.414146692 0.006481966 0.412273854 -0.026342047 0.910656095
1781254329.846792 0.550506234 -0.029879034 -0.414107829 0.006467316 0.412366450 -0.026369520 0.910613418
1781254329.880169 0.550875843 -0.029374387 -0.414106697 0.006596190 0.412283987 -0.026336711 0.910650790
1781254329.913547 0.550796986 -0.029841814 -0.414160967 0.006508298 0.412256300 -0.026278991 0.910665631
1781254329.946925 0.550827622 -0.029859278 -0.414528310 0.006503374 0.412135631 -0.026201179 0.910722494
1781254329.980303 0.550554037 -0.029850142 -0.414304703 0.006396887 0.412314653 -0.026395589 0.910636604
1781254330.013680 0.550550222 -0.029869627 -0.414210647 0.006458205 0.412312418 -0.026356682 0.910638273
1781254330.047058 0.550652802 -0.030110825 -0.414208114 0.006425735 0.412288547 -0.026200762 0.910653830
1781254330.080436 0.550534308 -0.029860012 -0.413986146 0.006467660 0.412345201 -0.026355753 0.910623431
1781254330.113813 0.550760388 -0.029686529 -0.414125949 0.006538237 0.412296176 -0.026401840 0.910643816
1781254330.147191 0.550783336 -0.029635260 -0.413999051 0.006589423 0.412298769 -0.026357446 0.910643578
1781254330.180569 0.550679326 -0.029896675 -0.414161742 0.006474728 0.412356973 -0.026322220 0.910619080
1781254330.213948 0.550427556 -0.030028170 -0.414096028 0.006406720 0.412382245 -0.026375890 0.910606563
1781254330.247329 0.550555170 -0.029641032 -0.414183259 0.006544433 0.412351608 -0.026379863 0.910619259
1781254330.280709 0.550419867 -0.029592771 -0.413847059 0.006567252 0.412447363 -0.026343578 0.910576820
1781254330.314088 0.550032735 -0.030141285 -0.414235502 0.006351410 0.412408710 -0.026319226 0.910596550
1781254330.347468 0.550034106 -0.029669005 -0.414241821 0.006531478 0.412418038 -0.026465686 0.910586774
1781254330.380848 0.550753772 -0.029935006 -0.414272189 0.006440923 0.412231833 -0.026248790 0.910678089
1781254330.414227 0.550468981 -0.030222213 -0.414446503 0.006369329 0.412273556 -0.026302779 0.910658121
1781254330.447608 0.550388217 -0.029726539 -0.414063692 0.006508125 0.412432104 -0.026322901 0.910584748
1781254330.480987 0.550559819 -0.029941579 -0.414237201 0.006549542 0.412325650 -0.026258036 0.910634518
1781254330.514367 0.550298214 -0.030112917 -0.414177179 0.006373473 0.412406147 -0.026342863 0.910596907
1781254330.547747 0.550524831 -0.029932929 -0.414281130 0.006437601 0.412344396 -0.026323928 0.910624921
1781254330.614506 0.550372839 -0.030003356 -0.414262235 0.006406804 0.412399560 -0.026317302 0.910600424
1781254330.647887 0.550324321 -0.029874872 -0.414369226 0.006505993 0.412390888 -0.026338171 0.910603046
1781254330.681266 0.550184011 -0.030335454 -0.414425641 0.006344345 0.412358761 -0.026209863 0.910622418
1781254330.714646 0.550776839 -0.029704647 -0.414501309 0.006554157 0.412207723 -0.026329855 0.910685837
1781254330.748026 0.550659776 -0.029628936 -0.413946927 0.006525080 0.412424058 -0.026375808 0.910586715
1781254330.781406 0.550741196 -0.029519014 -0.414220273 0.006576103 0.412279218 -0.026383381 0.910651684
1781254330.814786 0.550579548 -0.029948315 -0.414116502 0.006461093 0.412359953 -0.026301136 0.910618365
1781254330.848166 0.550816178 -0.029501241 -0.414064050 0.006581576 0.412326932 -0.026493665 0.910626948
1781254330.881546 0.550699592 -0.029818986 -0.414154738 0.006550577 0.412296355 -0.026326494 0.910645843
1781254330.914927 0.550574303 -0.029869342 -0.414098680 0.006479481 0.412333697 -0.026373420 0.910628080
1781254330.948308 0.550213218 -0.030343132 -0.414442837 0.006398074 0.412317753 -0.026236476 0.910639822
1781254330.981688 0.550104678 -0.030146327 -0.414444417 0.006366632 0.412376821 -0.026321206 0.910610855
1781254331.015068 0.550273478 -0.029915778 -0.414377868 0.006484700 0.412365466 -0.026290251 0.910616100
1781254331.048448 0.550159454 -0.029904680 -0.414264500 0.006493663 0.412410468 -0.026266556 0.910596251
1781254331.081828 0.550614715 -0.029779539 -0.414101660 0.006488072 0.412370980 -0.026370790 0.910611212
1781254331.115208 0.550508499 -0.029419450 -0.414337575 0.006654263 0.412367076 -0.026382344 0.910611391
1781254331.148589 0.550044537 -0.030017978 -0.414399892 0.006606034 0.412473649 -0.026188226 0.910569072
1781254331.181969 0.550250292 -0.029552812 -0.414138794 0.006703485 0.412506819 -0.026300162 0.910550177
1781254331.215347 0.550267816 -0.029626541 -0.414391935 0.006615420 0.412470341 -0.026354512 0.910565674
1781254331.248725 0.550374627 -0.029613338 -0.414051056 0.006578889 0.412508011 -0.026354274 0.910548925
1781254331.282104 0.549829245 -0.030394167 -0.414281726 0.006343112 0.412588537 -0.026306836 0.910515487
1781254331.315482 0.550105214 -0.029748034 -0.414025038 0.006554738 0.412610173 -0.026349960 0.910502970
1781254331.348860 0.550285041 -0.029787216 -0.414353848 0.006645085 0.412507385 -0.026236797 0.910552084
