0.000000 0.000000 0.000000 -0.169358 -0.004179 -0.045258
0.000000 0.000000 0.000000 -0.024150 -0.003147 -0.053962
0.000000 0.000000 0.000000 -0.004947 -0.003808 -0.063512
0.000000 0.000000 0.000000 -0.024715 -0.002596 -0.058396
0.000000 0.000000 0.000000 -0.051912 -0.112716 -0.024534
0.000000 0.000000 0.000000 -0.125903 -0.166863 -0.046924
0.000000 0.000000 0.000000 -0.164609 -0.107653 0.015293
0.000000 0.000000 0.000000 -0.000339 -0.074568 0.091183
0.000000 0.000000 0.000000 -0.077797 -0.224626 0.025595
0.000000 0.000000 0.000000 0.012709 -0.152074 0.067702
0.000000 0.000000 0.000000 -0.204720 -0.148053 0.098656
0.000000 0.000000 0.000000 -0.034417 0.010239 0.106888
-0.169358 -0.004179 -0.045258 0.000000 0.000000 0.000000
-0.169358 -0.004179 -0.045258 -0.164042 -0.129659 0.037583
-0.024150 -0.003147 -0.053962 0.000000 0.000000 0.000000
-0.024150 -0.003147 -0.053962 -0.149891 -0.206604 -0.083160
-0.004947 -0.003808 -0.063512 0.000000 0.000000 0.000000
-0.024715 -0.002596 -0.058396 0.000000 0.000000 0.000000
-0.051912 -0.112716 -0.024534 0.000000 0.000000 0.000000
-0.051912 -0.112716 -0.024534 -0.134432 -0.219319 -0.292228
-0.051912 -0.112716 -0.024534 0.067405 -0.225279 -0.035347
-0.051912 -0.112716 -0.024534 -0.039990 -0.293059 0.202203
-0.125903 -0.166863 -0.046924 0.000000 0.000000 0.000000
-0.164609 -0.107653 0.015293 0.000000 0.000000 0.000000
-0.000339 -0.074568 0.091183 0.000000 0.000000 0.000000
-0.077797 -0.224626 0.025595 0.000000 0.000000 0.000000
-0.164042 -0.129659 0.037583 -0.169358 -0.004179 -0.045258
0.012709 -0.152074 0.067702 0.000000 0.000000 0.000000
-0.149891 -0.206604 -0.083160 -0.024150 -0.003147 -0.053962
-0.134432 -0.219319 -0.292228 -0.051912 -0.112716 -0.024534
0.067405 -0.225279 -0.035347 -0.051912 -0.112716 -0.024534
-0.039990 -0.293059 0.202203 -0.051912 -0.112716 -0.024534
-0.204720 -0.148053 0.098656 0.000000 0.000000 0.000000
-0.034417 0.010239 0.106888 0.000000 0.000000 0.000000
