1781254341.243472 0.000000 0.000000 0.000000 0.000000 0.000000 0.000000 1.000000
1781254343.432657 0.171251 0.008301 0.015417 0.001814 -0.000623 -0.001743 0.999997
1781254344.568444 0.442607 0.001939 0.066958 -0.000566 -0.034551 -0.000394 0.999403
1781254345.803616 0.771507 0.010694 0.157709 0.002559 -0.059075 0.001714 0.998249
1781254346.871736 1.116109 0.006023 0.199000 0.003337 -0.009528 -0.000208 0.999949
1781254348.073378 1.496174 -0.007093 0.162155 0.000896 0.078250 -0.006893 0.996910
1781254349.341666 1.834020 -0.005893 0.172809 0.003344 0.054947 -0.008971 0.998443
1781254350.476393 2.132560 -0.003657 0.163321 0.006494 0.058312 -0.009561 0.998232
1781254351.477705 2.414836 -0.026214 0.120656 0.001823 0.087135 -0.008995 0.996154
1781254352.579389 2.718021 -0.027077 0.028166 0.009117 0.224194 -0.016757 0.974358
1781254353.680846 2.943385 -0.036117 -0.131250 0.014728 0.411128 -0.021622 0.911202
1781254354.782164 3.040078 -0.032711 -0.312298 0.019750 0.593297 -0.031760 0.804114
1781254355.883478 3.068130 -0.048496 -0.591763 0.018168 0.736404 -0.040307 0.675096
1781254356.884728 2.995236 -0.067890 -0.798993 0.015116 0.832495 -0.042716 0.552177
1781254358.086221 2.817796 -0.081708 -0.993682 0.013343 0.931970 -0.045925 0.359368
1781254359.187655 2.617478 -0.083562 -1.077381 0.013313 0.983000 -0.049502 0.176306
1781254360.255704 2.407058 -0.081464 -1.059733 0.011972 0.997682 -0.050783 -0.043685
1781254361.357143 2.187658 -0.077590 -0.959384 0.011917 0.966794 -0.049939 -0.250345
1781254362.358416 2.022162 -0.061699 -0.829851 0.011377 0.931767 -0.050396 -0.359362
1781254363.393049 1.802091 -0.047232 -0.666613 0.011155 0.932658 -0.051196 -0.356937
1781254364.427748 1.587018 -0.047531 -0.580569 0.012158 0.953470 -0.051452 -0.296817
1781254365.529213 1.334479 -0.043677 -0.554084 0.012134 0.980345 -0.052258 -0.189857
1781254366.664006 1.128802 -0.040740 -0.595628 0.013260 0.995503 -0.055286 -0.075773
1781254367.665338 0.936365 -0.040420 -0.698326 0.013834 0.996859 -0.056059 0.054199
1781254368.700050 0.776510 -0.039449 -0.850296 0.012853 0.981138 -0.056152 0.184527
1781254369.701525 0.653255 -0.049095 -1.041025 0.011809 0.946471 -0.055420 0.317775
1781254370.705091 0.573286 -0.064127 -1.251291 0.009693 0.900139 -0.052093 0.432368
1781254371.806186 0.465764 -0.069483 -1.424212 0.009914 0.920839 -0.054937 0.385927
1781254372.840557 0.301813 -0.073719 -1.478966 0.010014 0.973903 -0.059121 0.218901
1781254373.875004 0.103827 -0.071330 -1.485029 0.008968 0.997611 -0.061162 0.030826
1781254374.876050 0.001489 -0.069022 -1.446858 0.009007 0.996068 -0.062089 -0.062546
1781254377.011616 -0.140062 -0.061933 -1.269877 0.010276 0.987764 -0.059793 -0.143668
1781254378.246219 -0.262647 -0.052705 -1.111860 0.010373 0.978164 -0.058886 -0.199046
1781254379.247360 -0.378820 -0.044831 -0.970448 0.009469 0.967341 -0.058716 -0.246403
1781254380.248483 -0.517182 -0.037444 -0.843758 0.009069 0.962614 -0.058523 -0.264323
1781254381.249528 -0.690521 -0.026010 -0.681641 0.011520 0.952774 -0.058166 -0.297836
1781254382.317338 -0.815810 -0.011597 -0.528406 0.010913 0.921002 -0.058072 -0.385051
1781254383.485277 -0.837600 0.004192 -0.352864 0.008665 0.869587 -0.055641 -0.490559
1781254384.619795 -0.721173 0.009659 -0.142312 -0.007898 -0.760926 0.048583 0.646969
1781254385.620913 -0.556867 0.008574 -0.060934 -0.006232 -0.640450 0.040114 0.766926
1781254386.623380 -0.391416 0.001112 -0.014210 -0.007282 -0.511152 0.031495 0.858882
1781254387.625299 -0.269706 -0.000269 -0.001227 -0.006863 -0.392072 0.023531 0.919608
1781254388.626590 -0.169358 -0.004179 -0.045258 -0.005707 -0.285008 0.016769 0.958361
1781254390.762583 -0.024150 -0.003147 -0.053962 -0.003573 -0.093357 0.004989 0.995614
1781254391.763835 -0.004947 -0.003808 -0.063512 -0.002873 0.001444 -0.000085 0.999995
1781254392.764976 -0.024715 -0.002596 -0.058396 -0.002179 0.055565 -0.002300 0.998450
1781254396.970158 -0.051912 -0.112716 -0.024534 0.009466 0.036901 -0.006004 0.999256
1781254398.104919 -0.125903 -0.166863 -0.046924 0.040451 -0.059644 -0.040885 0.996561
1781254399.306690 -0.164609 -0.107653 0.015293 -0.069682 -0.128613 -0.006804 0.989220
1781254400.308068 -0.000339 -0.074568 0.091183 -0.112079 0.098791 0.001175 0.988776
1781254401.309247 0.046484 -0.170021 0.091730 0.008413 0.171508 -0.054308 0.983649
1781254402.343766 -0.077797 -0.224626 0.025595 0.030898 -0.010888 -0.050738 0.998175
1781254403.378486 -0.164042 -0.129659 0.037583 -0.088431 -0.108015 -0.011328 0.990144
1781254404.680198 0.012709 -0.152074 0.067702 0.006382 0.045661 -0.053154 0.997521
1781254406.749478 -0.045868 -0.260448 -0.026769 0.093491 -0.019096 -0.074052 0.992679
1781254407.817518 -0.149891 -0.206604 -0.083160 0.003288 -0.106446 -0.031706 0.993807
1781254408.818794 -0.134432 -0.219319 -0.292228 0.012324 -0.033424 -0.021762 0.999128
1781254409.853331 0.067405 -0.225279 -0.035347 -0.008606 0.038729 -0.032204 0.998694
1781254410.854640 -0.039990 -0.293059 0.202203 0.013617 0.167565 -0.049166 0.984540
1781254412.056293 -0.204720 -0.148053 0.098656 0.002743 -0.021281 -0.005353 0.999755
1781254413.391335 -0.034417 0.010239 0.106888 -0.001527 0.012265 0.001165 0.999923
