1781254341.179440 0.0000000 0.0000000 0.0000000 -0.0000000 -0.0000000 -0.0000000 1.0000000
1781254343.299146 0.1407789 -0.0038369 0.0059352 -0.0004159 0.0025720 -0.0013069 0.9999958
1781254343.332524 0.1475293 -0.0040696 0.0064850 -0.0003987 0.0020965 -0.0012977 0.9999969
1781254343.532792 0.1918177 -0.0045390 0.0128776 -0.0004895 -0.0041107 -0.0008999 0.9999910
1781254343.799981 0.2538378 -0.0047269 0.0229720 -0.0007498 -0.0118800 -0.0006003 0.9999290
1781254344.067233 0.3166274 -0.0051566 0.0348028 -0.0013576 -0.0197026 -0.0004009 0.9998049
1781254344.367943 0.3926440 -0.0061300 0.0498552 -0.0019825 -0.0305606 0.0001119 0.9995310
1781254344.635209 0.4645873 -0.0044159 0.0670041 -0.0015598 -0.0383871 0.0004720 0.9992616
1781254344.969039 0.5517669 -0.0043598 0.0879129 -0.0021787 -0.0471157 0.0003036 0.9988870
1781254345.269500 0.6341531 -0.0059461 0.1074538 -0.0028426 -0.0566578 0.0007895 0.9983893
1781254345.536583 0.7075689 -0.0064404 0.1270855 -0.0030264 -0.0623743 0.0012684 0.9980474
1781254345.736860 0.7652329 -0.0068463 0.1424402 -0.0027127 -0.0636877 0.0014174 0.9979652
1781254345.937128 0.8222309 -0.0056427 0.1590445 -0.0023241 -0.0651989 0.0013890 0.9978687
1781254346.104018 0.8732823 -0.0050331 0.1706937 -0.0012728 -0.0622265 0.0014050 0.9980603
1781254346.304287 0.9399381 -0.0058628 0.1830073 -0.0012349 -0.0552820 0.0017621 0.9984685
1781254346.504557 1.0072418 -0.0081297 0.1917333 -0.0016041 -0.0439360 0.0008166 0.9990327
1781254346.671454 1.0656669 -0.0085587 0.1960895 -0.0011953 -0.0313956 0.0009743 0.9995059
1781254346.905116 1.1460494 -0.0124962 0.1930396 -0.0017096 -0.0119540 -0.0001406 0.9999271
1781254347.138783 1.2304623 -0.0154328 0.1860819 -0.0015939 0.0084145 -0.0015400 0.9999622
1781254347.405834 1.3227497 -0.0155012 0.1783237 -0.0006507 0.0329924 -0.0036723 0.9994487
1781254347.706246 1.4160866 -0.0157001 0.1683968 0.0000752 0.0570756 -0.0057595 0.9983532
1781254348.106753 1.5270326 -0.0187119 0.1644077 -0.0007917 0.0730954 -0.0072113 0.9972986
1781254348.540630 1.6430174 -0.0202712 0.1689718 -0.0009996 0.0650985 -0.0069484 0.9978542
1781254348.907771 1.7403928 -0.0233181 0.1732663 -0.0017687 0.0582615 -0.0073924 0.9982724
1781254349.241537 1.8220015 -0.0252957 0.1745848 -0.0016720 0.0531327 -0.0074823 0.9985580
1781254349.575301 1.9025918 -0.0273380 0.1719106 -0.0017919 0.0519152 -0.0078584 0.9986190
1781254349.875668 1.9812671 -0.0277039 0.1695711 -0.0018192 0.0522848 -0.0074517 0.9986027
1781254350.142659 2.0518277 -0.0278965 0.1674505 -0.0013107 0.0547252 -0.0075837 0.9984718
1781254350.342900 2.1044843 -0.0276445 0.1651655 -0.0008201 0.0566892 -0.0072856 0.9983650
1781254350.576513 2.1672904 -0.0285510 0.1622597 -0.0006378 0.0578395 -0.0075025 0.9982975
1781254350.776777 2.2238305 -0.0294755 0.1583985 0.0002259 0.0599938 -0.0077068 0.9981690
1781254351.043797 2.3006282 -0.0329006 0.1514990 0.0000123 0.0645300 -0.0078736 0.9978848
1781254351.410950 2.4042273 -0.0385230 0.1341887 -0.0010762 0.0815494 -0.0082164 0.9966348
1781254351.711367 2.4910831 -0.0416772 0.1113906 -0.0004457 0.1053003 -0.0102486 0.9943876
1781254352.045214 2.5911078 -0.0479459 0.0777557 -0.0011427 0.1325289 -0.0124147 0.9911007
1781254352.312299 2.6748159 -0.0532235 0.0456851 -0.0019224 0.1653858 -0.0133295 0.9861370
1781254352.546002 2.7421205 -0.0566100 0.0136257 -0.0015288 0.2102448 -0.0160745 0.9775155
1781254352.913172 2.8295846 -0.0643231 -0.0349202 -0.0025005 0.2938717 -0.0214245 0.9556015
1781254353.714220 2.9748797 -0.0792247 -0.1403595 -0.0006881 0.4125660 -0.0280849 0.9104944
1781254354.715418 3.0401051 -0.0881106 -0.2809565 0.0026267 0.5881494 -0.0407187 0.8077224
1781254355.216007 3.0559428 -0.0906305 -0.3865809 0.0051608 0.6642465 -0.0461101 0.7460723
1781254355.683225 3.0561967 -0.0935185 -0.4928846 0.0072347 0.7252078 -0.0514541 0.6865667
1781254356.550987 3.0135825 -0.1055713 -0.6601050 0.0105605 0.8128085 -0.0567492 0.5796641
1781254357.351956 2.9207439 -0.1113236 -0.8093438 0.0118356 0.8869945 -0.0630508 0.4573022
1781254358.086222 2.7990117 -0.1189276 -0.9060628 0.0138486 0.9403334 -0.0647133 0.3337567
1781254358.586885 2.7064452 -0.1244561 -0.9455771 0.0144438 0.9656222 -0.0652667 0.2512076
1781254358.954022 2.6377447 -0.1272279 -0.9596899 0.0149524 0.9795485 -0.0654705 0.1896701
1781254359.321158 2.5710793 -0.1270557 -0.9674361 0.0163715 0.9897132 -0.0659647 0.1258906
1781254359.588165 2.5171216 -0.1257998 -0.9647193 0.0176048 0.9947867 -0.0660933 0.0756388
1781254359.855181 2.4638617 -0.1237551 -0.9583728 0.0179957 0.9974448 -0.0658180 0.0211675
1781254360.155573 2.4034154 -0.1201159 -0.9439520 -0.0188225 -0.9966451 0.0654313 0.0454202
1781254360.489344 2.3352120 -0.1153103 -0.9168079 -0.0194553 -0.9905529 0.0649397 0.1192030
1781254360.823112 2.2705326 -0.1117368 -0.8834177 -0.0203491 -0.9800816 0.0640831 0.1868674
1781254361.090127 2.2210112 -0.1099058 -0.8508282 -0.0208505 -0.9713238 0.0631584 0.2282682
1781254361.457274 2.1572719 -0.1067864 -0.8088499 -0.0204894 -0.9571012 0.0615382 0.2824016
1781254361.791035 2.1056676 -0.1035538 -0.7640953 -0.0207249 -0.9439844 0.0600863 0.3238111
1781254362.124789 2.0490050 -0.0986553 -0.7146226 -0.0204784 -0.9321114 0.0591752 0.3567174
1781254362.491916 1.9850653 -0.0923398 -0.6539317 -0.0205101 -0.9225281 0.0587248 0.3808842
1781254362.758919 1.9338454 -0.0880304 -0.6058432 -0.0201766 -0.9201501 0.0583001 0.3866753
1781254363.092671 1.8631395 -0.0832896 -0.5484272 -0.0204298 -0.9220704 0.0583320 0.3820553
1781254363.459799 1.7818931 -0.0763083 -0.4971986 -0.0206641 -0.9296501 0.0589059 0.3631169
1781254363.960457 1.6801867 -0.0677767 -0.4462595 -0.0198543 -0.9384403 0.0600115 0.3396089
1781254364.294236 1.6141794 -0.0639532 -0.4207017 -0.0197125 -0.9464920 0.0606977 0.3163547
1781254364.628017 1.5464735 -0.0604248 -0.4071010 -0.0196350 -0.9556049 0.0614744 0.2874973
1781254364.995170 1.4669625 -0.0574018 -0.3946633 -0.0196120 -0.9646141 0.0621752 0.2554786
1781254365.295569 1.4000680 -0.0556321 -0.3921909 -0.0189562 -0.9727602 0.0625242 0.2224163
1781254365.595969 1.3342463 -0.0549607 -0.3923860 -0.0185445 -0.9795868 0.0629230 0.1900174
1781254365.929729 1.2644681 -0.0547226 -0.4002749 -0.0180089 -0.9859405 0.0634678 0.1535218
1781254366.230115 1.2044837 -0.0548626 -0.4122205 -0.0173514 -0.9908618 0.0644121 0.1172307
1781254366.463747 1.1590052 -0.0557200 -0.4231194 -0.0170536 -0.9938771 0.0646630 0.0879560
1781254366.730762 1.1097386 -0.0560764 -0.4432898 -0.0163885 -0.9961971 0.0652420 0.0553736
1781254367.064538 1.0432882 -0.0569270 -0.4726804 -0.0162330 -0.9976510 0.0656485 0.0109220
1781254367.364938 0.9839965 -0.0583911 -0.5074462 0.0158638 0.9972186 -0.0653181 0.0322011
1781254367.798849 0.9092952 -0.0615528 -0.5600002 0.0155830 0.9940060 -0.0651242 0.0864177
1781254368.166005 0.8506455 -0.0641146 -0.6117277 0.0155108 0.9889833 -0.0641133 0.1325183
1781254368.533162 0.7969022 -0.0666131 -0.6689886 0.0148053 0.9817364 -0.0632271 0.1788207
1781254368.833561 0.7562737 -0.0691259 -0.7229779 0.0141752 0.9740930 -0.0624136 0.2169023
1781254369.200714 0.7084758 -0.0737892 -0.7942537 0.0127579 0.9609376 -0.0623620 0.2693459
1781254369.467734 0.6791405 -0.0766450 -0.8483571 0.0120769 0.9503156 -0.0622424 0.3047627
1781254369.734977 0.6537572 -0.0803008 -0.9016193 0.0115773 0.9388167 -0.0621352 0.3385682
1781254370.036065 0.6277866 -0.0845867 -0.9695494 0.0113928 0.9234913 -0.0613524 0.3785101
1781254370.370654 0.6069613 -0.0896009 -1.0432789 0.0111103 0.9060844 -0.0600408 0.4186679
1781254370.905295 0.5759457 -0.0970970 -1.1526343 0.0099690 0.8864855 -0.0582701 0.4589648
1781254371.372425 0.5390655 -0.1017952 -1.2348136 0.0097470 0.8893310 -0.0585374 0.4533970
1781254371.706084 0.4999124 -0.1047145 -1.2718303 0.0105540 0.9072105 -0.0596521 0.4162924
1781254372.073119 0.4481586 -0.1071446 -1.3009362 0.0107465 0.9297579 -0.0607997 0.3629577
1781254372.373413 0.3999672 -0.1079378 -1.3240652 0.0116755 0.9468265 -0.0617266 0.3155520
1781254372.707076 0.3436365 -0.1090194 -1.3432831 0.0116969 0.9626283 -0.0631550 0.2630995
1781254373.040776 0.2843701 -0.1088059 -1.3547153 0.0113205 0.9758677 -0.0640770 0.2084422
1781254373.541315 0.1915690 -0.1090648 -1.3626263 0.0119972 0.9908454 -0.0642818 0.1181073
1781254374.041846 0.0966411 -0.1070130 -1.3565476 0.0125176 0.9975880 -0.0651514 0.0204169
1781254374.508995 0.0316520 -0.1032203 -1.3350130 -0.0126329 -0.9963714 0.0662270 0.0519471
1781254376.811405 -0.1043184 -0.0895534 -1.1835054 -0.0143763 -0.9911985 0.0654694 0.1141601
1781254377.578871 -0.1845064 -0.0833260 -1.0958627 -0.0148884 -0.9871776 0.0646549 0.1451850
1781254378.279585 -0.2568853 -0.0748784 -1.0042543 -0.0144715 -0.9816754 0.0646029 0.1786911
1781254378.813489 -0.3210313 -0.0688582 -0.9309757 -0.0141686 -0.9760939 0.0643316 0.2071265
1781254379.447606 -0.4055862 -0.0618611 -0.8480987 -0.0136573 -0.9715074 0.0648689 0.2275501
1781254379.948169 -0.4788839 -0.0555680 -0.7916237 -0.0135890 -0.9689430 0.0651052 0.2381727
1781254380.482056 -0.5555919 -0.0481668 -0.7258712 -0.0140278 -0.9671711 0.0652808 0.2451974
1781254380.949213 -0.6414294 -0.0414525 -0.6522402 -0.0151013 -0.9622247 0.0651152 0.2639236
1781254381.416368 -0.7226422 -0.0349340 -0.5809082 -0.0164975 -0.9559193 0.0650822 0.2858504
1781254381.983642 -0.7942330 -0.0278455 -0.5001959 -0.0169043 -0.9417030 0.0639955 0.3298702
1781254382.651028 -0.8402335 -0.0210342 -0.4135884 -0.0170625 -0.9187814 0.0625025 0.3894138
1781254383.585385 -0.8414289 -0.0049302 -0.2677711 -0.0140330 -0.8686556 0.0594631 0.4916348
1781254384.653162 -0.7174857 0.0026672 -0.0929620 -0.0111727 -0.7636747 0.0516419 0.6434355
1781254385.687694 -0.5360837 0.0031948 -0.0330716 -0.0079809 -0.6327211 0.0417853 0.7732104
1781254386.823778 -0.3572501 0.0024112 -0.0045554 -0.0077704 -0.4854377 0.0324432 0.8736345
1781254388.459713 -0.1756288 -0.0040168 -0.0389409 -0.0067039 -0.2890326 0.0184009 0.9571189
1781254390.662457 -0.0299489 -0.0022610 -0.0505498 -0.0032463 -0.1046861 0.0055955 0.9944843
1781254397.137036 -0.0582642 -0.1305911 -0.0296927 0.0253464 0.0343748 -0.0127009 0.9990068
1781254398.805847 -0.1712285 -0.1430775 -0.0235977 -0.0260866 -0.1801061 -0.0093664 0.9832566
1781254400.241323 -0.0123666 -0.0744859 0.0843590 -0.1147901 0.0816983 0.0024912 0.9900214
1781254400.708537 0.0597608 -0.1089182 0.0943219 -0.0707910 0.1634839 -0.0138853 0.9839050
1781254401.209129 0.0607410 -0.1737086 0.0841139 -0.0043109 0.1761172 -0.0457757 0.9832948
1781254401.275874 0.0558708 -0.1812567 0.0817247 0.0019400 0.1728557 -0.0493821 0.9837065
1781254401.609598 0.0187650 -0.2123161 0.0760162 0.0164966 0.1262003 -0.0641109 0.9897935
1781254402.677473 -0.1313389 -0.2146325 0.0034242 0.0134829 -0.0907013 -0.0424386 0.9948822
1781254403.578783 -0.1427205 -0.1043557 0.0508866 -0.1083288 -0.0654096 -0.0073705 0.9919335
1781254405.881686 0.0467342 -0.2387948 0.0236118 0.0658106 0.0719535 -0.0629579 0.9932412
1781254406.615972 -0.0254057 -0.2664799 -0.0222038 0.0975014 0.0021827 -0.0717348 0.9926444
1781254410.620988 0.0080214 -0.2843117 0.1641402 0.0062692 0.1620611 -0.0512966 0.9854266
1781254411.054922 -0.0931599 -0.3270808 0.1978403 0.0202696 0.1494834 -0.0412323 0.9876962
1781254413.124333 -0.0470822 0.0011526 0.1020564 0.0068586 0.0182361 -0.0110526 0.9997491
