1000.000000 0.0000000 0.0000000 0.0000000 -0.0000000 -0.0000000 -0.0000000 1.0000000
1004.300000 0.0925115 0.0231238 0.3156433 0.0002165 0.0472831 -0.0027743 0.9988776
1004.333333 0.0923769 0.0243875 0.3209604 0.0003012 0.0472684 -0.0028816 0.9988781
1004.633333 0.0987770 0.0281101 0.3896838 -0.0011376 0.0525003 -0.0031714 0.9986153
1005.633333 0.1136401 0.0368575 0.5109575 -0.0022373 0.0604963 -0.0035405 0.9981596
1006.200000 0.1225415 0.0412085 0.6133414 -0.0022773 0.0581496 -0.0031645 0.9983003
1007.033333 0.1356160 0.0469792 0.7221928 -0.0020942 0.0582317 -0.0031564 0.9982959
1007.933333 0.1522421 0.0538386 0.8509479 -0.0016385 0.0596025 -0.0033284 0.9982153
1008.733333 0.1674920 0.0603342 0.9734862 -0.0017628 0.0625328 -0.0031066 0.9980365
1009.400000 0.1819731 0.0678367 1.0810392 -0.0012608 0.0623054 -0.0034044 0.9980505
1010.166667 0.1946515 0.0732196 1.1901571 -0.0015985 0.0635810 -0.0034930 0.9979693
1011.000000 0.2092765 0.0784718 1.2854465 -0.0013683 0.0627845 -0.0032975 0.9980207
1011.600000 0.2209959 0.0859290 1.3861114 -0.0004038 0.0576691 -0.0031960 0.9983306
1012.233333 0.2339500 0.0909680 1.4801482 -0.0000116 0.0515128 -0.0031749 0.9986673
1013.100000 0.2629180 0.0976501 1.5917329 0.0002444 0.0600129 -0.0038013 0.9981903
1013.866667 0.2884137 0.1038678 1.6915762 0.0002270 0.0667960 -0.0045735 0.9977562
1014.600000 0.3078608 0.1093122 1.7841158 0.0004110 0.0712861 -0.0053428 0.9974415
1015.266667 0.3263337 0.1145009 1.8686500 0.0014722 0.0734479 -0.0049483 0.9972857
1016.033333 0.3457251 0.1180165 1.9666915 0.0018351 0.0718565 -0.0052963 0.9973993
1016.933333 0.3609586 0.1219032 2.0720406 0.0019378 0.0663806 -0.0045897 0.9977819
1017.800000 0.3714111 0.1282237 2.1889217 0.0020430 0.0555603 -0.0038670 0.9984457
1018.500000 0.3768824 0.1345226 2.2959952 0.0011859 0.0441838 -0.0036133 0.9990162
1019.433333 0.3757034 0.1426286 2.4109125 0.0009529 0.0279368 -0.0025275 0.9996061
1020.066667 0.3631688 0.1470701 2.4969594 0.0010611 0.0090912 -0.0020130 0.9999561
1020.800000 0.3371867 0.1517465 2.5877740 0.0001522 -0.0161231 -0.0015903 0.9998688
1021.466667 0.3029076 0.1580428 2.6837263 0.0002144 -0.0537185 0.0003906 0.9985560
1022.433333 0.2527273 0.1652483 2.7920539 0.0006371 -0.1049811 0.0031280 0.9944691
1023.533333 0.1502831 0.1709731 2.9413979 -0.0009287 -0.1772437 0.0059133 0.9841489
1024.466667 0.0460533 0.1746871 3.0694625 -0.0021390 -0.2378118 0.0090430 0.9712668
1025.166667 -0.0769898 0.1795830 3.1838584 -0.0023775 -0.3036247 0.0121390 0.9527115
1026.633333 -0.2693953 0.1872984 3.3058746 -0.0016606 -0.3826649 0.0173627 0.9237226
1028.100000 -0.5280590 0.1928676 3.4350090 -0.0016697 -0.4655851 0.0229022 0.8847051
1029.466667 -0.7119312 0.1953599 3.4803441 -0.0025634 -0.5281634 0.0260746 0.8487385
1030.533333 -0.8533850 0.1985365 3.4957263 -0.0055184 -0.5790507 0.0290461 0.8147552
1031.833333 -1.0582739 0.1983059 3.4655695 -0.0046235 -0.6664590 0.0341906 0.7447430
1033.266667 -1.2480273 0.1943864 3.3895206 -0.0054799 -0.7446640 0.0375150 0.6663618
1034.266667 -1.3891983 0.1890828 3.2748513 -0.0060383 -0.8129666 0.0401236 0.5808950
1035.400000 -1.4806302 0.1833868 3.1597850 -0.0068786 -0.8632166 0.0418485 0.5030491
1036.000000 -1.5342631 0.1783318 3.0598574 -0.0076076 -0.8956692 0.0432642 0.4425460
1036.433333 -1.5673478 0.1759357 2.9796181 -0.0084032 -0.9166772 0.0447977 0.3970209
1037.000000 -1.5871196 0.1724175 2.9073567 -0.0089226 -0.9336344 0.0455360 0.3552093
1037.533333 -1.6040242 0.1685083 2.8366477 -0.0087719 -0.9450492 0.0457877 0.3235871
1038.066667 -1.6159794 0.1681523 2.7826033 -0.0080870 -0.9488744 0.0470259 0.3120265
1038.533333 -1.6301606 0.1630468 2.7091377 -0.0077513 -0.9536020 0.0475751 0.2971864
1038.966667 -1.6450858 0.1613186 2.6448259 -0.0074341 -0.9562839 0.0479213 0.2883909
1039.333333 -1.6589482 0.1590635 2.5776763 -0.0072467 -0.9593505 0.0481707 0.2779816
1039.933333 -1.6822565 0.1560307 2.5039272 -0.0075529 -0.9616805 0.0482758 0.2697832
1040.533333 -1.7066953 0.1519874 2.4100125 -0.0081150 -0.9694331 0.0488926 0.2402982
1041.100000 -1.7351301 0.1466445 2.2775054 -0.0076390 -0.9803442 0.0495340 0.1908224
1042.133333 -1.7975526 0.1402279 2.1428175 -0.0067672 -0.9838213 0.0485983 0.1723024
1042.900000 -1.8244519 0.1336637 2.0266566 -0.0072719 -0.9885565 0.0485862 0.1426273
1043.866667 -1.8320830 0.1260787 1.8811800 -0.0077869 -0.9941363 0.0489938 0.0960833
1044.766667 -1.8497207 0.1252182 1.7334569 -0.0075818 -0.9953241 0.0501609 0.0821975
1045.666667 -1.8699155 0.1126438 1.5994781 -0.0077741 -0.9957659 0.0507371 0.0762604
1046.633333 -1.8765330 0.1059017 1.4319177 -0.0075272 -0.9969702 0.0517385 0.0575921
1047.966667 -1.8987112 0.0971478 1.2389116 -0.0080591 -0.9974871 0.0530723 0.0462362
1049.533333 -1.9132421 0.0853272 1.0436308 -0.0072498 -0.9978539 0.0535263 0.0370132
1050.466667 -1.9169152 0.0774293 0.8878447 -0.0075628 -0.9982051 0.0547937 0.0229551
1051.866667 -1.9167337 0.0690001 0.7436146 -0.0080212 -0.9983547 0.0552796 0.0129477
1053.000000 -1.9177645 0.0606004 0.6214916 -0.0072380 -0.9983997 0.0553835 0.0088506
1053.866667 -1.9173380 0.0535111 0.5085196 -0.0075107 -0.9983873 0.0562700 0.0000733
1054.933333 -1.9084750 0.0472038 0.3842733 0.0080779 0.9982349 -0.0566414 0.0159262
1056.133333 -1.8759806 0.0386533 0.2430345 0.0074440 0.9970431 -0.0563442 0.0517212
1057.166667 -1.8107306 0.0336392 0.1440760 0.0068946 0.9929161 -0.0565010 0.1042967
1058.033333 -1.7430888 0.0290606 0.0761285 0.0065271 0.9861679 -0.0556683 0.1559851
1058.900000 -1.6459479 0.0239991 0.0039898 0.0066310 0.9737158 -0.0548897 0.2209543
1060.100000 -1.4993285 0.0160367 -0.0972658 0.0063284 0.9488351 -0.0541048 0.3110380
1063.166667 -1.1420888 -0.0106085 -0.2990323 0.0034624 0.8782843 -0.0463564 0.4758737
1066.333333 -0.7376231 -0.0193881 -0.3422397 0.0036861 0.7785680 -0.0388110 0.6263482
1068.666667 -0.4100166 -0.0160907 -0.3149010 0.0030843 0.6852388 -0.0329681 0.7275654
1070.366667 -0.2066282 -0.0114643 -0.2356462 0.0041313 0.5922660 -0.0284535 0.8052294
1072.233333 -0.0330473 -0.0026055 -0.1000647 0.0031603 0.4862894 -0.0233189 0.8734809
1073.766667 0.0724013 0.0046920 0.0655528 0.0020551 0.3723440 -0.0194349 0.9278890
1075.300000 0.1206650 0.0186686 0.2645726 0.0009714 0.2344226 -0.0126880 0.9720515
1082.200000 0.0877592 0.0772876 1.2648888 -0.0022471 -0.0662161 0.0036671 0.9977961
1082.800000 0.0259214 0.0797830 1.3331760 -0.0027116 -0.1295039 0.0061772 0.9915560
1083.566667 -0.0789951 0.0843897 1.4201484 -0.0033914 -0.2123893 0.0105300 0.9771225
1084.166667 -0.1778918 0.0874567 1.4813364 -0.0040761 -0.2757877 0.0141927 0.9611052
1084.633333 -0.2674078 0.0918935 1.5172205 -0.0047132 -0.3324813 0.0165514 0.9429529
1085.066667 -0.3530659 0.0942798 1.5398817 -0.0058164 -0.3856410 0.0187428 0.9224402
1085.500000 -0.4269258 0.0968048 1.5512304 -0.0062377 -0.4309856 0.0212787 0.9020863
1086.000000 -0.5124315 0.0986487 1.5597374 -0.0062603 -0.4772063 0.0240498 0.8784399
1086.833333 -0.6353691 0.1014921 1.5637703 -0.0058053 -0.5349106 0.0271521 0.8444524
1087.766667 -0.7760519 0.1025253 1.5578063 -0.0062004 -0.6029993 0.0312251 0.7971063
1088.633333 -0.8816762 0.1036929 1.5589693 -0.0064204 -0.6424933 0.0325159 0.7655742
1089.133333 -0.9564900 0.1054465 1.5617936 -0.0062993 -0.6568209 0.0331209 0.7532926
1089.500000 -1.0191374 0.1062723 1.5670959 -0.0064665 -0.6636910 0.0338137 0.7472141
1089.900000 -1.0786698 0.1081088 1.5702858 -0.0062844 -0.6697439 0.0338979 0.7417914
1090.400000 -1.1434803 0.1087882 1.5715761 -0.0062217 -0.6761230 0.0339655 0.7359792
1090.766667 -1.1863649 0.1090250 1.5715903 -0.0061542 -0.6805513 0.0339620 0.7318870
1091.133333 -1.2315229 0.1083122 1.5715895 -0.0064007 -0.6856001 0.0340092 0.7271553
1091.666667 -1.2922188 0.1101498 1.5689510 -0.0061012 -0.6924142 0.0343301 0.7206572
1092.066667 -1.3423789 0.1106440 1.5658175 -0.0059926 -0.6982916 0.0345589 0.7149536
1092.500000 -1.3993567 0.1110176 1.5629660 -0.0057330 -0.7052597 0.0352248 0.7080503
1093.033333 -1.4633886 0.1096973 1.5584389 -0.0059287 -0.7139136 0.0360908 0.6992781
1093.333333 -1.5259373 0.1096995 1.5433342 -0.0058613 -0.7301551 0.0376004 0.6822209
1093.700000 -1.5800612 0.1095714 1.5233350 -0.0058616 -0.7510521 0.0391333 0.6590562
1094.233333 -1.6628158 0.1093485 1.4814287 -0.0058153 -0.7825828 0.0410818 0.6211624
1094.766667 -1.7500674 0.1070934 1.4206108 -0.0064744 -0.8134913 0.0423263 0.5799986
1095.500000 -1.8339107 0.1040504 1.3398443 -0.0062525 -0.8412920 0.0438779 0.5387611
1096.333333 -1.8906457 0.0978862 1.2125751 -0.0057964 -0.8826723 0.0465097 0.4676461
1098.100000 -1.9519672 0.0808629 0.9537588 -0.0081245 -0.9477849 0.0517730 0.3145748
1106.833333 -1.4727337 0.0188950 -0.0538881 0.0054821 0.9329137 -0.0532629 0.3560969
1112.433333 -0.6820518 -0.0195253 -0.3630788 0.0040550 0.7664270 -0.0384437 0.6411671
1113.533333 -0.5344294 -0.0177232 -0.3465357 0.0037544 0.7204956 -0.0352567 0.6925525
1119.300000 0.0517211 0.0131195 0.2020335 0.0005500 0.3475237 -0.0184603 0.9374893
1148.600000 -1.3243070 0.1826205 3.1679316 -0.0066850 -0.8295780 0.0406201 0.5568713
1157.600000 -1.7266059 0.1270509 1.8221798 -0.0079691 -0.9987177 0.0499517 0.0020961
1158.466667 -1.6579468 0.1167758 1.6868913 0.0086782 0.9948592 -0.0500772 0.0875914
1158.700000 -1.6045926 0.1111726 1.6213830 0.0082906 0.9886012 -0.0500339 0.1417587
1159.300000 -1.5469450 0.1062028 1.5641141 0.0083119 0.9794148 -0.0500671 0.1953740
1159.800000 -1.4969375 0.1032633 1.5256424 0.0085978 0.9704300 -0.0499973 0.2359916
1160.366667 -1.4344844 0.1018431 1.4954357 0.0085515 0.9586737 -0.0495447 0.2800305
1160.866667 -1.3638573 0.1008371 1.4715309 0.0076494 0.9444299 -0.0491800 0.3249232
1161.366667 -1.2943836 0.1001732 1.4509882 0.0074303 0.9288815 -0.0483507 0.3671325
1162.000000 -1.2175158 0.1004149 1.4337717 0.0073639 0.9092417 -0.0478682 0.4134418
1162.700000 -1.1260128 0.1004417 1.4262798 0.0076653 0.8826675 -0.0463879 0.4676404
1163.500000 -0.9803814 0.0982343 1.4277198 0.0067633 0.8414620 -0.0434810 0.5385215
1164.100000 -0.8928772 0.1000278 1.4336288 0.0064053 0.8134838 -0.0420449 0.5800304
1164.700000 -0.8112848 0.1004241 1.4367440 0.0061733 0.7882851 -0.0409769 0.6139132
1165.366667 -0.7163858 0.0992344 1.4424343 0.0059648 0.7611800 -0.0398552 0.6472874
1166.366667 -0.5883825 0.0968666 1.4395288 0.0064929 0.7475976 -0.0403496 0.6628934
1167.266667 -0.4481829 0.0944839 1.4444964 0.0068902 0.7287462 -0.0402627 0.6835645
1167.933333 -0.3287429 0.0941322 1.4526315 0.0064724 0.7156853 -0.0398075 0.6972575
1168.900000 -0.2096020 0.0932659 1.4701321 0.0054214 0.6991009 -0.0389817 0.7139391
1169.533333 -0.1161145 0.0936156 1.5034876 0.0047947 0.6725402 -0.0374549 0.7390966
1170.133333 -0.0329639 0.0991309 1.5562885 0.0049775 0.6323892 -0.0351770 0.7738357
1170.633333 0.0387696 0.1017237 1.6338847 0.0040454 0.5787851 -0.0317173 0.8148531
1171.500000 0.1171429 0.1051101 1.7537658 0.0031702 0.5061634 -0.0277880 0.8619840
1172.333333 0.1652485 0.1116495 1.8649137 0.0036513 0.4275704 -0.0231999 0.9036769
1173.066667 0.1946087 0.1153691 1.9544610 0.0037578 0.3618648 -0.0199104 0.9320104
1174.600000 0.2665966 0.1280682 2.2033710 0.0035798 0.2491049 -0.0144457 0.9683622
1177.066667 0.2741913 0.1507619 2.5273840 0.0015086 0.1112183 -0.0064116 0.9937742
1178.000000 0.2453269 0.1594432 2.6420093 0.0012446 0.0563145 -0.0044535 0.9984024
1178.866667 0.2081404 0.1647037 2.7440000 0.0007318 0.0048263 -0.0028895 0.9999839
1183.066667 -0.2135174 0.1844235 3.2720163 -0.0016357 -0.3053892 0.0136930 0.9521278
1188.100000 -0.7840879 0.1970048 3.4855814 -0.0033080 -0.5409013 0.0269483 0.8406478
1225.900000 -0.5911533 -0.0217410 -0.4271012 0.0043419 0.7734883 -0.0379336 0.6326595
1226.800000 -0.4619138 -0.0216827 -0.4331391 0.0044795 0.7540072 -0.0363569 0.6558440
1227.566667 -0.3708079 -0.0193107 -0.4243579 0.0041869 0.7357721 -0.0361344 0.6762515
1228.066667 -0.3086376 -0.0199182 -0.4001445 0.0038022 0.7080256 -0.0348082 0.7053182
1228.566667 -0.2443030 -0.0192040 -0.3750077 0.0038352 0.6791583 -0.0330949 0.7332354
1229.000000 -0.1876070 -0.0180252 -0.3512799 0.0040782 0.6536857 -0.0315438 0.7560975
1229.466667 -0.1141887 -0.0144208 -0.3128532 0.0044730 0.6185382 -0.0302631 0.7851591
1229.866667 -0.0682995 -0.0128644 -0.2853352 0.0045116 0.5951489 -0.0289514 0.8030811
1230.500000 -0.0230395 -0.0116316 -0.2533295 0.0040105 0.5704274 -0.0278231 0.8208669
1231.133333 0.0184180 -0.0082884 -0.2168664 0.0038750 0.5434917 -0.0272699 0.8389626
1231.566667 0.0659954 -0.0050017 -0.1687874 0.0039145 0.4995579 -0.0249138 0.8659133
1231.900000 0.1089595 -0.0024674 -0.1131669 0.0033176 0.4368568 -0.0222500 0.8992497
1232.433333 0.1132356 -0.0004384 -0.0643048 0.0025832 0.3586155 -0.0189193 0.9332901
