#Stereo rect[ms], MP culling[ms], MP creation[ms], LBA[ms], KF culling[ms], Total[ms]
3.152333,0.026250,0.471209,0.003083,0.003083,3.653333
3.975875,0.098625,1.703166,0.000625,0.000625,5.779041
3.937250,0.157459,2.152875,0.071125,0.071125,16.390750
4.165125,0.138875,3.251209,0.163125,0.163125,19.464209
4.563625,0.103958,4.696042,0.247917,0.247917,29.637916
4.663833,0.095292,5.840750,0.353542,0.353542,31.046250
4.763208,0.103292,6.538542,0.416833,0.416833,32.829542
5.079875,0.127209,7.762500,0.507375,0.507375,35.459500
5.362125,0.109041,8.844292,0.646416,0.646416,40.356250
5.367834,0.117250,9.641958,0.710292,0.710292,42.258959
5.642958,0.132667,10.624292,0.789750,0.789750,45.767458
5.770459,0.124791,12.028334,0.905541,0.905541,50.902667
5.949375,0.109292,11.849458,1.004792,1.004792,52.212542
5.822042,0.119375,12.570250,1.156000,1.156000,61.093959
5.877375,0.138792,12.539291,1.252500,1.252500,57.722333
5.489625,0.152291,12.303292,1.541250,1.541250,61.224041
6.178125,0.134375,13.821792,1.410166,1.410166,69.903500
6.190334,0.144416,14.168417,1.537375,1.537375,71.543167
6.171083,0.134167,14.495000,1.746250,1.746250,71.555125
6.342667,0.151833,15.629625,1.939667,1.939667,76.503875
6.627417,0.146583,16.120708,2.221125,2.221125,80.920292
6.384625,0.160750,16.231625,2.331667,2.331667,83.003417
6.646542,0.173917,16.954416,2.603000,2.603000,87.405542
6.638042,0.161041,17.120209,3.078500,3.078500,90.691125
5.805875,0.159125,14.062500,3.044042,3.044042,88.434750
6.699250,0.165917,16.808000,3.346750,3.346750,98.201625
6.716125,0.165042,16.914375,3.486625,3.486625,105.122959
6.693500,0.194875,15.897083,3.864041,3.864041,105.739042
6.449750,0.206833,15.293917,4.025500,4.025500,108.201792
6.051458,0.203792,14.589208,4.426041,4.426041,109.659083
5.385625,0.233625,13.207458,4.740458,4.740458,112.298750
4.583500,0.237584,11.845666,5.041209,5.041209,114.174917
4.322917,0.247167,10.670625,4.795584,4.795584,93.988125
4.297583,0.309334,9.325166,3.522458,3.522458,52.603792
4.152416,0.336167,8.151375,1.748916,1.748916,43.494375
4.026042,0.268416,7.553042,1.081125,1.081125,37.269708
4.013542,0.231208,8.213333,0.830916,0.830916,38.694333
4.196583,0.237084,7.478458,0.764708,0.764708,37.577500
3.925292,0.208708,7.274750,0.685458,0.685458,32.611417
4.325417,0.208083,7.553584,0.845375,0.845375,34.811250
4.274000,0.186750,6.838333,0.809917,0.809917,32.534833
3.420958,0.128500,5.697792,0.746583,0.746583,27.896333
4.151291,0.142375,7.262209,0.894292,0.894292,36.007125
4.491292,0.137917,8.195166,1.016125,1.016125,40.475334
4.731417,0.149583,9.246584,1.144791,1.144791,42.881625
4.831250,0.146542,9.787583,1.124458,1.124458,45.758667
4.985083,0.162500,10.209875,1.240250,1.240250,48.430083
5.165250,0.143917,10.380541,1.369917,1.369917,49.627958
5.124375,0.128583,10.501417,1.433791,1.433791,52.033500
5.210084,0.151250,11.546708,1.517625,1.517625,56.110084
5.303959,0.140833,11.859083,1.623750,1.623750,61.562084
5.359750,0.157167,12.090333,1.821208,1.821208,60.447417
5.617750,0.150459,12.882333,2.632000,2.632000,67.462500
5.552958,0.153792,13.199792,2.044750,2.044750,67.788000
5.461333,0.163292,13.232333,2.056209,2.056209,71.475250
5.750958,0.192459,13.358041,2.201000,2.201000,76.666167
5.398167,0.196833,12.172500,2.765125,2.765125,79.760125
6.310292,0.295333,14.193000,2.697000,2.697000,79.327000
5.354042,0.235666,13.001834,3.065875,3.065875,80.201833
6.033583,0.216792,13.483583,3.734708,3.734708,88.102458
5.711958,0.188959,13.539750,3.384625,3.384625,86.674125
5.605500,0.189500,13.485875,3.707375,3.707375,87.462042
5.690583,0.209000,13.503042,3.974583,3.974583,87.707458
5.550500,0.211792,13.305416,4.071667,4.071667,87.620250
5.162291,0.219167,12.446208,4.447500,4.447500,89.992041
4.987917,0.241958,11.023083,4.735084,4.735084,94.084333
4.314916,0.261667,8.908292,4.252500,4.252500,82.143833
4.209542,0.286333,6.583959,4.072708,4.072708,65.281250
4.130917,0.322833,5.545208,0.946208,0.946208,36.460542
3.867041,0.301584,5.179500,0.682792,0.682792,27.301125
3.901375,0.326458,5.597250,0.394333,0.394333,27.041916
3.860083,0.355125,4.030834,0.505917,0.505917,23.916792
4.139042,0.323833,4.933209,0.432500,0.432500,27.346792
7.525125,0.264334,16.069000,5.651250,5.651250,134.683250
8.861583,0.212667,20.223916,6.324917,6.324917,146.703416
9.437625,0.177583,20.517583,6.582250,6.582250,155.085458
8.128500,0.101792,17.847417,7.124084,7.124084,156.445834
7.499709,0.108833,15.899500,7.369792,7.369792,152.834584
6.897583,0.124208,17.794625,7.988584,7.988584,169.634875
6.057542,0.114458,17.825834,8.995625,8.995625,183.250125
5.910542,0.122083,17.782875,8.678625,8.678625,182.155417
5.295041,0.136542,15.938333,7.007417,7.007417,150.550208
4.985958,0.158542,15.554250,5.938208,5.938208,137.081458
5.117833,0.185667,15.386875,5.017958,5.017958,124.467250
5.228917,0.150583,16.659792,4.832959,4.832959,132.549875
5.183583,0.129917,16.762667,5.718000,5.718000,127.443250
5.323958,0.124542,16.121375,5.977167,5.977167,127.589792
5.472583,0.124292,16.896833,5.971334,5.971334,131.081916
5.548375,0.120000,16.452583,4.893292,4.893292,137.500458
5.746708,0.107417,17.185583,5.120375,5.120375,129.076250
5.682375,0.109584,17.572333,5.545625,5.545625,131.958209
5.939542,0.115042,17.040041,5.764208,5.764208,136.367959
6.011417,0.111750,16.273958,6.248167,6.248167,138.649834
6.215916,0.118625,16.670584,6.577875,6.577875,146.433833
6.248500,0.125875,16.307667,6.668667,6.668667,151.118917
5.874166,0.115500,15.506625,7.312375,7.312375,145.557375
6.228167,0.129083,15.733584,7.071250,7.071250,150.559500
6.048083,0.125959,16.366041,8.036416,8.036416,149.145250
6.071833,0.125000,17.032708,8.826209,8.826209,156.741541
6.172500,0.149917,16.702250,9.057416,9.057416,158.514542
6.351500,0.156708,23.310625,8.840542,8.840542,174.457958
7.181959,0.199791,22.295917,9.202875,9.202875,184.567167
4.679208,0.258125,10.940083,5.874292,5.874292,90.125583
4.441041,0.257375,11.271292,1.468459,1.468459,54.310458
4.654125,0.230708,11.499750,1.605000,1.605000,54.409417
6.779292,0.251333,16.251417,6.830208,6.830208,148.634750
6.267958,0.259917,20.888708,11.221459,11.221459,202.918500
7.354000,0.189833,17.299209,9.160416,9.160416,156.704583
7.000917,0.158500,17.050708,8.085834,8.085834,153.868542
6.104792,0.106125,14.010583,7.715250,7.715250,134.849167
6.741291,0.170500,15.595709,8.264250,8.264250,143.879208
6.085459,0.144791,16.236792,8.344542,8.344542,148.965125
5.901542,0.136583,15.834583,8.150083,8.150083,144.793583
4.961416,0.133084,13.198708,8.102375,8.102375,137.417583
5.228500,0.144458,13.777708,8.775167,8.775167,131.142708
5.337958,0.148250,14.650125,8.471625,8.471625,132.638041
5.536500,0.189041,14.386584,8.634000,8.634000,122.435958
5.352958,0.135667,14.008333,5.780708,5.780708,124.054667
5.635458,0.150750,14.703250,4.926375,4.926375,131.065666
5.635417,0.202833,14.639209,6.504541,6.504541,130.535375
5.410208,0.157250,16.016334,6.677125,6.677125,129.691000
5.424916,0.164417,16.743125,6.101250,6.101250,131.547875
5.532833,0.160125,21.013459,7.046875,7.046875,135.915417
5.418208,0.165625,15.894917,6.815542,6.815542,130.371625
5.301042,0.184625,15.727875,6.917834,6.917834,136.119458
5.396500,0.172084,16.098208,7.177916,7.177916,145.009667
5.386709,0.199416,17.803875,8.254917,8.254917,153.190750
5.769500,0.188209,20.651958,8.959000,8.959000,171.062000
6.077958,0.202792,21.656833,9.110042,9.110042,183.703291
6.607042,0.176500,22.739583,10.008458,10.008458,187.643250
6.897875,0.163209,23.773416,9.749583,9.749583,197.929792
7.408667,0.180958,22.285083,9.457375,9.457375,184.288458
8.440750,0.205541,25.270792,10.348791,10.348791,209.208458
9.025541,0.238250,22.862542,9.593417,9.593417,196.479666
9.260458,0.187083,23.335042,9.780625,9.780625,202.838750
7.382791,0.230167,21.556750,10.280458,10.280458,198.088500
5.814250,0.259084,17.555083,10.764625,10.764625,207.983417
5.312709,0.269000,15.678875,8.507167,8.507167,134.956292
5.699916,0.255042,17.084000,7.882875,7.882875,134.146208
6.145250,0.187583,18.633459,7.999458,7.999458,144.622792
4.879625,0.127833,14.376417,9.646000,9.646000,132.869208
6.105041,0.162209,17.318875,10.252625,10.252625,134.919041
5.956000,0.187000,16.714125,10.825541,10.825541,153.178500
6.305667,0.200375,18.696250,11.098917,11.098917,177.568709
6.250666,0.160459,18.166375,11.171334,11.171334,182.700166
7.077167,0.181542,19.092250,13.887333,13.887333,189.645209
7.722792,0.203375,21.988208,13.583375,13.583375,205.014792
7.639375,0.177041,22.128667,17.605334,17.605334,248.718000
7.876875,0.199709,23.432041,18.468500,18.468500,291.340500
8.798459,0.163166,26.865292,18.649667,18.649667,318.628084
