1782375448.923822 -0.0039963 -0.0836132 -0.1616041 -0.7520175 -0.0716731 0.0409599 0.6539534
1782375451.894081 -0.1564615 0.1104724 -0.1723654 -0.6787469 -0.3282126 0.2675158 0.6000121
1782375454.799779 -0.1844766 0.3586189 -0.1710623 -0.6861567 -0.3090201 0.2538447 0.6076664
1782375457.502336 0.1214192 0.6406916 -0.1691980 -0.7026324 -0.2672986 0.2165417 0.6228715
1782375459.871189 0.4145439 0.9150097 -0.1672692 -0.7122757 -0.2410624 0.1937870 0.6300785
1782375462.409037 0.7008337 1.2240819 -0.1678656 -0.7068304 -0.2520576 0.2047253 0.6284468
1782375465.244859 1.0354406 1.5894059 -0.1643530 -0.7498984 -0.0563686 0.0307224 0.6584309
1782375467.913431 1.3852485 1.3778453 -0.1558712 -0.6719702 0.3382407 -0.3070746 0.5828846
1782375468.313713 1.3983707 1.3113052 -0.1549859 -0.6451256 0.3871082 -0.3485916 0.5589670
1782375471.250958 1.3672667 0.7330003 -0.1634998 -0.5323836 0.5295020 -0.4732755 0.4606578
1782375473.953420 1.4109734 0.2124230 -0.1662631 0.5241108 -0.5373147 0.4830649 -0.4508315
1782375475.621545 1.4301970 -0.0594611 -0.1684837 -0.5370781 0.5249543 -0.4709140 0.4628284
1782375478.358649 1.5735009 -0.6907014 -0.1659744 0.4849315 -0.5720428 0.5137786 -0.4167014
1782375481.162315 1.4745201 -1.2734393 -0.1660929 0.2936239 -0.6928102 0.6118190 -0.2438783
1782375483.899028 1.1468489 -1.6429104 -0.1629034 -0.0785419 -0.7488534 0.6532493 0.0794679
1782375484.399626 1.0789608 -1.6357173 -0.1622466 -0.1427008 -0.7399127 0.6433120 0.1353345
1782375484.767169 1.0242099 -1.6098130 -0.1618461 -0.2021181 -0.7264939 0.6296764 0.1867155
1782375485.469831 0.9172469 -1.5224260 -0.1592576 -0.3317915 -0.6777354 0.5845602 0.2981252
1782375488.139331 0.8685650 -1.0341191 -0.1530020 -0.5383701 -0.5289753 0.4497195 0.4775930
1782375489.006814 0.8425131 -0.8838943 -0.1549015 -0.4933587 -0.5717897 0.4865473 0.4392328
1782375491.475703 0.6281811 -0.5647564 -0.1662352 -0.2316244 -0.7178054 0.6206858 0.2141372
1782375491.775972 0.5901008 -0.5321265 -0.1678941 -0.2002262 -0.7271299 0.6295190 0.1868088
1782375492.176328 0.5287272 -0.4936950 -0.1706681 -0.1507091 -0.7386220 0.6409761 0.1444786
1782375492.509952 0.4651988 -0.4585707 -0.1735667 -0.1209812 -0.7430428 0.6473664 0.1190287
1782375492.743501 0.4201279 -0.4330620 -0.1749745 -0.1242807 -0.7425033 0.6468155 0.1219544
1782375493.544247 0.2833188 -0.3387396 -0.1723654 -0.2582551 -0.7087037 0.6125420 0.2362960
1782375496.413563 -0.0416332 -0.2574272 -0.1705763 -0.3678627 -0.6582650 0.5658938 0.3333592
1782375497.414535 -0.0393277 -0.2569878 -0.1709218 -0.3666846 -0.6584346 0.5661325 0.3339168
1782375497.915029 -0.0397736 -0.2577628 -0.1718374 -0.3661801 -0.6584577 0.5663599 0.3340392
1782375499.850265 0.1504257 -0.0665751 -0.1682810 -0.5495245 -0.5188439 0.4382661 0.4865662
1782375500.818154 0.1940985 0.0016847 -0.1687091 -0.6715118 -0.3464561 0.2852625 0.5896317
1782375503.658263 0.0222558 -0.0906896 -0.1618611 -0.7540120 -0.0551490 0.0298940 0.6538584
1782375506.195504 0.0195399 -0.0892278 -0.1612615 -0.7541562 -0.0554372 0.0298851 0.6536683
1782375509.165457 -0.1155615 0.0753225 -0.1707630 -0.6951062 -0.2927509 0.2350257 0.6130964
1782375510.666458 -0.2854182 0.1631314 -0.1795179 -0.6126595 -0.4381532 0.3652716 0.5470346
1782375513.568368 -0.0946712 0.5435526 -0.1709452 -0.7123110 -0.2414735 0.1940899 0.6297879
1782375516.403628 0.3905530 0.8271670 -0.1667191 -0.7174312 -0.2251490 0.1789939 0.6344775
1782375518.806823 0.8145617 1.2826772 -0.1685041 -0.7358571 -0.1470366 0.1122465 0.6513795
1782375520.775343 1.1957030 1.4014335 -0.1627012 -0.7281216 0.1867075 -0.1788983 0.6348030
1782375522.545133 1.3593659 1.1188017 -0.1615086 -0.6135783 0.4334445 -0.3877186 0.5341553
1782375525.415296 1.3301592 0.5153511 -0.1624633 -0.5571808 0.5049672 -0.4520649 0.4797865
1782375525.682273 1.3305254 0.4513269 -0.1630646 -0.5651439 0.4958262 -0.4452788 0.4863080
1782375528.485618 1.5240449 -0.1155878 -0.1673096 -0.6126546 0.4343846 -0.3932105 0.5304242
1782375531.455756 1.6041944 -0.8533927 -0.1675508 0.4958590 -0.5639808 0.5047513 -0.4257649
1782375533.891891 1.4537976 -1.3871468 -0.1637998 0.4236538 -0.6217947 0.5532266 -0.3575319
1782375536.661848 1.3590134 -1.9353470 -0.1695757 0.4355452 -0.6116612 0.5474222 -0.3694589
1782375539.164863 0.6778742 -2.2991133 -0.1690605 -0.0978188 -0.7464826 0.6506861 0.0990101
1782375541.369310 0.5638077 -2.0599916 -0.1593251 -0.4969766 -0.5697502 0.4869062 0.4374030
1782375544.139506 0.7316880 -1.5217381 -0.1561995 -0.5608967 -0.5054127 0.4300120 0.4950177
1782375547.076485 0.8192176 -0.8796270 -0.1577429 -0.5541668 -0.5142673 0.4346462 0.4893986
1782375548.881855 0.6387455 -0.4680517 -0.1695461 -0.4729937 -0.5870963 0.5014907 0.4243843
1782375551.682988 0.2091380 -0.0728842 -0.1637344 -0.7364812 -0.1712624 0.1311000 0.6411533
1782375554.184053 -0.0202675 -0.1189407 -0.1620526 -0.7523282 -0.0794605 0.0494444 0.6521070
1782375557.085813 -0.0046535 -0.1018628 -0.1599164 -0.7517332 -0.0954540 0.0621727 0.6495541
1782375559.988652 -0.2117275 0.3496965 -0.1775467 -0.6130837 -0.4378557 0.3667215 0.5458261
1782375562.790694 0.2639682 0.8189130 -0.1689889 -0.7243209 -0.2004251 0.1566075 0.6408300
1782375564.160511 0.5212341 1.0951294 -0.1716918 -0.7226514 -0.2043124 0.1608478 0.6404370
1782375564.695202 0.6299598 1.2143043 -0.1708931 -0.7301689 -0.1732326 0.1357698 0.6468465
1782375566.230391 1.0214114 1.4259356 -0.1649325 -0.7490563 0.0596718 -0.0721702 0.6558547
1782375566.564122 1.0989712 1.4584891 -0.1645913 -0.7453390 0.0935538 -0.1016994 0.6522076
1782375566.931224 1.1795583 1.4544847 -0.1642728 -0.7365686 0.1461942 -0.1467861 0.6438538
1782375567.298326 1.2491025 1.3973323 -0.1647679 -0.7162033 0.2247675 -0.2129419 0.6254504
1782375568.033344 1.3249967 1.1879023 -0.1612124 -0.6353956 0.4008633 -0.3605528 0.5527954
1782375568.468307 1.3617913 1.0443588 -0.1600389 -0.5925009 0.4617069 -0.4129034 0.5150537
1782375568.769263 1.3709432 0.9411467 -0.1603787 -0.5732466 0.4859205 -0.4340160 0.4968899
1782375569.002823 1.3654759 0.8604218 -0.1616280 -0.5685560 0.4916528 -0.4394799 0.4918120
1782375569.369841 1.3471658 0.7476822 -0.1623185 -0.5729924 0.4860987 -0.4359532 0.4953107
1782375569.770220 1.3329865 0.6111156 -0.1641636 -0.5773624 0.4810331 -0.4320495 0.4985911
1782375570.203975 1.3312881 0.4782520 -0.1656879 -0.5747865 0.4841297 -0.4356850 0.4953963
1782375570.537625 1.3559532 0.3559757 -0.1670830 -0.5618242 0.4981579 -0.4495218 0.4838619
1782375570.938011 1.3860384 0.2191384 -0.1658605 -0.5463600 0.5155616 -0.4632249 0.4702229
1782375571.271666 1.3808405 0.1079479 -0.1650956 0.5174626 -0.5456460 0.4873885 -0.4437966
1782375571.738775 1.3752738 -0.0660034 -0.1644492 0.4856547 -0.5747463 0.5108844 -0.4156963
1782375572.072423 1.3854399 -0.1668034 -0.1642592 0.4846104 -0.5751191 0.5123584 -0.4145839
1782375572.372701 1.3949132 -0.2610577 -0.1646885 0.4814726 -0.5779476 0.5139977 -0.4122709
1782375572.572882 1.3999996 -0.3319508 -0.1637597 0.4783709 -0.5806556 0.5161285 -0.4094042
1782375572.873162 1.4120617 -0.4304319 -0.1638854 0.4793533 -0.5785707 0.5166235 -0.4105809
1782375573.140079 1.4256214 -0.5202837 -0.1646501 0.4797856 -0.5773419 0.5169595 -0.4113820
1782375573.540447 1.4441673 -0.6690358 -0.1650473 0.4728948 -0.5830563 0.5221621 -0.4046759
1782375573.907459 1.4557426 -0.8185028 -0.1662974 0.4638625 -0.5906070 0.5279987 -0.3965252
1782375574.374571 1.4572283 -0.9628081 -0.1664975 0.4516445 -0.5998865 0.5365607 -0.3850403
1782375574.774950 1.4421455 -1.0912110 -0.1670048 0.4369011 -0.6112130 0.5456785 -0.3711753
1782375575.141983 1.4025171 -1.2085503 -0.1677898 0.4148553 -0.6262653 0.5587002 -0.3514839
1782375575.475642 1.3559989 -1.3211440 -0.1670135 0.3928661 -0.6404346 0.5709525 -0.3309275
1782375575.942754 1.3171508 -1.4785520 -0.1675898 0.3842325 -0.6450095 0.5761284 -0.3231168
1782375576.276395 1.3080791 -1.6016573 -0.1686907 0.3808934 -0.6467263 0.5779033 -0.3204580
1782375576.610029 1.2883060 -1.7310140 -0.1702163 0.3627669 -0.6571062 0.5872365 -0.3029275
1782375577.010402 1.2431536 -1.8793159 -0.1713512 0.3089349 -0.6839319 0.6091379 -0.2564124
1782375577.243951 1.2180736 -1.9581370 -0.1714010 0.2655343 -0.7018087 0.6235600 -0.2193833
1782375577.677675 1.1683030 -2.1236336 -0.1690636 0.1476612 -0.7365072 0.6497815 -0.1163507
1782375577.977976 1.1059301 -2.2277060 -0.1681330 0.0559509 -0.7498028 0.6583211 -0.0357563
1782375578.144809 1.0626423 -2.2742090 -0.1680427 0.0014112 -0.7529566 0.6579534 0.0123195
1782375578.278274 1.0223407 -2.3040404 -0.1678977 -0.0443400 -0.7522755 0.6552650 0.0523767
1782375578.611934 0.9060023 -2.3278308 -0.1683551 -0.1589110 -0.7373061 0.6385715 0.1528186
1782375578.978952 0.7740660 -2.2651157 -0.1667287 -0.2911377 -0.6961934 0.5999942 0.2656322
1782375579.112412 0.7322021 -2.2253652 -0.1657599 -0.3391970 -0.6743683 0.5798224 0.3065598
1782375579.446055 0.6609161 -2.1044219 -0.1628181 -0.4453492 -0.6097583 0.5230396 0.3953336
1782375579.813068 0.6373017 -1.9682643 -0.1597357 -0.5319356 -0.5363201 0.4576833 0.4689683
1782375579.946533 0.6422392 -1.9225709 -0.1584432 -0.5567057 -0.5107932 0.4351945 0.4896681
1782375580.413654 0.6923569 -1.7627625 -0.1530644 -0.6217787 -0.4294894 0.3624595 0.5454845
1782375580.914144 0.7676603 -1.5961592 -0.1503021 -0.6557862 -0.3769599 0.3127906 0.5744631
1782375581.147709 0.7904810 -1.5272429 -0.1482655 -0.6516870 -0.3839639 0.3181624 0.5715318
1782375583.116230 0.8595781 -0.8588932 -0.1563284 -0.5733979 -0.4929217 0.4151215 0.5058827
1782375583.516613 0.8410203 -0.7325879 -0.1583470 -0.5452545 -0.5235521 0.4413560 0.4835242
1782375583.883873 0.7972066 -0.6214246 -0.1595463 -0.5023448 -0.5636970 0.4785661 0.4481853
1782375584.151169 0.7543819 -0.5468861 -0.1633767 -0.4702532 -0.5895477 0.5033416 0.4218327
1782375584.385077 0.7183993 -0.4772105 -0.1655561 -0.4529521 -0.6029981 0.5158338 0.4063783
1782375584.685853 0.6746823 -0.3878573 -0.1675776 -0.4464926 -0.6081859 0.5196931 0.4008408
1782375585.053787 0.5947464 -0.2973518 -0.1679057 -0.4670651 -0.5926151 0.5056100 0.4183492
1782375585.388359 0.5086219 -0.2259258 -0.1687518 -0.5178369 -0.5505841 0.4660369 0.4599040
1782375585.789675 0.4105726 -0.1649873 -0.1680111 -0.5852223 -0.4791249 0.4016594 0.5163563
1782375586.056591 0.3667704 -0.1225875 -0.1668647 -0.6270021 -0.4234580 0.3521786 0.5509284
1782375586.323504 0.3370214 -0.0762174 -0.1654481 -0.6625380 -0.3653616 0.3012005 0.5803728
1782375586.790593 0.3082537 -0.0179284 -0.1621112 -0.7147844 -0.2484780 0.1995877 0.6225005
1782375587.257696 0.2675240 -0.0377178 -0.1588123 -0.7451919 -0.1297381 0.0958074 0.6470533
1782375587.524606 0.2323420 -0.0690315 -0.1582562 -0.7528684 -0.0694432 0.0427239 0.6531016
1782375587.791519 0.1827011 -0.0861419 -0.1583968 -0.7553289 -0.0409638 0.0174086 0.6538327
1782375588.292008 0.0820163 -0.1051328 -0.1608621 -0.7519603 -0.0812512 0.0504631 0.6522327
1782375588.792485 0.0335385 -0.1198670 -0.1622296 -0.7516794 -0.0848254 0.0542795 0.6517948
1782375589.292959 0.0015337 -0.1236566 -0.1626082 -0.7534755 -0.0655329 0.0380062 0.6530970
1782375589.926878 -0.0116425 -0.1258448 -0.1627026 -0.7537140 -0.0614210 0.0343227 0.6534254
1782375590.427336 -0.0085976 -0.1257419 -0.1627915 -0.7536674 -0.0619775 0.0349369 0.6533940
1782375590.927814 -0.0047767 -0.1258204 -0.1632303 -0.7535524 -0.0621796 0.0352417 0.6534910
1782375591.428328 -0.0049979 -0.1261538 -0.1637082 -0.7535343 -0.0615902 0.0348600 0.6535881
1782375591.928827 -0.0028375 -0.1283571 -0.1639531 -0.7537156 -0.0587879 0.0327245 0.6537476
1782375592.429302 -0.0017285 -0.1300697 -0.1642762 -0.7537821 -0.0579764 0.0320491 0.6537769
1782375592.929775 0.0017157 -0.1318907 -0.1647487 -0.7538439 -0.0560775 0.0306611 0.6539378
1782375593.430251 0.0032375 -0.1322692 -0.1647334 -0.7537596 -0.0560121 0.0306673 0.6540403
