1781254002.971368 0.0000000 0.0000000 0.0000000 -0.0000000 -0.0000000 -0.0000000 1.0000000
1781254008.216698 0.1357683 -0.0027602 -0.0004680 0.0019067 0.0374282 -0.0023257 0.9992948
1781254009.218171 0.2408458 -0.0037683 -0.0029531 0.0021531 0.0727382 -0.0040850 0.9973404
1781254010.487022 0.3692151 -0.0049101 -0.0045024 0.0026403 0.1087435 -0.0062299 0.9940468
1781254012.326381 0.5553053 -0.0096450 -0.0325837 0.0032074 0.2446488 -0.0169655 0.9694580
1781254013.894281 0.6716450 -0.0206820 -0.1261453 0.0034046 0.4146519 -0.0286781 0.9095217
1781254015.328906 0.7193868 -0.0359774 -0.2577972 0.0043789 0.5851769 -0.0393893 0.8099366
1781254016.463522 0.7194037 -0.0439545 -0.3489906 0.0056030 0.7179664 -0.0464704 0.6945023
1781254018.565861 0.6026833 -0.0579955 -0.5676485 0.0099136 0.8652722 -0.0564195 0.4980187
1781254020.334748 0.4230769 -0.0689945 -0.7689087 0.0112785 0.9217933 -0.0607158 0.3827317
1781254021.969976 0.2293359 -0.0847066 -0.9785125 0.0112889 0.9365856 -0.0600491 0.3450710
1781254025.607589 -0.1871008 -0.1111901 -1.4694302 0.0094989 0.9217644 -0.0581735 0.3832441
1781254028.478876 -0.4428816 -0.1339127 -1.8604997 0.0111416 0.9318340 -0.0606215 0.3576121
1781254029.914112 -0.6355100 -0.1451601 -2.0401523 0.0097553 0.9466551 -0.0603017 0.3164059
1781254031.583078 -0.8617244 -0.1560710 -2.2385435 0.0082066 0.9450573 -0.0602518 0.3211994
1781254033.018459 -1.0362983 -0.1619171 -2.3892407 0.0089147 0.9444957 -0.0607110 0.3227423
1781254033.619322 -1.1463556 -0.1678652 -2.4672956 0.0087593 0.9477826 -0.0601917 0.3130628
1781254034.387086 -1.2626681 -0.1721314 -2.5881476 0.0086373 0.9390429 -0.0616942 0.3381092
1781254035.154792 -1.3747449 -0.1819507 -2.6864560 0.0090175 0.9439265 -0.0597240 0.3245835
1781254035.822429 -1.4796422 -0.1880193 -2.7783275 0.0085475 0.9468095 -0.0600994 0.3160171
1781254036.490099 -1.5784068 -0.1937248 -2.8691928 0.0085608 0.9485788 -0.0584843 0.3109735
1781254037.090880 -1.6738970 -0.1986599 -2.9566596 0.0095483 0.9509069 -0.0574101 0.3039558
1781254037.658291 -1.7579584 -0.2033493 -3.0393879 0.0096292 0.9507368 -0.0568292 0.3045936
1781254038.158955 -1.8391311 -0.2066787 -3.0763724 0.0094927 0.9658165 -0.0574840 0.2525946
1781254038.859914 -1.9663370 -0.2069874 -3.0940094 0.0100911 0.9904308 -0.0594644 0.1241335
1781254040.328608 -2.2166681 -0.1981895 -3.0164695 -0.0104421 -0.9855362 0.0608220 0.1578291
1781254041.064656 -2.3184857 -0.1893076 -2.9246776 -0.0111168 -0.9525947 0.0589432 0.2982707
1781254041.599585 -2.4060991 -0.1694574 -2.8471053 -0.0081688 -0.9228473 0.0625576 0.3799641
1781254042.867589 -2.5087194 -0.1578823 -2.6753650 -0.0090728 -0.8429692 0.0591396 0.5346242
1781254043.868733 -2.5054801 -0.1478936 -2.5056889 -0.0083226 -0.7346094 0.0503793 0.6765661
1781254044.936532 -2.4371421 -0.1379736 -2.3419628 -0.0085015 -0.6402286 0.0441789 0.7668658
1781254045.770735 -2.3876631 -0.1301085 -2.1525209 -0.0086023 -0.6322250 0.0432760 0.7735275
1781254046.338043 -2.3810103 -0.1226489 -2.0325623 -0.0086126 -0.6477151 0.0447486 0.7605186
1781254046.838613 -2.3572259 -0.1174930 -1.9599020 -0.0087297 -0.5950097 0.0423546 0.8025543
1781254047.405911 -2.2901769 -0.1158386 -1.9119811 -0.0097075 -0.5020861 0.0364742 0.8639936
1781254048.073357 -2.1830409 -0.1133681 -1.8757448 -0.0095908 -0.4046370 0.0300331 0.9139338
1781254048.740800 -2.0342898 -0.1107633 -1.8437847 -0.0083000 -0.2998781 0.0245511 0.9536254
1781254049.441615 -1.8691931 -0.1115360 -1.8052444 -0.0085904 -0.2389843 0.0210324 0.9707576
1781254049.942230 -1.7713404 -0.1101485 -1.7930030 -0.0080443 -0.1934276 0.0181590 0.9809135
1781254050.476212 -1.6805180 -0.1103845 -1.7868339 -0.0076320 -0.1468420 0.0143193 0.9890269
1781254050.876690 -1.5963587 -0.1127429 -1.7924297 -0.0075724 -0.1143920 0.0113986 0.9933414
1781254051.377278 -1.4808741 -0.1116248 -1.7911328 -0.0070285 -0.0972350 0.0101105 0.9951853
1781254051.844502 -1.3732315 -0.1094049 -1.7601575 -0.0071020 -0.1263092 0.0118503 0.9918947
1781254052.612069 -1.2166709 -0.1015318 -1.6522330 -0.0072527 -0.2205108 0.0177944 0.9751952
1781254053.513102 -1.1045030 -0.0931501 -1.5277092 -0.0075379 -0.2845669 0.0201736 0.9584143
1781254054.581018 -1.0171263 -0.0827694 -1.3605040 -0.0073540 -0.3838677 0.0259776 0.9229934
1781254055.782387 -0.9727935 -0.0705406 -1.1952200 -0.0082273 -0.4743742 0.0324276 0.8796874
1781254056.783926 -0.9582311 -0.0608693 -1.0400486 -0.0098937 -0.5638952 0.0380863 0.8249084
1781254058.119980 -1.0167871 -0.0425269 -0.8079491 -0.0097401 -0.7032627 0.0463002 0.7093539
1781254059.288326 -1.1340123 -0.0288798 -0.6352445 -0.0097801 -0.8087198 0.0524996 0.5857648
1781254060.325254 -1.2334234 -0.0177776 -0.4766774 -0.0099164 -0.8059902 0.0519379 0.5895624
1781254061.126391 -1.2391388 -0.0045137 -0.2999974 -0.0088267 -0.6904343 0.0454021 0.7219150
1781254061.860531 -1.1907151 0.0051345 -0.1758084 -0.0065624 -0.5913737 0.0381460 0.8054683
1781254062.961742 -1.1061201 0.0167825 0.0319926 -0.0063130 -0.5634814 0.0351670 0.8253557
1781254063.562375 -1.0555842 0.0225982 0.1096859 -0.0044643 -0.4522339 0.0281269 0.8914446
1781254064.763721 -0.8757490 0.0240737 0.1060890 -0.0008325 -0.1930175 0.0123755 0.9811170
1781254065.197553 -0.7565001 0.0165010 0.0930656 -0.0009063 -0.0981425 0.0062632 0.9951523
1781254065.664770 -0.6362597 0.0131758 0.0681089 0.0011371 0.0066947 -0.0012707 0.9999762
1781254066.265490 -0.4911655 0.0089159 0.0380640 0.0028407 0.0839658 -0.0064353 0.9964438
1781254069.369100 0.1706150 0.0004218 0.0475223 0.0015546 -0.0280301 0.0022482 0.9996033
1781254070.003203 0.3377842 -0.0012190 0.0385071 0.0015661 -0.0171197 0.0022196 0.9998498
1781254070.403682 0.4291910 -0.0009840 0.0377537 0.0019951 0.0139047 -0.0004520 0.9999012
1781254071.071137 0.5752794 -0.0021761 0.0327484 0.0028748 0.0883976 -0.0064595 0.9960602
1781254072.105652 0.7729689 -0.0148747 -0.0455704 0.0029231 0.2846863 -0.0210451 0.9583852
1781254072.639566 0.8368130 -0.0218652 -0.1371891 0.0044456 0.4043669 -0.0283475 0.9141467
1781254073.006615 0.8719531 -0.0297363 -0.2098549 0.0051388 0.4804930 -0.0324824 0.8763818
1781254073.440388 0.8889644 -0.0375381 -0.2880486 0.0056298 0.5672622 -0.0384929 0.8226179
1781254074.107876 0.8732913 -0.0443313 -0.3558406 0.0063970 0.6512607 -0.0433628 0.7575871
1781254078.849344 0.2958970 -0.0756072 -0.8754740 0.0106904 0.8924761 -0.0579578 0.4472282
1781254080.219116 0.0515941 -0.0930586 -1.1278479 0.0099883 0.9024557 -0.0572924 0.4268390
1781254081.186886 -0.0676805 -0.1025934 -1.3122867 0.0085515 0.8821289 -0.0558338 0.4676089
1781254082.421633 -0.1806728 -0.1151092 -1.5310948 0.0080877 0.8569832 -0.0545082 0.5123897
1781254082.922186 -0.2511826 -0.1220717 -1.6373010 0.0092028 0.8612753 -0.0545840 0.5051148
1781254083.355984 -0.3294692 -0.1278221 -1.7165426 0.0097159 0.8861234 -0.0554940 0.4600123
1781254084.056769 -0.4644661 -0.1341991 -1.8627336 0.0111510 0.9093127 -0.0581872 0.4118742
1781254084.690814 -0.5865748 -0.1404867 -1.9850616 0.0107366 0.9234391 -0.0585684 0.3790971
1781254085.391608 -0.6783061 -0.1461693 -2.0733826 0.0095084 0.9321007 -0.0581991 0.3573665
1781254086.359380 -0.8927290 -0.1580234 -2.2676497 0.0082620 0.9372305 -0.0592745 0.3435364
1781254088.495247 -1.3128352 -0.1743711 -2.5918283 0.0088150 0.9382443 -0.0600615 0.3406060
1781254089.629910 -1.5093791 -0.1895507 -2.8133276 0.0088186 0.9300857 -0.0581756 0.3625996
1781254090.531013 -1.7217972 -0.1931257 -2.9826903 0.0088729 0.9632303 -0.0606423 0.2615934
1781254091.665662 -1.9707153 -0.2032173 -2.9879575 0.0110136 0.9979749 -0.0584741 0.0224858
1781254092.566678 -2.1702290 -0.1917798 -2.8988492 -0.0116879 -0.9795544 0.0595279 0.1918154
1781254093.434257 -2.3321600 -0.1627471 -2.7265399 -0.0087997 -0.9175089 0.0608891 0.3929282
1781254094.435339 -2.4082878 -0.1489288 -2.5016377 -0.0094861 -0.8119308 0.0551387 0.5810663
1781254095.705571 -2.4116340 -0.1290135 -2.1726499 -0.0094715 -0.6802542 0.0469485 0.7314100
1781254097.309633 -2.2025416 -0.1159668 -1.9179032 -0.0095710 -0.4454935 0.0329859 0.8946261
1781254102.848897 -1.0008986 -0.0760070 -1.2776589 -0.0079588 -0.4526891 0.0311572 0.8910884
1781254103.015731 -0.9834573 -0.0777761 -1.2304382 -0.0110456 -0.4787796 0.0330687 0.8772426
1781254103.816562 -0.9684778 -0.0608870 -1.0489548 -0.0115367 -0.5688670 0.0398904 0.8213806
1781254104.417214 -0.9782751 -0.0530337 -0.9217967 -0.0123977 -0.6317104 0.0428537 0.7739198
1781254106.285963 -1.1324981 -0.0223500 -0.5063233 -0.0102394 -0.7601452 0.0493307 0.6477969
1781254107.954503 -1.0800097 0.0072194 -0.1313787 -0.0063807 -0.5470711 0.0357202 0.8362994
1781254109.856651 -0.6916875 0.0139672 0.0649891 -0.0006580 -0.0848691 0.0047643 0.9963805
1781254111.491750 -0.2640324 0.0054862 0.0391087 0.0003133 -0.0134691 -0.0008083 0.9999089
1781254113.197210 0.2787735 0.0000757 0.0543194 0.0019614 0.0356691 -0.0004991 0.9993616
1781254115.300444 0.6053158 -0.0346789 -0.2477745 0.0055040 0.6310523 -0.0421838 0.7745730
1781254116.067982 0.5287366 -0.0474749 -0.4441348 0.0087681 0.7670559 -0.0492564 0.6396266
1781254116.868909 0.3925144 -0.0589564 -0.6452483 0.0104677 0.8405346 -0.0550492 0.5388523
1781254117.536358 0.2559485 -0.0692308 -0.8045695 0.0105329 0.8822776 -0.0571432 0.4671295
1781254118.471167 0.0978981 -0.0841596 -1.0144022 0.0098180 0.8914357 -0.0578125 0.4493368
1781254119.639076 -0.0957382 -0.1031057 -1.3043678 0.0085815 0.8878807 -0.0543473 0.4567719
1781254123.609929 -0.8385551 -0.1561852 -2.2388806 0.0087154 0.9497727 -0.0598021 0.3070498
1781254126.846679 -1.5636475 -0.1908237 -2.8054969 0.0093886 0.9591817 -0.0582775 0.2765611
1781254132.588706 -2.1519487 -0.1135629 -1.9200774 -0.0084605 -0.3606864 0.0280927 0.9322256
1781254141.367658 -1.0554497 0.0088211 -0.0696608 -0.0071810 -0.4816347 0.0319237 0.8757610
1781254143.036553 -0.6678941 0.0080456 0.0166296 -0.0013653 -0.0459905 0.0031643 0.9989359
1781254144.772237 -0.1019114 -0.0007385 -0.0224699 0.0003180 -0.0333937 0.0013370 0.9994413
1781254146.741565 0.5673215 0.0004264 0.0769658 -0.0015013 -0.1537138 0.0095148 0.9880685
