1781254003.434074 0.000000 0.000000 0.000000 0.000000 0.000000 0.000000 1.000000
1781254008.684093 0.187117 -0.008274 -0.009294 0.000421 0.056822 -0.003440 0.998378
1781254009.752372 0.293315 -0.005971 -0.006590 0.002110 0.085397 -0.005296 0.996331
1781254010.854337 0.419089 -0.002312 0.002069 0.003413 0.128309 -0.008875 0.991689
1781254011.857493 0.521045 -0.003412 -0.013413 0.005131 0.198344 -0.014797 0.980007
1781254012.860179 0.634291 -0.010665 -0.055950 0.004729 0.275809 -0.019974 0.960993
1781254014.161193 0.728411 -0.020507 -0.150302 0.005310 0.443380 -0.030166 0.895810
1781254015.228822 0.773681 -0.031339 -0.250118 0.005392 0.566544 -0.038177 0.823129
1781254016.463522 0.778758 -0.038196 -0.357946 0.007089 0.714073 -0.045882 0.698531
1781254017.564748 0.745997 -0.043275 -0.470160 0.009969 0.819056 -0.050456 0.571403
1781254018.732698 0.652786 -0.054715 -0.621789 0.012696 0.868356 -0.054305 0.492796
1781254019.800629 0.538255 -0.057974 -0.749612 0.014183 0.911668 -0.058382 0.406513
1781254021.002188 0.423725 -0.065829 -0.885260 0.013276 0.924262 -0.059544 0.376852
1781254022.136837 0.270274 -0.078823 -1.056121 0.010826 0.935466 -0.058950 0.348298
1781254023.571824 0.091771 -0.086306 -1.251917 0.010245 0.939815 -0.061771 0.335898
1781254024.806636 -0.055187 -0.098661 -1.424340 0.009701 0.934140 -0.061377 0.351455
1781254025.841162 -0.123012 -0.098888 -1.562038 0.009193 0.914205 -0.060742 0.400568
1781254026.875560 -0.187367 -0.104731 -1.691821 0.008951 0.909552 -0.061376 0.410936
1781254027.910773 -0.288775 -0.116444 -1.861735 0.010895 0.916305 -0.060936 0.395669
1781254028.979543 -0.412651 -0.126178 -1.994542 0.011580 0.931100 -0.061753 0.359311
1781254029.980867 -0.552968 -0.134725 -2.123769 0.009016 0.942960 -0.061988 0.326961
1781254031.249275 -0.729064 -0.146864 -2.280840 0.006047 0.943048 -0.061074 0.326946
1781254032.417595 -0.849157 -0.158530 -2.395706 0.005115 0.937530 -0.057882 0.343016
1781254033.419036 -1.009835 -0.166320 -2.516880 0.006142 0.943479 -0.059409 0.326006
1781254034.520601 -1.172578 -0.174977 -2.684927 0.005904 0.936063 -0.060247 0.346585
1781254035.588741 -1.332195 -0.179953 -2.841189 0.005241 0.941838 -0.063213 0.330027
1781254036.656984 -1.485196 -0.193436 -2.992392 0.004971 0.944838 -0.060502 0.321864
1781254037.758424 -1.642404 -0.198991 -3.162809 0.003592 0.947175 -0.055834 0.315800
1781254038.759775 -1.814539 -0.201079 -3.222565 0.005791 0.983905 -0.058180 0.168854
1781254039.928057 -2.036720 -0.205567 -3.183795 0.004309 0.996474 -0.059818 -0.058680
1781254041.098126 -2.261160 -0.201573 -3.043662 0.004129 0.959455 -0.063017 -0.274696
1781254042.166822 -2.424654 -0.190727 -2.875120 0.002437 0.907233 -0.061673 -0.416076
1781254043.167929 -2.492463 -0.187903 -2.717134 -0.001441 -0.835192 0.054708 0.547229
1781254044.903166 -2.447914 -0.166789 -2.451652 -0.001698 -0.675502 0.045723 0.735937
1781254046.605015 -2.399892 -0.155034 -2.070610 -0.003068 -0.661239 0.043571 0.748903
1781254047.606147 -2.303871 -0.150745 -1.973066 -0.004260 -0.508457 0.035392 0.860349
1781254048.707428 -2.092202 -0.139118 -1.899657 -0.002695 -0.339299 0.027279 0.940279
1781254049.741985 -1.869999 -0.133156 -1.834342 -0.002690 -0.250022 0.021956 0.967988
1781254050.843318 -1.661583 -0.133507 -1.819590 -0.002628 -0.147382 0.014350 0.988972
1781254051.844502 -1.409313 -0.126578 -1.783306 -0.003654 -0.148393 0.012950 0.988837
1781254052.945788 -1.197572 -0.107829 -1.621519 -0.003231 -0.269039 0.019789 0.962921
1781254053.946945 -1.093605 -0.096236 -1.473698 -0.004450 -0.337946 0.021848 0.940901
1781254055.148365 -1.025553 -0.081017 -1.300029 -0.003189 -0.435976 0.027747 0.899525
1781254056.149416 -1.001091 -0.061140 -1.181302 -0.003314 -0.503478 0.032267 0.863399
1781254057.184998 -0.997524 -0.045969 -0.992068 -0.004516 -0.604509 0.036803 0.795735
1781254058.286883 -1.068648 -0.029583 -0.791768 -0.004759 -0.720994 0.043495 0.691559
1781254059.421851 -1.187186 -0.017159 -0.629051 -0.005248 -0.818479 0.048739 0.572442
1781254060.826079 -1.284891 0.001824 -0.362054 -0.004875 -0.736868 0.045135 0.674510
1781254061.827159 -1.222919 0.014587 -0.174174 -0.002565 -0.592563 0.036295 0.804702
1781254063.061846 -1.125296 0.025473 0.060809 -0.002245 -0.544703 0.031726 0.838026
1781254064.429995 -0.961169 0.030449 0.122925 0.001048 -0.256969 0.014569 0.966309
1781254065.598022 -0.669194 0.016814 0.088075 0.002369 -0.004869 -0.001363 0.999984
1781254066.732697 -0.397935 0.008204 0.024931 0.003132 0.092148 -0.008008 0.995708
1781254067.867321 -0.136955 0.004380 0.037277 0.001492 0.036520 -0.004221 0.999323
1781254068.935249 0.074149 0.002400 0.052286 0.001984 -0.009273 -0.000260 0.999955
1781254070.437056 0.447589 -0.001628 0.038845 0.002028 0.015244 -0.002719 0.999878
1781254071.571715 0.715470 -0.003731 0.011846 0.004684 0.164244 -0.013330 0.986319
1781254072.706303 0.893626 -0.026308 -0.155361 0.004177 0.412982 -0.029037 0.910267
1781254074.107876 0.928341 -0.043170 -0.359100 0.006920 0.648560 -0.043519 0.759887
1781254076.345053 0.762643 -0.039445 -0.379992 0.010320 0.786046 -0.047269 0.616272
1781254077.446552 0.589427 -0.050232 -0.587921 0.012751 0.842145 -0.052383 0.536549
1781254078.581696 0.408165 -0.062489 -0.860714 0.012101 0.883615 -0.056778 0.464602
1781254079.618500 0.229779 -0.075166 -1.062110 0.011035 0.896398 -0.057631 0.439349
1781254080.719668 0.057819 -0.087581 -1.281023 0.008484 0.889649 -0.057327 0.452953
1781254081.720839 -0.040887 -0.094092 -1.475976 0.008546 0.864571 -0.057361 0.499153
1781254082.755337 -0.136477 -0.104930 -1.670979 0.007573 0.848779 -0.056779 0.525636
1781254083.923286 -0.354542 -0.122645 -1.908120 0.010031 0.900406 -0.059144 0.430894
1781254084.924414 -0.525054 -0.130364 -2.090756 0.009623 0.922614 -0.060701 0.380798
1781254086.025670 -0.729866 -0.148464 -2.288665 0.006761 0.930558 -0.059426 0.361228
1781254087.560788 -1.039168 -0.167052 -2.527704 0.006776 0.938622 -0.057648 0.340028
1781254088.595366 -1.221039 -0.176253 -2.690599 0.006079 0.931957 -0.057842 0.357874
1781254089.730034 -1.412566 -0.185535 -2.928580 0.004389 0.927529 -0.062537 0.368457
1781254090.797993 -1.630231 -0.197243 -3.097653 0.004788 0.971582 -0.056745 0.229749
1781254091.832521 -1.888224 -0.205458 -3.103282 0.005662 0.998283 -0.058172 0.003982
1781254092.933738 -2.177467 -0.202183 -2.948586 0.005254 0.967038 -0.058775 -0.247701
1781254093.968174 -2.349351 -0.183519 -2.708205 0.004523 0.878567 -0.056183 -0.474282
1781254094.969973 -2.432054 -0.169231 -2.459524 -0.002775 -0.806023 0.051745 0.589612
1781254096.475338 -2.367628 -0.159616 -2.107276 -0.003814 -0.617327 0.040981 0.785629
1781254097.576601 -2.182659 -0.142858 -1.942256 -0.003384 -0.428412 0.031808 0.903017
1781254098.744542 -1.827822 -0.131951 -1.836591 -0.002349 -0.199018 0.019069 0.979808
1781254100.045947 -1.476565 -0.124391 -1.768867 -0.002790 -0.128520 0.012267 0.991627
1781254101.047016 -1.261711 -0.108462 -1.649359 -0.003252 -0.207838 0.016436 0.978020
1781254102.114803 -1.080475 -0.094219 -1.457629 -0.004771 -0.334850 0.022397 0.941993
1781254103.249297 -1.015340 -0.062362 -1.200923 -0.004014 -0.511986 0.033014 0.858350
1781254104.317107 -1.010458 -0.042696 -0.964534 -0.004658 -0.623215 0.038235 0.781101
1781254105.451693 -1.094778 -0.024488 -0.703543 -0.004873 -0.741304 0.044120 0.669701
1781254106.786526 -1.167141 -0.002575 -0.392573 -0.003963 -0.677288 0.041774 0.734520
1781254107.854390 -1.114386 0.011558 -0.145889 -0.002656 -0.563416 0.034316 0.825456
1781254109.022391 -0.948137 0.024786 0.034343 0.002494 -0.273564 0.015984 0.961718
1781254110.490643 -0.527115 0.012250 0.057676 0.002308 0.010990 -0.002547 0.999934
1781254111.491750 -0.266129 0.002972 0.040217 0.000814 -0.012091 -0.001469 0.999925
1781254112.728696 0.116828 0.000648 0.063024 0.000346 -0.035329 0.002205 0.999373
1781254113.765422 0.478674 -0.002196 0.016621 0.005045 0.172645 -0.011745 0.984901
1781254115.000125 0.669873 -0.022641 -0.194930 0.006800 0.531387 -0.034296 0.846407
1781254116.001238 0.591107 -0.038694 -0.448618 0.008264 0.758315 -0.048331 0.650041
1781254117.002398 0.430812 -0.053100 -0.716439 0.011524 0.846834 -0.053899 0.528993
1781254118.003760 0.235703 -0.069093 -0.958344 0.011029 0.887843 -0.056346 0.456550
1781254119.605705 -0.007524 -0.083035 -1.382639 0.008973 0.882912 -0.059445 0.465674
1781254120.606793 -0.140501 -0.103494 -1.672454 0.008171 0.859370 -0.057472 0.508049
1781254121.641168 -0.349389 -0.124864 -1.928551 0.009598 0.900499 -0.058451 0.430805
1781254122.742329 -0.557515 -0.140601 -2.166208 0.006805 0.913320 -0.057617 0.403088
1781254123.976987 -0.830968 -0.159306 -2.367506 0.006201 0.942813 -0.057505 0.328267
1781254125.078159 -1.081865 -0.168120 -2.579416 0.004667 0.936256 -0.057932 0.346477
1781254126.112570 -1.295088 -0.184530 -2.799459 0.004929 0.935656 -0.056298 0.348360
1781254127.213756 -1.554127 -0.194006 -2.957659 0.004804 0.974318 -0.057759 0.217591
1781254128.214877 -1.864449 -0.201050 -2.993603 0.006258 0.998146 -0.058345 0.016153
1781254129.250491 -2.219765 -0.198424 -2.875695 0.004742 0.955882 -0.058520 -0.287824
1781254130.419119 -2.438840 -0.174605 -2.565974 -0.002020 -0.818886 0.053696 0.571436
1781254131.420477 -2.414377 -0.161940 -2.233309 -0.003065 -0.654489 0.043591 0.754808
1781254132.455194 -2.233199 -0.148777 -2.004888 -0.003228 -0.433528 0.032236 0.900558
1781254133.456544 -1.899870 -0.137949 -1.877212 -0.002072 -0.210671 0.019583 0.977359
1781254134.491562 -1.532008 -0.127653 -1.794119 -0.002740 -0.189757 0.016640 0.981686
