0.000000 0.000000 0.000000 -0.397935 0.008204 0.024931
0.000000 0.000000 0.000000 -0.136955 0.004380 0.037277
0.000000 0.000000 0.000000 0.074149 0.002400 0.052286
0.419089 -0.002312 0.002069 0.447589 -0.001628 0.038845
0.778758 -0.038196 -0.357946 0.928341 -0.043170 -0.359100
0.745997 -0.043275 -0.470160 0.762643 -0.039445 -0.379992
0.652786 -0.054715 -0.621789 0.589427 -0.050232 -0.587921
0.270274 -0.078823 -1.056121 0.229779 -0.075166 -1.062110
0.091771 -0.086306 -1.251917 0.057819 -0.087581 -1.281023
-0.055187 -0.098661 -1.424340 -0.040887 -0.094092 -1.475976
-0.288775 -0.116444 -1.861735 -0.354542 -0.122645 -1.908120
-0.729064 -0.146864 -2.280840 -0.729866 -0.148464 -2.288665
-0.849157 -0.158530 -2.395706 -0.830968 -0.159306 -2.367506
-1.009835 -0.166320 -2.516880 -1.039168 -0.167052 -2.527704
-1.172578 -0.174977 -2.684927 -1.221039 -0.176253 -2.690599
-1.332195 -0.179953 -2.841189 -1.412566 -0.185535 -2.928580
-1.642404 -0.198991 -3.162809 -1.630231 -0.197243 -3.097653
-2.261160 -0.201573 -3.043662 -2.177467 -0.202183 -2.948586
-2.424654 -0.190727 -2.875120 -2.349351 -0.183519 -2.708205
-2.447914 -0.166789 -2.451652 -2.432054 -0.169231 -2.459524
-2.399892 -0.155034 -2.070610 -2.367628 -0.159616 -2.107276
-1.869999 -0.133156 -1.834342 -1.827822 -0.131951 -1.836591
-1.409313 -0.126578 -1.783306 -1.476565 -0.124391 -1.768867
-1.197572 -0.107829 -1.621519 -1.261711 -0.108462 -1.649359
-1.093605 -0.096236 -1.473698 -1.080475 -0.094219 -1.457629
-1.001091 -0.061140 -1.181302 -1.015340 -0.062362 -1.200923
-0.997524 -0.045969 -0.992068 -1.010458 -0.042696 -0.964534
-1.068648 -0.029583 -0.791768 -1.094778 -0.024488 -0.703543
-1.284891 0.001824 -0.362054 -1.167141 -0.002575 -0.392573
-1.222919 0.014587 -0.174174 -1.114386 0.011558 -0.145889
-0.961169 0.030449 0.122925 -0.948137 0.024786 0.034343
-0.669194 0.016814 0.088075 -0.527115 0.012250 0.057676
-0.397935 0.008204 0.024931 0.000000 0.000000 0.000000
-0.136955 0.004380 0.037277 0.000000 0.000000 0.000000
-0.136955 0.004380 0.037277 -0.266129 0.002972 0.040217
0.074149 0.002400 0.052286 0.000000 0.000000 0.000000
0.074149 0.002400 0.052286 0.116828 0.000648 0.063024
0.447589 -0.001628 0.038845 0.419089 -0.002312 0.002069
0.447589 -0.001628 0.038845 0.478674 -0.002196 0.016621
0.928341 -0.043170 -0.359100 0.778758 -0.038196 -0.357946
0.762643 -0.039445 -0.379992 0.745997 -0.043275 -0.470160
0.589427 -0.050232 -0.587921 0.652786 -0.054715 -0.621789
0.589427 -0.050232 -0.587921 0.430812 -0.053100 -0.716439
0.229779 -0.075166 -1.062110 0.270274 -0.078823 -1.056121
0.057819 -0.087581 -1.281023 0.091771 -0.086306 -1.251917
-0.040887 -0.094092 -1.475976 -0.055187 -0.098661 -1.424340
-0.136477 -0.104930 -1.670979 -0.140501 -0.103494 -1.672454
-0.354542 -0.122645 -1.908120 -0.288775 -0.116444 -1.861735
-0.354542 -0.122645 -1.908120 -0.349389 -0.124864 -1.928551
-0.729866 -0.148464 -2.288665 -0.729064 -0.146864 -2.280840
-1.039168 -0.167052 -2.527704 -1.009835 -0.166320 -2.516880
-1.039168 -0.167052 -2.527704 -1.081865 -0.168120 -2.579416
-1.221039 -0.176253 -2.690599 -1.172578 -0.174977 -2.684927
-1.412566 -0.185535 -2.928580 -1.332195 -0.179953 -2.841189
-1.630231 -0.197243 -3.097653 -1.642404 -0.198991 -3.162809
-1.630231 -0.197243 -3.097653 -1.554127 -0.194006 -2.957659
-1.888224 -0.205458 -3.103282 -1.864449 -0.201050 -2.993603
-2.177467 -0.202183 -2.948586 -2.261160 -0.201573 -3.043662
-2.177467 -0.202183 -2.948586 -2.219765 -0.198424 -2.875695
-2.349351 -0.183519 -2.708205 -2.424654 -0.190727 -2.875120
-2.432054 -0.169231 -2.459524 -2.447914 -0.166789 -2.451652
-2.432054 -0.169231 -2.459524 -2.438840 -0.174605 -2.565974
-2.367628 -0.159616 -2.107276 -2.399892 -0.155034 -2.070610
-2.367628 -0.159616 -2.107276 -2.414377 -0.161940 -2.233309
-2.182659 -0.142858 -1.942256 -2.233199 -0.148777 -2.004888
-1.827822 -0.131951 -1.836591 -1.869999 -0.133156 -1.834342
-1.476565 -0.124391 -1.768867 -1.409313 -0.126578 -1.783306
-1.476565 -0.124391 -1.768867 -1.532008 -0.127653 -1.794119
-1.261711 -0.108462 -1.649359 -1.197572 -0.107829 -1.621519
-1.080475 -0.094219 -1.457629 -1.093605 -0.096236 -1.473698
-1.015340 -0.062362 -1.200923 -1.001091 -0.061140 -1.181302
-1.010458 -0.042696 -0.964534 -0.997524 -0.045969 -0.992068
-1.094778 -0.024488 -0.703543 -1.068648 -0.029583 -0.791768
-1.167141 -0.002575 -0.392573 -1.284891 0.001824 -0.362054
-1.114386 0.011558 -0.145889 -1.222919 0.014587 -0.174174
-0.948137 0.024786 0.034343 -0.961169 0.030449 0.122925
-0.527115 0.012250 0.057676 -0.669194 0.016814 0.088075
-0.266129 0.002972 0.040217 -0.136955 0.004380 0.037277
0.116828 0.000648 0.063024 0.074149 0.002400 0.052286
0.478674 -0.002196 0.016621 0.447589 -0.001628 0.038845
0.430812 -0.053100 -0.716439 0.589427 -0.050232 -0.587921
-0.140501 -0.103494 -1.672454 -0.136477 -0.104930 -1.670979
-0.349389 -0.124864 -1.928551 -0.354542 -0.122645 -1.908120
-0.830968 -0.159306 -2.367506 -0.849157 -0.158530 -2.395706
-1.081865 -0.168120 -2.579416 -1.039168 -0.167052 -2.527704
-1.554127 -0.194006 -2.957659 -1.630231 -0.197243 -3.097653
-1.864449 -0.201050 -2.993603 -1.888224 -0.205458 -3.103282
-2.219765 -0.198424 -2.875695 -2.177467 -0.202183 -2.948586
-2.438840 -0.174605 -2.565974 -2.432054 -0.169231 -2.459524
-2.414377 -0.161940 -2.233309 -2.367628 -0.159616 -2.107276
-2.233199 -0.148777 -2.004888 -2.182659 -0.142858 -1.942256
-1.532008 -0.127653 -1.794119 -1.476565 -0.124391 -1.768867
