1781254294.783055 0.0000000 0.0000000 0.0000000 -0.0000000 -0.0000000 -0.0000000 1.0000000
1781254296.602275 0.1255666 -0.0033223 0.0047818 -0.0008839 -0.0019601 -0.0004943 0.9999976
1781254296.635653 0.1315933 -0.0030547 0.0057937 -0.0007690 -0.0018054 -0.0005603 0.9999979
1781254296.835926 0.1712896 -0.0040692 0.0150868 -0.0009739 -0.0062300 -0.0009044 0.9999797
1781254297.069585 0.2247122 -0.0046902 0.0250381 -0.0008937 -0.0107619 -0.0006838 0.9999415
1781254297.470336 0.3362527 -0.0052341 0.0476229 -0.0007668 -0.0266825 -0.0005677 0.9996435
1781254297.837796 0.4608051 -0.0067529 0.0740220 -0.0018247 -0.0421097 -0.0000184 0.9991114
1781254298.238645 0.6054371 -0.0086884 0.1048213 -0.0032343 -0.0516628 -0.0007250 0.9986591
1781254298.572477 0.7364604 -0.0075013 0.1400254 -0.0032345 -0.0536888 -0.0003157 0.9985524
1781254298.839554 0.8420390 -0.0091441 0.1703187 -0.0039409 -0.0536309 -0.0002308 0.9985530
1781254299.106638 0.9373907 -0.0095907 0.2005188 -0.0039974 -0.0616026 0.0001327 0.9980928
1781254299.440429 1.0512233 -0.0086367 0.2432097 -0.0028238 -0.0820573 0.0015859 0.9966224
1781254299.674078 1.1365364 -0.0082657 0.2692947 -0.0025817 -0.0795442 0.0015411 0.9968268
1781254299.840971 1.2061611 -0.0116118 0.2813716 -0.0032590 -0.0684396 0.0008114 0.9976496
1781254300.007864 1.2772048 -0.0114314 0.2930316 -0.0022507 -0.0554178 0.0002205 0.9984607
1781254300.208159 1.3592646 -0.0130591 0.3057864 -0.0020268 -0.0412665 -0.0009534 0.9991457
1781254300.475285 1.4754117 -0.0125260 0.3221302 -0.0017222 -0.0215966 -0.0027018 0.9997616
1781254300.709034 1.5820266 -0.0137014 0.3339489 -0.0022205 -0.0079475 -0.0039024 0.9999583
1781254300.876007 1.6610861 -0.0119789 0.3455738 -0.0010382 0.0014817 -0.0052241 0.9999847
1781254300.976193 1.7099711 -0.0171841 0.3472682 -0.0026036 0.0057986 -0.0056966 0.9999636
1781254301.143175 1.7866373 -0.0185553 0.3571480 -0.0027738 0.0061786 -0.0059197 0.9999596
1781254301.310052 1.8612725 -0.0199293 0.3676942 -0.0025434 0.0073041 -0.0067116 0.9999476
1781254301.476928 1.9370803 -0.0202392 0.3777046 -0.0020804 0.0052349 -0.0064791 0.9999632
1781254301.577054 1.9829406 -0.0194161 0.3855707 -0.0016397 0.0035628 -0.0067626 0.9999695
1781254301.677178 2.0282137 -0.0197367 0.3936671 -0.0016799 0.0017692 -0.0067593 0.9999742
1781254301.810677 2.0934143 -0.0201693 0.4030264 -0.0014455 0.0018828 -0.0064484 0.9999764
1781254301.910800 2.1382680 -0.0202213 0.4108294 -0.0015598 -0.0004901 -0.0066391 0.9999766
1781254301.977549 2.1670287 -0.0199985 0.4164296 -0.0013795 0.0002559 -0.0067223 0.9999765
1781254302.077672 2.2108047 -0.0201411 0.4236181 -0.0009771 0.0002440 -0.0068052 0.9999763
1781254302.211177 2.2691915 -0.0206300 0.4331883 -0.0008867 -0.0014614 -0.0070595 0.9999737
1781254302.344687 2.3287082 -0.0226343 0.4374391 -0.0009449 0.0013964 -0.0068428 0.9999751
1781254302.578329 2.4324870 -0.0258514 0.4465502 -0.0008181 0.0062707 -0.0071647 0.9999543
1781254302.745216 2.5035748 -0.0279334 0.4531627 -0.0009449 0.0162985 -0.0078052 0.9998363
1781254302.945482 2.5869343 -0.0309047 0.4603501 -0.0009730 0.0318541 -0.0084959 0.9994559
1781254303.145746 2.6625168 -0.0324563 0.4642130 -0.0004765 0.0434767 -0.0102811 0.9990014
1781254303.312618 2.7234223 -0.0327219 0.4673277 -0.0004132 0.0504043 -0.0107715 0.9986708
1781254303.479490 2.7842989 -0.0374035 0.4661623 -0.0022184 0.0644010 -0.0108280 0.9978629
1781254303.646361 2.8468459 -0.0389572 0.4608415 -0.0021856 0.0860539 -0.0123210 0.9962119
1781254303.813231 2.9088793 -0.0399427 0.4510666 -0.0011334 0.1146072 -0.0123970 0.9933329
1781254304.046846 2.9908042 -0.0455511 0.4289736 -0.0012463 0.1519623 -0.0145156 0.9882789
1781254304.347243 3.0815685 -0.0505783 0.3918878 0.0004568 0.2125591 -0.0174645 0.9769920
1781254304.881314 3.2260580 -0.0644104 0.2948712 0.0017983 0.3316381 -0.0239094 0.9431020
1781254305.315238 3.3148191 -0.0695252 0.1869884 0.0047935 0.4522734 -0.0317016 0.8913029
1781254305.682387 3.3871572 -0.0800944 0.0752475 0.0057958 0.5381916 -0.0367136 0.8420026
1781254305.916029 3.4219027 -0.0794687 -0.0066600 0.0091410 0.5950945 -0.0419569 0.8025078
1781254306.249793 3.4469321 -0.0958461 -0.1432939 0.0079943 0.6705282 -0.0471458 0.7403413
1781254306.650284 3.4353697 -0.1069413 -0.3121452 0.0076915 0.7581503 -0.0543048 0.6497691
1781254307.084141 3.3884888 -0.1169209 -0.4672499 0.0099169 0.8438076 -0.0600743 0.5331805
1781254307.484687 3.3103151 -0.1276781 -0.5928612 0.0121821 0.9013624 -0.0623239 0.4283845
1781254307.718347 3.2476566 -0.1387234 -0.6526923 0.0124160 0.9268779 -0.0618518 0.3700238
1781254307.885250 3.2021787 -0.1420811 -0.6948225 0.0128348 0.9422278 -0.0631345 0.3287187
1781254308.052151 3.1533899 -0.1444513 -0.7310359 0.0133151 0.9561968 -0.0636165 0.2854179
1781254308.185669 3.1149139 -0.1471181 -0.7551150 0.0142683 0.9657653 -0.0636748 0.2510765
1781254308.285800 3.0854015 -0.1463536 -0.7732623 0.0148657 0.9725171 -0.0644133 0.2232499
1781254308.419308 3.0438786 -0.1472456 -0.7911434 0.0155930 0.9797117 -0.0646238 0.1890649
1781254308.552816 3.0033519 -0.1483475 -0.8064053 0.0164936 0.9856542 -0.0646790 0.1550174
1781254308.719700 2.9540751 -0.1472222 -0.8197168 0.0168813 0.9922171 -0.0650937 0.1048011
1781254308.853208 2.9023983 -0.1455989 -0.8223765 0.0181853 0.9960982 -0.0651350 0.0567022
1781254308.986715 2.8523092 -0.1463861 -0.8170107 0.0185002 0.9977216 -0.0646409 0.0055729
1781254309.053468 2.8282480 -0.1416844 -0.8197286 -0.0183578 -0.9974358 0.0656674 0.0217402
1781254309.153599 2.7875893 -0.1430796 -0.8107419 -0.0195568 -0.9960521 0.0648107 0.0574233
1781254309.253731 2.7501745 -0.1402692 -0.8012273 -0.0193583 -0.9933848 0.0648530 0.0927683
1781254309.353861 2.7121778 -0.1375449 -0.7958071 -0.0192802 -0.9896826 0.0647556 0.1263465
1781254309.520746 2.6548777 -0.1362737 -0.7730517 -0.0191075 -0.9821139 0.0636474 0.1761710
1781254309.587500 2.6310368 -0.1351299 -0.7663292 -0.0193193 -0.9795864 0.0633112 0.1898129
1781254309.687631 2.5970242 -0.1341441 -0.7500512 -0.0191725 -0.9738203 0.0630000 0.2175718
1781254309.821138 2.5497580 -0.1319435 -0.7286912 -0.0193742 -0.9679552 0.0621242 0.2425446
1781254309.954647 2.5026181 -0.1300790 -0.7092941 -0.0190518 -0.9634587 0.0614589 0.2600140
1781254310.154908 2.4308622 -0.1281015 -0.6857712 -0.0189327 -0.9627665 0.0613815 0.2625921
1781254310.421942 2.3340149 -0.1242170 -0.6587861 -0.0183842 -0.9667665 0.0614116 0.2474938
1781254310.622219 2.2578022 -0.1210490 -0.6453641 -0.0186562 -0.9717776 0.0621283 0.2268045
1781254310.755736 2.2079151 -0.1183624 -0.6403812 -0.0184373 -0.9754610 0.0627443 0.2102359
1781254310.956013 2.1341951 -0.1168291 -0.6345202 -0.0184163 -0.9811282 0.0630786 0.1818499
1781254311.156291 2.0639384 -0.1147185 -0.6391450 -0.0181039 -0.9862197 0.0631724 0.1518297
1781254311.356546 1.9949701 -0.1134563 -0.6466236 -0.0175974 -0.9905059 0.0637424 0.1205207
1781254311.523423 1.9337711 -0.1134471 -0.6568306 -0.0171336 -0.9934629 0.0639058 0.0930272
1781254311.757052 1.8548601 -0.1137592 -0.6783775 -0.0166611 -0.9962493 0.0642346 0.0555315
1781254311.957304 1.7914782 -0.1134255 -0.7068279 -0.0158159 -0.9976016 0.0645279 0.0194191
1781254312.157557 1.7276237 -0.1153911 -0.7397728 0.0149027 0.9974967 -0.0647288 0.0242578
1781254312.324435 1.6759540 -0.1168092 -0.7725022 0.0145272 0.9958014 -0.0646191 0.0631886
1781254312.457937 1.6366960 -0.1177454 -0.8003631 0.0140137 0.9934916 -0.0650395 0.0924543
1781254312.624814 1.5899264 -0.1193594 -0.8367416 0.0133982 0.9892010 -0.0654599 0.1304488
1781254312.825067 1.5334340 -0.1212424 -0.8840485 0.0131236 0.9830812 -0.0655599 0.1705317
1781254313.025319 1.4746044 -0.1233585 -0.9346268 0.0130710 0.9768011 -0.0652957 0.2035321
1781254313.258950 1.4159391 -0.1277045 -0.9968820 0.0125446 0.9693842 -0.0642229 0.2366693
1781254313.425836 1.3773801 -0.1303221 -1.0459918 0.0125911 0.9618984 -0.0635269 0.2656262
1781254313.626097 1.3330688 -0.1343564 -1.1091388 0.0119439 0.9516495 -0.0625009 0.3005235
1781254313.893113 1.2907043 -0.1401279 -1.1930261 0.0107016 0.9356470 -0.0608131 0.3474938
1781254314.093374 1.2717699 -0.1440889 -1.2504365 0.0095699 0.9213700 -0.0601268 0.3838888
1781254314.293633 1.2538129 -0.1483021 -1.3086501 0.0089645 0.9067975 -0.0594303 0.4172601
1781254314.594018 1.2393885 -0.1537921 -1.3944764 0.0086543 0.8834895 -0.0587887 0.4646669
1781254314.760898 1.2349296 -0.1571542 -1.4455014 0.0082246 0.8695410 -0.0579841 0.4903760
1781254315.061284 1.2199208 -0.1645316 -1.5378520 0.0078005 0.8555600 -0.0569278 0.5145050
1781254315.294916 1.2040861 -0.1696850 -1.6175349 0.0076359 0.8545979 -0.0567235 0.5161265
1781254315.528548 1.1880075 -0.1757195 -1.6940739 0.0073113 0.8603291 -0.0579584 0.5063806
1781254316.629939 1.1805953 -0.1789964 -1.7285303 0.0072370 0.8616284 -0.0572404 0.5042496
1781254317.264068 1.1697609 -0.1814200 -1.7640094 0.0072223 0.8660271 -0.0575090 0.4966262
1781254317.631223 1.1500254 -0.1851639 -1.7842189 0.0063099 0.8737832 -0.0588700 0.4826981
1781254317.898245 1.1193438 -0.1858170 -1.8161118 0.0101485 0.8985949 -0.0590414 0.4346704
1781254318.131889 1.0781329 -0.1864777 -1.8490453 0.0086753 0.9311921 -0.0623360 0.3590548
1781254318.365516 1.0252154 -0.1872201 -1.8813915 0.0089570 0.9558170 -0.0643694 0.2866884
1781254318.632513 0.9458115 -0.1893656 -1.9095006 0.0094557 0.9773470 -0.0653137 0.2010909
1781254318.999632 0.8316246 -0.1881283 -1.9281552 0.0101107 0.9940417 -0.0675870 0.0849165
1781254319.400119 0.6877756 -0.1847212 -1.9119972 -0.0122137 -0.9962664 0.0678839 0.0519228
1781254319.600359 0.6197903 -0.1813747 -1.8904723 -0.0129794 -0.9910771 0.0675186 0.1141885
1781254319.767225 0.5639011 -0.1789700 -1.8677380 -0.0132743 -0.9850429 0.0670262 0.1581832
1781254319.934091 0.5057538 -0.1763639 -1.8437804 -0.0130977 -0.9791937 0.0669379 0.1911216
1781254320.134328 0.4371364 -0.1728854 -1.8065405 -0.0138488 -0.9719107 0.0675374 0.2250257
1781254320.334566 0.3731868 -0.1693828 -1.7695081 -0.0131644 -0.9638873 0.0664497 0.2575509
1781254320.534804 0.3055012 -0.1656728 -1.7330322 -0.0131485 -0.9588304 0.0661788 0.2758475
1781254320.835158 0.2010375 -0.1604096 -1.6774038 -0.0136247 -0.9535463 0.0657468 0.2936687
1781254321.135512 0.0863866 -0.1544974 -1.6128622 -0.0144383 -0.9485866 0.0653721 0.3093564
1781254321.469260 -0.0483791 -0.1483643 -1.5403683 -0.0148348 -0.9398586 0.0654083 0.3349141
1781254321.803010 -0.1725873 -0.1387750 -1.4569911 -0.0148333 -0.9224750 0.0652310 0.3802168
1781254322.170135 -0.2770841 -0.1288004 -1.3677156 -0.0142928 -0.8985044 0.0638994 0.4340536
1781254322.437131 -0.3357458 -0.1191250 -1.3018140 -0.0131381 -0.8698338 0.0626774 0.4891708
1781254322.537256 -0.3530269 -0.1196260 -1.2790784 -0.0130789 -0.8574650 0.0609115 0.5107569
1781254322.737502 -0.3818142 -0.1138689 -1.2295094 -0.0130465 -0.8271379 0.0586704 0.5587758
1781254322.937748 -0.3939105 -0.1084496 -1.1794207 -0.0122786 -0.7852687 0.0560404 0.6164916
1781254323.338258 -0.3821431 -0.0916889 -1.0379387 -0.0131361 -0.6790195 0.0499922 0.7322983
1781254325.641260 0.1300393 -0.0065278 -0.0537129 -0.0025779 -0.0816713 0.0040558 0.9966478
