1781254003.335635 0.0000000 0.0000000 0.0000000 -0.0000000 -0.0000000 -0.0000000 1.0000000
1781254007.849235 0.0966163 0.0003646 0.0016771 0.0025184 0.0225951 -0.0025185 0.9997384
1781254007.882638 0.1002919 0.0001001 0.0016752 0.0025339 0.0238141 -0.0023353 0.9997105
1781254008.049663 0.1188111 -0.0003727 0.0011097 0.0025299 0.0318865 -0.0026073 0.9994850
1781254008.450435 0.1616524 -0.0010901 -0.0007606 0.0026948 0.0478367 -0.0035305 0.9988453
1781254008.984511 0.2199706 -0.0016243 -0.0028354 0.0029830 0.0681016 -0.0045104 0.9976637
1781254009.952726 0.3176441 -0.0023513 -0.0039990 0.0034102 0.0920467 -0.0051110 0.9957358
1781254010.887731 0.4133856 -0.0042962 -0.0022552 0.0033049 0.1303348 -0.0083215 0.9914296
1781254011.924468 0.5172549 -0.0062466 -0.0196810 0.0039163 0.2069479 -0.0143122 0.9782395
1781254012.760122 0.6037027 -0.0082234 -0.0516069 0.0047676 0.2773151 -0.0193881 0.9605716
1781254013.593995 0.6636452 -0.0112531 -0.0964672 0.0055579 0.3704872 -0.0250524 0.9284831
1781254014.328009 0.7001880 -0.0149178 -0.1590385 0.0065356 0.4719514 -0.0313913 0.8810413
1781254015.162099 0.7299359 -0.0218649 -0.2369241 0.0079501 0.5637649 -0.0369011 0.8250722
1781254015.862846 0.7406759 -0.0262530 -0.2986222 0.0089234 0.6450514 -0.0422046 0.7629206
1781254016.663748 0.7218562 -0.0309384 -0.3596047 0.0090276 0.7417853 -0.0459330 0.6690017
1781254017.731606 0.6702182 -0.0369398 -0.4738522 0.0109524 0.8290686 -0.0506154 0.5567436
1781254018.999632 0.5668843 -0.0429959 -0.6259103 0.0145695 0.8841340 -0.0557547 0.4636661
1781254019.834012 0.4778193 -0.0476471 -0.7253309 0.0145105 0.9135398 -0.0580184 0.4023286
1781254020.801962 0.3873534 -0.0530425 -0.8323616 0.0142691 0.9237019 -0.0589069 0.3782873
1781254021.569503 0.3020843 -0.0575931 -0.9305899 0.0141321 0.9306615 -0.0588418 0.3608423
1781254022.570673 0.1493473 -0.0674506 -1.0865343 0.0134875 0.9399615 -0.0591074 0.3358523
1781254023.772059 0.0120255 -0.0733876 -1.2421546 0.0129503 0.9398590 -0.0597073 0.3360542
1781254025.140387 -0.1365433 -0.0856024 -1.4246763 0.0118752 0.9305569 -0.0567960 0.3615205
1781254025.941263 -0.1978585 -0.0919606 -1.5352827 0.0110458 0.9145041 -0.0557935 0.4005589
1781254026.675349 -0.2478359 -0.0969136 -1.6229863 0.0115733 0.9122113 -0.0562473 0.4056758
1781254027.209236 -0.2938638 -0.1014011 -1.7136617 0.0118464 0.9101281 -0.0569884 0.4102181
1781254027.944196 -0.3662488 -0.1062143 -1.8271320 0.0122993 0.9192126 -0.0578651 0.3892926
1781254028.278456 -0.4084034 -0.1102230 -1.8697037 0.0124692 0.9273049 -0.0579543 0.3695828
1781254028.846032 -0.4739258 -0.1131528 -1.9422281 0.0124299 0.9313213 -0.0586182 0.3592355
1781254029.380073 -0.5431242 -0.1163276 -2.0122924 0.0122667 0.9369386 -0.0588666 0.3442824
1781254029.947489 -0.6255286 -0.1199853 -2.0829189 0.0116742 0.9443529 -0.0586158 0.3234587
1781254030.514913 -0.7075288 -0.1236885 -2.1556625 0.0105783 0.9471822 -0.0583909 0.3151578
1781254031.048995 -0.7765474 -0.1268740 -2.2173378 0.0106855 0.9454480 -0.0581411 0.3203648
1781254031.482937 -0.8335681 -0.1279292 -2.2712605 0.0100537 0.9430367 -0.0592969 0.3272073
1781254031.950266 -0.8813367 -0.1310925 -2.3161528 0.0099437 0.9407883 -0.0592056 0.3336363
1781254032.484359 -0.9426973 -0.1356499 -2.3707163 0.0093014 0.9393057 -0.0582059 0.3379801
1781254032.884933 -0.9978421 -0.1357412 -2.4185216 0.0097194 0.9405101 -0.0588840 0.3344832
1781254033.151985 -1.0425034 -0.1366811 -2.4524028 0.0100188 0.9424817 -0.0590500 0.3288480
1781254033.419036 -1.0913403 -0.1395656 -2.4873173 0.0099763 0.9446686 -0.0588462 0.3225507
1781254033.752846 -1.1451986 -0.1420222 -2.5334349 0.0098256 0.9439930 -0.0589845 0.3245019
1781254034.186800 -1.2101846 -0.1450042 -2.6052408 0.0098952 0.9368308 -0.0591307 0.3446068
1781254034.687495 -1.2814147 -0.1498135 -2.6725721 0.0100017 0.9389110 -0.0585731 0.3389915
1781254035.121413 -1.3435166 -0.1536669 -2.7295599 0.0098145 0.9414201 -0.0582056 0.3320301
1781254035.455207 -1.3970418 -0.1560031 -2.7790260 0.0095381 0.9432820 -0.0588866 0.3265891
1781254035.822429 -1.4517598 -0.1583656 -2.8295271 0.0094493 0.9444739 -0.0591955 0.3230723
1781254036.323198 -1.5216360 -0.1616014 -2.8964901 0.0094701 0.9458115 -0.0584780 0.3192669
1781254036.690361 -1.5803981 -0.1652073 -2.9505799 0.0098622 0.9475440 -0.0573236 0.3142883
1781254037.090880 -1.6422982 -0.1676020 -3.0113418 0.0102466 0.9486831 -0.0572768 0.3108292
1781254037.458025 -1.6944923 -0.1712808 -3.0674977 0.0101557 0.9465854 -0.0565394 0.3172952
1781254037.758424 -1.7417688 -0.1733581 -3.1050181 0.0101702 0.9509653 -0.0567200 0.3038824
1781254038.092200 -1.7974572 -0.1761882 -3.1304007 0.0102353 0.9612196 -0.0567659 0.2696845
1781254038.492737 -1.8654094 -0.1764301 -3.1480472 0.0107642 0.9771509 -0.0585597 0.2040368
1781254038.926674 -1.9469981 -0.1756740 -3.1545579 0.0111495 0.9910178 -0.0594193 0.1192843
1781254040.028195 -2.1247604 -0.1684918 -3.1095617 -0.0106348 -0.9930395 0.0610380 0.1001684
1781254040.663056 -2.2112489 -0.1613759 -3.0414746 -0.0116519 -0.9732421 0.0601826 0.2214547
1781254041.064656 -2.2641523 -0.1530838 -2.9891226 -0.0122521 -0.9528475 0.0600402 0.2971981
1781254041.399375 -2.3155608 -0.1461366 -2.9392452 -0.0114789 -0.9344935 0.0596820 0.3507537
1781254041.933258 -2.3931212 -0.1340827 -2.8572559 -0.0104300 -0.9063573 0.0605198 0.4180252
1781254042.834218 -2.4502659 -0.1348689 -2.7320056 -0.0124016 -0.8490003 0.0538464 0.5254954
1781254043.468268 -2.4622040 -0.1245381 -2.6236734 -0.0096963 -0.7812492 0.0489249 0.6222234
1781254044.202445 -2.4362164 -0.1177938 -2.5012288 -0.0096544 -0.7047205 0.0438689 0.7080617
1781254044.869800 -2.3895350 -0.1138058 -2.3965375 -0.0099225 -0.6511933 0.0404566 0.7577678
1781254045.470387 -2.3518171 -0.1073003 -2.2655706 -0.0098368 -0.6335365 0.0394964 0.7726414
1781254045.970964 -2.3359673 -0.1017062 -2.1462970 -0.0098866 -0.6445131 0.0403479 0.7634640
1781254046.338043 -2.3335052 -0.0963295 -2.0702124 -0.0095772 -0.6539417 0.0412441 0.7553592
1781254046.671757 -2.3214874 -0.0928001 -2.0171928 -0.0094212 -0.6284543 0.0402055 0.7767497
1781254047.038837 -2.2914562 -0.0915831 -1.9755658 -0.0098396 -0.5674945 0.0363334 0.8225163
1781254047.439284 -2.2435417 -0.0907233 -1.9457748 -0.0100315 -0.5035985 0.0322808 0.8632762
1781254047.973242 -2.1614642 -0.0889586 -1.9172237 -0.0092994 -0.4290284 0.0272672 0.9028315
1781254048.507191 -2.0445874 -0.0882981 -1.8923432 -0.0085111 -0.3394288 0.0224902 0.9403244
1781254048.974406 -1.9375496 -0.0882538 -1.8647763 -0.0071399 -0.2860627 0.0198223 0.9579793
1781254049.341497 -1.8506210 -0.0915976 -1.8410237 -0.0077623 -0.2543937 0.0173423 0.9669141
1781254049.708611 -1.7672129 -0.0878020 -1.8235180 -0.0068634 -0.2228502 0.0156892 0.9747023
1781254050.075727 -1.7062043 -0.0890950 -1.8155175 -0.0064851 -0.1895191 0.0133060 0.9817655
1781254050.476212 -1.6364324 -0.0888812 -1.8097185 -0.0058796 -0.1543274 0.0108713 0.9879425
1781254050.876690 -1.5520676 -0.0913007 -1.8144391 -0.0055758 -0.1218102 0.0080303 0.9925053
1781254051.243788 -1.4680469 -0.0915014 -1.8133588 -0.0052971 -0.1044863 0.0067156 0.9944896
1781254051.777756 -1.3437822 -0.0920487 -1.7864408 -0.0055065 -0.1285246 0.0080022 0.9916588
1781254052.044739 -1.2842947 -0.0893344 -1.7550244 -0.0056185 -0.1583275 0.0101200 0.9873188
1781254052.311718 -1.2292476 -0.0871186 -1.7166455 -0.0054318 -0.1923310 0.0118263 0.9812438
1781254052.612069 -1.1723242 -0.0851229 -1.6697364 -0.0062128 -0.2274589 0.0138770 0.9736690
1781254053.146015 -1.0989023 -0.0819390 -1.5970436 -0.0065289 -0.2706456 0.0158253 0.9625269
1781254053.546475 -1.0540760 -0.0786493 -1.5386945 -0.0068171 -0.2946570 0.0162613 0.9554405
1781254053.880201 -1.0224369 -0.0760951 -1.4829589 -0.0074647 -0.3260162 0.0180733 0.9451619
1781254054.180549 -0.9977788 -0.0735302 -1.4344784 -0.0075348 -0.3549788 0.0198600 0.9346330
1781254054.547645 -0.9742798 -0.0706441 -1.3795919 -0.0071720 -0.3876877 0.0216505 0.9215086
1781254054.848006 -0.9560770 -0.0676791 -1.3302836 -0.0077916 -0.4144576 0.0238434 0.9097229
1781254055.281855 -0.9411143 -0.0639147 -1.2710267 -0.0081132 -0.4464828 0.0260152 0.8943772
1781254055.815754 -0.9257430 -0.0606937 -1.2037086 -0.0088173 -0.4834201 0.0280056 0.8748960
1781254056.349611 -0.9165081 -0.0548389 -1.1281581 -0.0095822 -0.5266547 0.0313077 0.8494486
1781254056.750507 -0.9146653 -0.0507609 -1.0569969 -0.0104062 -0.5664103 0.0335528 0.8233744
1781254057.084723 -0.9186333 -0.0475570 -1.0015550 -0.0113445 -0.5977727 0.0352206 0.8008113
1781254057.318704 -0.9253060 -0.0442960 -0.9632752 -0.0115456 -0.6197215 0.0365286 0.7838862
1781254057.686032 -0.9433637 -0.0390269 -0.8949978 -0.0118955 -0.6598576 0.0389476 0.7502863
1781254057.953077 -0.9625044 -0.0356203 -0.8474248 -0.0116945 -0.6897276 0.0404832 0.7228417
1781254058.253502 -0.9871879 -0.0318809 -0.7962620 -0.0116024 -0.7216185 0.0427118 0.6908747
1781254058.687458 -1.0302180 -0.0264999 -0.7263316 -0.0118038 -0.7641425 0.0452082 0.6433531
1781254059.121418 -1.0783274 -0.0215714 -0.6659001 -0.0121191 -0.7997815 0.0477172 0.5982689
1781254059.455304 -1.1179734 -0.0177784 -0.6246623 -0.0122574 -0.8254628 0.0494057 0.5621566
1781254059.756403 -1.1517764 -0.0148666 -0.5871786 -0.0128345 -0.8398811 0.0499485 0.5403150
1781254060.057543 -1.1832564 -0.0114776 -0.5389878 -0.0126331 -0.8360547 0.0494033 0.5462714
1781254060.325254 -1.2021899 -0.0077527 -0.4844848 -0.0125571 -0.8107162 0.0480475 0.5833292
1781254060.492390 -1.2102910 -0.0065211 -0.4470698 -0.0128919 -0.7905258 0.0468003 0.6105019
1781254060.659236 -1.2149293 -0.0019466 -0.4106753 -0.0117123 -0.7665772 0.0456070 0.6404234
1781254060.892816 -1.2158968 0.0001536 -0.3586688 -0.0117032 -0.7319803 0.0434466 0.6798385
1781254061.059655 -1.2133340 0.0039146 -0.3206673 -0.0108510 -0.7071848 0.0419297 0.7057011
1781254061.259861 -1.2051715 0.0048796 -0.2810298 -0.0101098 -0.6764784 0.0395617 0.7353296
1781254061.460069 -1.1939327 0.0070384 -0.2449505 -0.0099680 -0.6474342 0.0378536 0.7611154
1781254061.727044 -1.1739163 0.0098008 -0.2009835 -0.0087809 -0.6138929 0.0350950 0.7885600
1781254061.960646 -1.1492610 0.0111763 -0.1635132 -0.0087888 -0.5901685 0.0333922 0.8065413
1781254062.494577 -1.1084746 0.0160522 -0.0673215 -0.0082255 -0.5885444 0.0328224 0.8077565
1781254062.961742 -1.0803154 0.0210151 0.0299388 -0.0083270 -0.5705642 0.0310069 0.8206252
1781254063.328788 -1.0534799 0.0256693 0.0869597 -0.0065652 -0.5048304 0.0269896 0.8627716
1781254063.896080 -1.0029905 0.0245360 0.1139765 -0.0045209 -0.3754361 0.0178899 0.9266646
1781254064.730348 -0.8613477 0.0260288 0.1068338 -0.0016332 -0.2066809 0.0089662 0.9783660
1781254065.230924 -0.7456453 0.0204696 0.0897783 0.0003276 -0.0932961 0.0023169 0.9956356
1781254065.464526 -0.6814357 0.0190539 0.0820123 0.0009328 -0.0382710 -0.0007800 0.9992667
1781254065.598022 -0.6467963 0.0179338 0.0745555 0.0016446 -0.0112530 -0.0026309 0.9999319
1781254065.798265 -0.5953500 0.0164667 0.0635731 0.0026246 0.0271512 -0.0042128 0.9996191
1781254066.131998 -0.5161240 0.0148383 0.0438734 0.0041361 0.0760038 -0.0068177 0.9970757
1781254066.866182 -0.3587226 0.0107732 0.0208293 0.0042561 0.0839814 -0.0081033 0.9964253
1781254067.033035 -0.3198797 0.0101296 0.0226585 0.0038652 0.0732847 -0.0070233 0.9972789
1781254067.433477 -0.2299605 0.0089790 0.0295153 0.0031484 0.0528145 -0.0059869 0.9985814
1781254068.000809 -0.1064576 0.0070359 0.0404851 0.0024698 0.0301169 -0.0041184 0.9995348
1781254068.868502 0.0592530 0.0048071 0.0538492 0.0024422 -0.0045870 -0.0007127 0.9999862
1781254069.435846 0.1896487 0.0022005 0.0475732 0.0017929 -0.0300591 0.0019492 0.9995446
1781254069.903082 0.3175408 0.0001696 0.0393346 0.0019954 -0.0235421 0.0019783 0.9997190
1781254070.336936 0.4198118 -0.0023131 0.0352182 0.0015657 0.0096273 -0.0004899 0.9999523
1781254070.704039 0.5004349 -0.0020959 0.0347693 0.0022723 0.0401920 -0.0028049 0.9991854
1781254070.971019 0.5570687 -0.0025848 0.0323332 0.0027117 0.0754109 -0.0060296 0.9971306
1781254071.338113 0.6393858 -0.0041516 0.0202682 0.0029756 0.1294071 -0.0101908 0.9915347
1781254071.771944 0.7285160 -0.0088630 -0.0114585 0.0034282 0.2044862 -0.0149924 0.9787486
1781254072.072281 0.7775494 -0.0098962 -0.0442002 0.0046349 0.2765619 -0.0196431 0.9607842
1781254072.372612 0.8169411 -0.0125692 -0.0877161 0.0057336 0.3490256 -0.0238899 0.9367911
1781254072.806408 0.8641611 -0.0166003 -0.1658294 0.0075990 0.4411836 -0.0295197 0.8968990
1781254073.106719 0.8890594 -0.0208326 -0.2244835 0.0086451 0.5023839 -0.0331268 0.8639666
1781254073.440388 0.9016517 -0.0263838 -0.2834601 0.0091773 0.5682898 -0.0369101 0.8219490
1781254073.941006 0.8908542 -0.0299137 -0.3356299 0.0096380 0.6359234 -0.0415594 0.7705721
1781254076.144526 0.7441895 -0.0308256 -0.3619907 0.0117424 0.7751190 -0.0457649 0.6300462
1781254076.912539 0.6102529 -0.0336154 -0.4504023 0.0124541 0.8103226 -0.0502232 0.5836950
1781254077.246295 0.5614047 -0.0350487 -0.5190061 0.0133197 0.8307914 -0.0523558 0.5539559
1781254077.546685 0.5159925 -0.0393417 -0.5864391 0.0145075 0.8500547 -0.0533995 0.5237797
1781254077.746951 0.4881807 -0.0420246 -0.6332848 0.0139822 0.8576834 -0.0546006 0.5110798
1781254077.947217 0.4583780 -0.0440798 -0.6865097 0.0141665 0.8648791 -0.0551213 0.4987435
1781254078.180861 0.4218858 -0.0465398 -0.7430676 0.0138320 0.8724959 -0.0563627 0.4851626
1781254078.381127 0.3865868 -0.0493285 -0.7890200 0.0137111 0.8799552 -0.0566236 0.4714707
1781254078.615150 0.3441836 -0.0522427 -0.8409704 0.0133678 0.8856930 -0.0567560 0.4605952
1781254078.849344 0.3037469 -0.0548036 -0.8916495 0.0135640 0.8906980 -0.0566023 0.4508540
1781254079.050099 0.2660449 -0.0568766 -0.9311582 0.0139430 0.8947526 -0.0562776 0.4427824
1781254079.351263 0.2148459 -0.0604208 -0.9853675 0.0130735 0.8967290 -0.0560903 0.4388167
1781254079.685236 0.1580912 -0.0634247 -1.0458493 0.0130945 0.8985117 -0.0566352 0.4350836
1781254080.052281 0.0901594 -0.0691827 -1.1172653 0.0122118 0.9002618 -0.0562827 0.4315226
1781254080.352583 0.0430365 -0.0713465 -1.1751987 0.0122025 0.8985115 -0.0561105 0.4351780
1781254080.719668 -0.0046850 -0.0759706 -1.2458845 0.0113066 0.8909220 -0.0553141 0.4506335
1781254081.053396 -0.0434786 -0.0779991 -1.3124875 0.0112277 0.8828852 -0.0553121 0.4661849
1781254081.587352 -0.0956450 -0.0835479 -1.4106828 0.0103564 0.8701162 -0.0538623 0.4897851
1781254082.054553 -0.1356492 -0.0876375 -1.4916413 0.0102054 0.8607903 -0.0536404 0.5060224
1781254082.488375 -0.1755817 -0.0920947 -1.5732509 0.0107208 0.8521990 -0.0532194 0.5203939
1781254082.922186 -0.2382903 -0.0983005 -1.6671969 0.0109407 0.8577920 -0.0535523 0.5110826
1781254083.189140 -0.2868648 -0.1015522 -1.7176257 0.0113720 0.8733792 -0.0537957 0.4839272
1781254083.456090 -0.3351789 -0.1047272 -1.7688222 0.0120664 0.8870343 -0.0543712 0.4583322
1781254083.856545 -0.4114902 -0.1090718 -1.8481915 0.0125045 0.9013212 -0.0557232 0.4293702
1781254084.123509 -0.4659429 -0.1124494 -1.9138532 0.0131934 0.9077001 -0.0559201 0.4156674
1781254089.129321 -1.3857424 -0.1557922 -2.7532034 0.0100803 0.9244209 -0.0563866 0.3770477
1781254089.629910 -1.4811180 -0.1597213 -2.8645976 0.0099810 0.9273276 -0.0573331 0.3696983
1781254090.264024 -1.6172485 -0.1663222 -2.9858725 0.0103247 0.9517772 -0.0573611 0.3012030
1781254091.265200 -1.8426859 -0.1702339 -3.0580220 0.0121557 0.9907953 -0.0590849 0.1211859
1781254093.000475 -2.1895826 -0.1469838 -2.8872123 -0.0134503 -0.9547732 0.0596564 0.2909782
1781254093.267419 -2.2429357 -0.1416992 -2.8265519 -0.0127834 -0.9332458 0.0585517 0.3542042
1781254094.135021 -2.3324168 -0.1288375 -2.6261973 -0.0123051 -0.8429303 0.0527431 0.5352899
1781254094.635783 -2.3670642 -0.1181791 -2.5022075 -0.0101789 -0.8031943 0.0501563 0.5935146
1781254095.103662 -2.3813787 -0.1116868 -2.3771186 -0.0104933 -0.7721399 0.0482018 0.6335350
1781254095.404492 -2.3785992 -0.1071324 -2.2914345 -0.0110196 -0.7358422 0.0461143 0.6754912
1781254095.705571 -2.3624811 -0.1021622 -2.2140021 -0.0105603 -0.6859435 0.0434189 0.7262815
1781254095.939820 -2.3422875 -0.1022359 -2.1624570 -0.0104778 -0.6535929 0.0408835 0.7556686
1781254096.241035 -2.3175771 -0.0999316 -2.1068168 -0.0101471 -0.6176841 0.0386905 0.7854085
1781254096.542083 -2.2865584 -0.0967675 -2.0578985 -0.0102162 -0.5821356 0.0372907 0.8121720
1781254096.809060 -2.2489762 -0.0948778 -2.0159640 -0.0103671 -0.5417151 0.0349790 0.8397700
1781254097.109406 -2.1948872 -0.0935693 -1.9785137 -0.0100582 -0.4890694 0.0316841 0.8716112
1781254097.409746 -2.1351483 -0.0907119 -1.9414262 -0.0095787 -0.4327391 0.0277534 0.9010410
1781254097.710084 -2.0618167 -0.0887963 -1.9043803 -0.0089961 -0.3738984 0.0248452 0.9270932
1781254098.043786 -1.9590546 -0.0892830 -1.8677162 -0.0084546 -0.3040712 0.0209845 0.9523807
1781254106.252593 -1.0966421 -0.0122452 -0.5209410 -0.0122400 -0.7688258 0.0454824 0.6377212
1781254106.619669 -1.1023072 -0.0067501 -0.4399965 -0.0114397 -0.7134899 0.0420336 0.6993100
1781254106.986750 -1.0907623 -0.0024956 -0.3585736 -0.0107134 -0.6591100 0.0389117 0.7509629
1781254107.854390 -1.0543010 0.0089671 -0.1538806 -0.0087171 -0.5729873 0.0320596 0.8188906
1781254108.254841 -1.0124968 0.0133448 -0.0764468 -0.0075858 -0.4845178 0.0263413 0.8743518
1781254110.891092 -0.4133862 0.0121502 0.0391384 0.0023657 0.0066636 -0.0027004 0.9999714
1781254112.293894 -0.0434703 0.0079147 0.0629054 0.0012295 -0.0517827 0.0012318 0.9986569
1781254112.996405 0.2081332 0.0039516 0.0637531 0.0021119 -0.0062537 0.0013696 0.9999773
1781254113.364561 0.3371879 0.0002910 0.0465056 0.0029519 0.0749174 -0.0042745 0.9971762
1781254114.332728 0.5931362 -0.0094123 -0.0695628 0.0057304 0.3355790 -0.0224105 0.9417281
1781254115.066863 0.6319109 -0.0165933 -0.1956724 0.0083762 0.5623931 -0.0367383 0.8260110
1781254120.940468 -0.2668033 -0.1087442 -1.7008985 0.0109271 0.8686487 -0.0512225 0.4926524
1781254122.742329 -0.6177542 -0.1214207 -2.1194324 0.0114182 0.9176928 -0.0565210 0.3930840
1781254126.846679 -1.5355551 -0.1610269 -2.8570538 0.0095408 0.9572493 -0.0579203 0.2832455
1781254127.213756 -1.6399729 -0.1632114 -2.8983314 0.0100623 0.9762406 -0.0578736 0.2085755
1781254128.148136 -1.9374177 -0.1658163 -2.9327652 0.0125428 0.9979678 -0.0594109 0.0193198
1781254129.384205 -2.2723141 -0.1320989 -2.7719269 -0.0117803 -0.9245526 0.0595061 0.3761952
1781254131.453855 -2.3348293 -0.1046400 -2.1873791 -0.0106108 -0.6219437 0.0389251 0.7820219
1781254132.188171 -2.2168484 -0.0968173 -2.0247414 -0.0095004 -0.4773299 0.0308084 0.8781326
1781254132.622084 -2.0972917 -0.0904959 -1.9519452 -0.0082218 -0.3576392 0.0233119 0.9335327
1781254137.362254 -0.9161284 -0.0550354 -1.1110882 -0.0109079 -0.5511501 0.0333402 0.8336684
1781254139.999178 -1.1397340 -0.0066515 -0.4202273 -0.0162541 -0.7241138 0.0482537 0.6877985
1781254146.474534 0.4933017 -0.0007969 0.0440876 -0.0007129 -0.1234994 0.0078155 0.9923136
1781254146.841703 0.5997437 -0.0004382 0.0852940 -0.0025395 -0.1623238 0.0094325 0.9866892
1781254147.809701 0.7006208 -0.0004895 0.1065191 -0.0025967 -0.1574945 0.0084039 0.9874807
