1781254169.337624 0.000000 0.000000 0.000000 0.000000 0.000000 0.000000 1.000000
1781254172.848863 -0.004649 -0.008456 -0.146450 0.001361 0.039936 -0.000923 0.999201
1781254173.883283 0.031012 -0.017899 -0.312260 0.002082 0.057435 -0.000015 0.998347
1781254174.920373 0.070769 -0.030501 -0.497937 0.001355 0.061387 -0.001110 0.998112
1781254175.922414 0.215482 -0.031126 -0.579224 0.002082 0.115892 -0.003604 0.993253
1781254177.023339 0.349621 -0.027552 -0.506657 0.000722 0.069385 -0.000872 0.997589
1781254178.090919 0.445583 -0.018350 -0.338677 0.001423 0.058259 0.000470 0.998300
1781254179.192045 0.595374 -0.010989 -0.218764 0.004814 0.043204 0.000803 0.999054
1781254180.226357 0.732804 -0.023954 -0.306414 0.002873 0.136194 -0.003866 0.990670
1781254181.527827 0.777260 -0.044537 -0.624919 0.001094 0.206260 -0.007521 0.978468
1781254182.529221 0.780624 -0.053761 -0.865363 0.001474 0.190296 -0.008067 0.981692
1781254183.530572 0.805451 -0.072440 -1.068464 0.000833 0.106099 -0.005244 0.994341
1781254184.531885 0.959727 -0.066141 -1.063843 0.003724 0.136109 -0.005543 0.990671
1781254185.533062 1.118272 -0.053596 -0.841446 0.002954 0.131415 -0.007231 0.991297
1781254186.567601 1.286256 -0.039369 -0.578771 0.003675 0.109847 -0.007081 0.993917
1781254187.702364 1.470771 -0.032330 -0.365437 0.004082 0.018004 -0.005425 0.999815
1781254188.870369 1.698607 -0.027418 -0.369273 0.008345 0.128491 -0.009198 0.991633
1781254189.971473 1.773255 0.004219 -0.614004 0.021907 0.164301 -0.011346 0.986102
1781254191.073711 1.736795 -0.017523 -0.940637 0.018591 0.147380 -0.009862 0.988856
1781254192.075051 1.926986 -0.026640 -0.984270 0.018090 0.207845 -0.013142 0.977906
1781254193.376582 2.148159 -0.029486 -0.668306 0.015141 0.244945 -0.012054 0.969344
1781254194.377795 2.292114 -0.025871 -0.416012 0.016811 0.255628 -0.010678 0.966570
1781254195.612631 2.440705 -0.013924 -0.168690 0.016576 0.167234 -0.009309 0.985734
1781254196.613853 2.619877 -0.021177 -0.245615 0.016811 0.183060 -0.010593 0.982901
1781254197.715268 2.707089 -0.025636 -0.450765 0.018477 0.126914 -0.006648 0.991719
1781254198.750120 2.716087 -0.043283 -0.727296 0.013065 0.092020 -0.002326 0.995669
1781254200.285641 2.924211 -0.044480 -0.948016 0.017117 0.138835 -0.006903 0.990144
1781254201.453909 3.069006 -0.040335 -0.732495 0.016746 0.122167 -0.003389 0.992362
1781254202.922605 3.291468 -0.032115 -0.477177 0.018648 0.073514 -0.002937 0.997116
1781254204.424779 3.522617 -0.032634 -0.620255 0.022339 0.205294 -0.007139 0.978419
1781254205.492921 3.538489 -0.038501 -0.929106 0.023109 0.247766 -0.006811 0.968520
1781254206.494235 3.523089 -0.047816 -1.233526 0.021987 0.258988 -0.007004 0.965605
1781254207.695833 3.785892 -0.052218 -1.222273 0.020347 0.263967 -0.006671 0.964294
1781254208.763881 3.987350 -0.047584 -0.914195 0.022755 0.284687 -0.007153 0.958324
1781254209.798543 4.131093 -0.039871 -0.665758 0.023479 0.338160 -0.010444 0.940738
1781254210.833213 4.137312 -0.041357 -0.680185 0.023751 0.509869 -0.016282 0.859770
1781254212.001391 4.091271 -0.042367 -1.073568 0.026249 0.696215 -0.025345 0.716906
1781254213.169553 3.983031 -0.047886 -1.485499 0.021910 0.862156 -0.032913 0.505097
1781254214.204234 3.880716 -0.044251 -1.645629 0.017065 0.976039 -0.036969 0.213751
1781254215.539468 3.779321 -0.052529 -1.351708 0.012256 0.991439 -0.037366 -0.124505
1781254216.574155 3.763899 -0.050623 -1.039604 0.010055 0.984644 -0.037338 -0.170236
1781254217.642208 3.544718 -0.050620 -1.013488 0.010062 0.976218 -0.037112 -0.213353
1781254218.777033 3.344167 -0.049650 -1.270660 0.012262 0.979967 -0.043128 -0.194046
1781254219.778367 3.163427 -0.058071 -1.543434 0.011312 0.976526 -0.043195 -0.210718
1781254220.813063 2.952249 -0.058405 -1.557976 0.012551 0.985103 -0.044194 -0.165715
1781254221.847776 2.895180 -0.053673 -1.320420 0.014338 0.985212 -0.043605 -0.165074
1781254222.917672 2.881208 -0.051871 -1.023396 0.015039 0.989286 -0.044400 -0.138259
1781254224.119908 2.720531 -0.041677 -0.805237 0.011962 0.981094 -0.044959 -0.187859
1781254225.454679 2.454792 -0.041868 -0.952858 0.013375 0.987290 -0.046953 -0.151245
1781254226.756098 2.284462 -0.030965 -1.158474 0.012581 0.994983 -0.052039 -0.084519
1781254227.790627 2.096872 -0.020394 -0.961103 0.012054 0.984832 -0.051215 -0.165343
1781254228.858469 1.970693 -0.015654 -0.693557 0.011659 0.980319 -0.050317 -0.190542
1781254229.859509 1.801860 -0.013910 -0.642303 0.010120 0.986561 -0.049243 -0.155470
1781254230.927314 1.642207 -0.027380 -0.935775 0.012139 0.978247 -0.049843 -0.200998
1781254231.928358 1.486210 -0.030125 -1.349247 0.011150 0.977606 -0.052277 -0.203544
1781254232.929361 1.360011 -0.046805 -1.664203 0.009835 0.987141 -0.053797 -0.150209
1781254233.964136 1.155454 -0.049510 -1.851906 0.006974 0.994986 -0.055997 -0.082569
1781254234.965379 0.904479 -0.047619 -1.864895 0.005296 0.989888 -0.056157 -0.130155
1781254235.966437 0.874827 -0.039445 -1.664097 0.007498 0.985340 -0.055434 -0.161170
1781254237.100962 0.946618 -0.030666 -1.321014 0.009157 0.980931 -0.052590 -0.186881
1781254238.202316 1.035110 -0.020886 -1.015854 0.008081 0.982247 -0.051997 -0.180062
1781254239.405314 1.058243 -0.005482 -0.675485 0.009021 0.980157 -0.051792 -0.191123
1781254240.673584 0.756307 0.001095 -0.593801 0.005307 0.977352 -0.052321 -0.204979
1781254241.741546 0.594181 -0.012463 -0.889930 0.005901 0.982359 -0.055548 -0.178465
1781254242.742790 0.491078 -0.024994 -1.179195 0.005033 0.990429 -0.055983 -0.126059
1781254243.944332 0.314258 -0.017138 -1.050861 0.004552 0.985618 -0.056200 -0.159306
1781254245.212574 0.079871 -0.007370 -0.808812 0.007889 0.986399 -0.054887 -0.154735
1781254246.514064 0.050293 0.009164 -0.452418 0.007124 0.987889 -0.053029 -0.145647
1781254247.548612 -0.087550 0.012478 -0.307874 0.003441 0.974476 -0.052655 -0.218204
1781254248.750031 -0.224366 -0.001632 -0.542078 0.006782 0.947920 -0.050311 -0.314437
1781254249.818141 -0.234590 -0.003597 -0.574063 -0.004818 -0.838440 0.046487 0.542986
1781254251.186737 -0.076652 0.004766 -0.224131 -0.004131 -0.576623 0.034263 0.816281
1781254252.321610 0.107777 -0.005638 -0.146283 -0.002670 -0.209528 0.012826 0.977715
1781254253.322985 0.396949 -0.015719 -0.249566 0.001478 0.004952 0.002508 0.999984
1781254254.558052 0.762564 -0.020599 -0.286511 0.003476 0.080186 -0.003480 0.996768
1781254255.859858 0.793305 -0.023576 -0.298187 0.003457 0.132220 -0.005841 0.991197
