1781254003.532284 0.000000 0.000000 0.000000 0.000000 0.000000 0.000000 1.000000
1781254008.016257 0.114495 -0.000796 0.001158 0.002372 0.030722 -0.003101 0.999520
1781254009.051271 0.229540 0.000202 0.000988 0.003430 0.071148 -0.005086 0.997447
1781254010.119696 0.342032 -0.002885 -0.000377 0.002941 0.100603 -0.006986 0.994898
1781254011.154891 0.443726 -0.000871 0.000049 0.004476 0.143865 -0.010531 0.989531
1781254012.359874 0.573703 -0.007718 -0.035194 0.004776 0.240003 -0.017565 0.970601
1781254013.560629 0.677942 -0.009600 -0.094776 0.007192 0.355758 -0.024952 0.934217
1781254014.561562 0.731898 -0.019841 -0.183855 0.008071 0.488492 -0.031729 0.871954
1781254015.662617 0.771329 -0.026022 -0.289842 0.010026 0.616546 -0.039953 0.786241
1781254016.697119 0.763799 -0.031767 -0.371704 0.010838 0.736997 -0.044903 0.674316
1781254017.731606 0.723329 -0.036930 -0.489647 0.012919 0.822358 -0.048115 0.566785
1781254018.732698 0.648575 -0.044025 -0.621278 0.016110 0.864742 -0.050649 0.499396
1781254019.733864 0.549776 -0.047087 -0.744495 0.016914 0.904815 -0.054307 0.421989
1781254020.735220 0.455058 -0.049727 -0.862557 0.016440 0.918027 -0.055970 0.392204
1781254021.736367 0.339205 -0.058000 -1.002538 0.015341 0.928320 -0.055207 0.367340
1781254022.770905 0.195169 -0.065004 -1.157189 0.015351 0.937450 -0.056627 0.343139
1781254024.039037 0.050676 -0.073367 -1.324365 0.012421 0.936141 -0.055650 0.346971
1781254025.040262 -0.060024 -0.082485 -1.464712 0.010984 0.927829 -0.053822 0.368938
1781254026.241564 -0.129795 -0.085314 -1.616308 0.011328 0.910008 -0.054249 0.410871
1781254027.877350 -0.264773 -0.097504 -1.866270 0.013495 0.912804 -0.054315 0.404545
1781254028.979543 -0.392953 -0.102064 -2.010288 0.012805 0.929798 -0.056849 0.363429
1781254030.014244 -0.536435 -0.110354 -2.146636 0.010985 0.942361 -0.056843 0.329552
1781254031.282655 -0.708519 -0.118854 -2.305737 0.010354 0.941466 -0.057034 0.332088
1781254032.284072 -0.813260 -0.125183 -2.409174 0.009587 0.936492 -0.056767 0.345932
1781254033.285511 -0.961460 -0.122608 -2.537388 0.010570 0.940693 -0.059339 0.333863
1781254034.286943 -1.115626 -0.129124 -2.696012 0.008917 0.931503 -0.060001 0.358640
1781254035.321684 -1.267909 -0.136832 -2.848683 0.011286 0.937354 -0.065591 0.341963
1781254036.490099 -1.434680 -0.147498 -3.011824 0.010496 0.941335 -0.064661 0.331056
1781254037.524780 -1.585264 -0.155935 -3.173798 0.011300 0.941936 -0.063602 0.329519
1781254038.559496 -1.752571 -0.157799 -3.250178 0.014748 0.975865 -0.067243 0.207240
1781254039.761162 -1.999607 -0.152385 -3.236047 0.018139 0.997195 -0.067475 -0.026827
1781254040.830380 -2.193510 -0.147532 -3.118299 0.018984 0.972664 -0.061578 -0.223099
1781254041.966624 -2.369397 -0.115554 -2.956651 0.016593 0.919982 -0.062825 -0.386537
1781254043.301411 -2.466759 -0.101978 -2.747682 -0.015053 -0.825282 0.054190 0.561913
1781254044.302558 -2.449563 -0.093321 -2.571420 -0.015474 -0.723544 0.045653 0.688593
1781254045.537131 -2.386084 -0.084450 -2.330441 -0.015411 -0.664718 0.042352 0.745734
1781254046.638386 -2.379879 -0.067424 -2.104601 -0.013788 -0.660153 0.043305 0.749755
1781254047.739637 -2.260452 -0.066318 -2.001502 -0.014311 -0.490324 0.031029 0.870870
1781254048.874290 -2.020009 -0.066888 -1.921972 -0.011242 -0.321618 0.021722 0.946554
1781254050.008980 -1.771721 -0.069671 -1.845018 -0.010728 -0.220427 0.016017 0.975213
1781254051.277160 -1.506688 -0.077378 -1.827079 -0.008958 -0.127064 0.008127 0.991821
1781254052.311718 -1.267271 -0.082868 -1.727712 -0.009928 -0.213008 0.013303 0.976909
1781254053.346240 -1.129393 -0.073453 -1.576564 -0.009933 -0.296874 0.017376 0.954707
1781254054.547645 -1.026264 -0.065612 -1.389701 -0.009608 -0.399898 0.023516 0.916208
1781254055.615551 -0.981531 -0.053653 -1.236727 -0.009235 -0.479769 0.030118 0.876829
1781254056.616835 -0.965043 -0.043890 -1.084895 -0.010185 -0.561373 0.035458 0.826740
1781254057.719413 -0.995058 -0.028743 -0.898373 -0.010752 -0.668043 0.041324 0.742896
1781254058.854364 -1.106447 -0.011193 -0.696407 -0.008407 -0.783253 0.048425 0.619757
1781254059.957160 -1.221771 -0.003312 -0.555476 -0.007867 -0.837334 0.050340 0.544313
1781254061.026288 -1.254637 0.008254 -0.339332 -0.006274 -0.707171 0.043499 0.705675
1781254062.060759 -1.180348 0.017057 -0.156499 -0.003731 -0.586430 0.035994 0.809191
1781254063.195318 -1.093312 0.030206 0.068435 -0.002308 -0.515184 0.030306 0.856541
1781254064.229779 -0.979268 0.024966 0.111249 -0.001348 -0.288783 0.016093 0.957258
1781254065.531274 -0.671907 0.018006 0.087771 0.001644 -0.018682 0.000426 0.999824
1781254066.632583 -0.400580 0.010197 0.026836 0.004200 0.091116 -0.007916 0.995800
1781254067.800577 -0.151938 0.003991 0.034551 0.001918 0.038991 -0.004022 0.999230
1781254068.801754 0.048466 0.003246 0.051911 0.001860 -0.003390 -0.000475 0.999992
1781254069.869709 0.308068 -0.001132 0.039176 0.001582 -0.025645 0.001859 0.999668
1781254070.937647 0.547045 -0.001286 0.035971 0.003056 0.067014 -0.007065 0.997722
1781254071.938799 0.770403 -0.007418 -0.023607 0.005287 0.235446 -0.018413 0.971699
1781254073.039983 0.910963 -0.021643 -0.209150 0.009045 0.477532 -0.032436 0.877969
1781254074.274745 0.910490 -0.034990 -0.369942 0.011227 0.653935 -0.041598 0.755323
1781254076.411899 0.745619 -0.031796 -0.379231 0.014281 0.786383 -0.045674 0.615882
1781254077.546685 0.572934 -0.043167 -0.610273 0.015844 0.842356 -0.049057 0.536450
1781254078.548242 0.416395 -0.052074 -0.861710 0.015037 0.878582 -0.052961 0.474409
1781254079.585131 0.243918 -0.060364 -1.066272 0.014402 0.892586 -0.052789 0.447544
1781254080.586175 0.082759 -0.072039 -1.264834 0.012513 0.888633 -0.051911 0.455501
1781254081.620723 -0.028098 -0.084072 -1.469668 0.008862 0.863878 -0.050196 0.501115
1781254083.589576 -0.271612 -0.092458 -1.851371 0.015921 0.889407 -0.052213 0.453846
1781254084.657442 -0.468469 -0.100926 -2.068322 0.013936 0.917482 -0.055932 0.393579
1781254085.691953 -0.626115 -0.113347 -2.232177 0.011188 0.927320 -0.054880 0.370054
1781254086.859968 -0.868823 -0.125156 -2.462100 0.009281 0.932940 -0.055402 0.355622
1781254087.861154 -1.071728 -0.128128 -2.614048 0.009411 0.935077 -0.058076 0.349528
1781254089.029206 -1.255964 -0.134875 -2.817047 0.011652 0.920253 -0.063664 0.385934
1781254090.163901 -1.477920 -0.148688 -3.062179 0.011529 0.942470 -0.064878 0.327732
1781254091.231829 -1.710374 -0.149203 -3.158470 0.015775 0.987220 -0.067505 0.143494
1781254092.299717 -1.979607 -0.139962 -3.108296 0.019205 0.991846 -0.066498 -0.107008
1781254093.400889 -2.237854 -0.116622 -2.905914 0.018333 0.934967 -0.061649 -0.348856
1781254094.435338 -2.374879 -0.101149 -2.626244 -0.015378 -0.839135 0.054853 0.540932
1781254095.538266 -2.409698 -0.086870 -2.347446 -0.016349 -0.739772 0.047430 0.670984
1781254096.742316 -2.313212 -0.077337 -2.103989 -0.015776 -0.582550 0.036897 0.811804
1781254097.776825 -2.105016 -0.069501 -1.954049 -0.013891 -0.390571 0.025513 0.920114
1781254098.878017 -1.754093 -0.067887 -1.848500 -0.009672 -0.180947 0.013233 0.983356
1781254099.879094 -1.483365 -0.074692 -1.795085 -0.009070 -0.124819 0.008346 0.992103
1781254100.880178 -1.265322 -0.080016 -1.681439 -0.010737 -0.203664 0.011909 0.978909
1781254101.947959 -1.068111 -0.067903 -1.492464 -0.010271 -0.317407 0.019033 0.948043
1781254103.015732 -0.992312 -0.055196 -1.254967 -0.010183 -0.493189 0.031354 0.869297
1781254104.083522 -0.981635 -0.037890 -1.013070 -0.010993 -0.607169 0.038554 0.793561
1781254105.184735 -1.037108 -0.019634 -0.764678 -0.009070 -0.721414 0.044945 0.690985
1781254106.319333 -1.146894 -0.002280 -0.507390 -0.007416 -0.762255 0.047858 0.645463
1781254107.520674 -1.114672 0.007685 -0.241351 -0.004936 -0.618772 0.038838 0.784594
1781254108.555178 -0.998831 0.013439 -0.040314 -0.003570 -0.405032 0.025213 0.913948
1781254109.756545 -0.729523 0.020622 0.067595 0.002138 -0.103838 0.006746 0.994569
1781254110.891092 -0.415842 0.011370 0.041941 0.002509 0.008639 -0.002115 0.999957
1781254111.959630 -0.151333 0.005057 0.053167 0.000692 -0.039740 0.000931 0.999209
1781254112.996405 0.207862 0.005633 0.066117 0.003325 -0.006888 0.001112 0.999970
1781254114.132504 0.564463 -0.008192 -0.033164 0.005390 0.266870 -0.018150 0.963547
1781254115.166970 0.657387 -0.016557 -0.225007 0.010463 0.585655 -0.037450 0.809627
1781254116.969026 0.430557 -0.042628 -0.732266 0.014806 0.841538 -0.050316 0.537645
1781254118.070532 0.241224 -0.053071 -0.976356 0.014711 0.883798 -0.052758 0.464652
1781254119.171922 0.050808 -0.071091 -1.283447 0.012203 0.883277 -0.052123 0.465785
1781254120.206368 -0.088868 -0.087162 -1.570683 0.010762 0.863702 -0.050314 0.501370
1781254121.874750 -0.376806 -0.103515 -1.992275 0.013088 0.906562 -0.054697 0.418308
1781254122.975918 -0.565110 -0.114109 -2.219966 0.011696 0.921164 -0.054711 0.385132
1781254124.077093 -0.833178 -0.126801 -2.416687 0.009607 0.940558 -0.054937 0.335024
1781254125.111528 -1.063936 -0.129897 -2.619766 0.009793 0.933740 -0.059177 0.352889
1781254126.279403 -1.291939 -0.139391 -2.862954 0.010445 0.934744 -0.062182 0.349684
1781254127.547456 -1.625079 -0.144312 -3.025270 0.013827 0.985199 -0.065068 0.157981
1781254128.615460 -1.966000 -0.136339 -3.028323 0.018551 0.994592 -0.066542 -0.077552
