0.000000 0.000000 0.000000 -0.671907 0.018006 0.087771
0.000000 0.000000 0.000000 -0.151938 0.003991 0.034551
0.000000 0.000000 0.000000 0.048466 0.003246 0.051911
0.771329 -0.026022 -0.289842 0.910490 -0.034990 -0.369942
0.763799 -0.031767 -0.371704 0.745619 -0.031796 -0.379231
0.648575 -0.044025 -0.621278 0.572934 -0.043167 -0.610273
0.339205 -0.058000 -1.002538 0.243918 -0.060364 -1.066272
0.050676 -0.073367 -1.324365 0.082759 -0.072039 -1.264834
-0.060024 -0.082485 -1.464712 -0.028098 -0.084072 -1.469668
-0.264773 -0.097504 -1.866270 -0.271612 -0.092458 -1.851371
-0.392953 -0.102064 -2.010288 -0.468469 -0.100926 -2.068322
-0.392953 -0.102064 -2.010288 -0.376806 -0.103515 -1.992275
-0.708519 -0.118854 -2.305737 -0.626115 -0.113347 -2.232177
-0.813260 -0.125183 -2.409174 -0.868823 -0.125156 -2.462100
-0.813260 -0.125183 -2.409174 -0.833178 -0.126801 -2.416687
-1.115626 -0.129124 -2.696012 -1.071728 -0.128128 -2.614048
-1.267909 -0.136832 -2.848683 -1.255964 -0.134875 -2.817047
-1.267909 -0.136832 -2.848683 -1.291939 -0.139391 -2.862954
-1.434680 -0.147498 -3.011824 -1.477920 -0.148688 -3.062179
-1.752571 -0.157799 -3.250178 -1.710374 -0.149203 -3.158470
-1.999607 -0.152385 -3.236047 -1.979607 -0.139962 -3.108296
-2.369397 -0.115554 -2.956651 -2.237854 -0.116622 -2.905914
-2.466759 -0.101978 -2.747682 -2.374879 -0.101149 -2.626244
-2.386084 -0.084450 -2.330441 -2.409698 -0.086870 -2.347446
-2.379879 -0.067424 -2.104601 -2.313212 -0.077337 -2.103989
-2.020009 -0.066888 -1.921972 -2.105016 -0.069501 -1.954049
-1.771721 -0.069671 -1.845018 -1.754093 -0.067887 -1.848500
-1.506688 -0.077378 -1.827079 -1.483365 -0.074692 -1.795085
-1.267271 -0.082868 -1.727712 -1.265322 -0.080016 -1.681439
-1.129393 -0.073453 -1.576564 -1.068111 -0.067903 -1.492464
-0.981531 -0.053653 -1.236727 -0.992312 -0.055196 -1.254967
-0.965043 -0.043890 -1.084895 -0.981635 -0.037890 -1.013070
-1.106447 -0.011193 -0.696407 -1.037108 -0.019634 -0.764678
-1.221771 -0.003312 -0.555476 -1.146894 -0.002280 -0.507390
-0.671907 0.018006 0.087771 0.000000 0.000000 0.000000
-0.400580 0.010197 0.026836 -0.415842 0.011370 0.041941
-0.151938 0.003991 0.034551 0.000000 0.000000 0.000000
-0.151938 0.003991 0.034551 -0.151333 0.005057 0.053167
0.048466 0.003246 0.051911 0.000000 0.000000 0.000000
0.308068 -0.001132 0.039176 0.207862 0.005633 0.066117
0.770403 -0.007418 -0.023607 0.564463 -0.008192 -0.033164
0.910963 -0.021643 -0.209150 0.657387 -0.016557 -0.225007
0.910490 -0.034990 -0.369942 0.771329 -0.026022 -0.289842
0.745619 -0.031796 -0.379231 0.763799 -0.031767 -0.371704
0.572934 -0.043167 -0.610273 0.648575 -0.044025 -0.621278
0.572934 -0.043167 -0.610273 0.430557 -0.042628 -0.732266
0.243918 -0.060364 -1.066272 0.339205 -0.058000 -1.002538
0.082759 -0.072039 -1.264834 0.050676 -0.073367 -1.324365
0.082759 -0.072039 -1.264834 0.050808 -0.071091 -1.283447
-0.028098 -0.084072 -1.469668 -0.060024 -0.082485 -1.464712
-0.028098 -0.084072 -1.469668 -0.088868 -0.087162 -1.570683
-0.271612 -0.092458 -1.851371 -0.264773 -0.097504 -1.866270
-0.468469 -0.100926 -2.068322 -0.392953 -0.102064 -2.010288
-0.626115 -0.113347 -2.232177 -0.708519 -0.118854 -2.305737
-0.626115 -0.113347 -2.232177 -0.565110 -0.114109 -2.219966
-0.868823 -0.125156 -2.462100 -0.813260 -0.125183 -2.409174
-1.071728 -0.128128 -2.614048 -1.115626 -0.129124 -2.696012
-1.071728 -0.128128 -2.614048 -1.063936 -0.129897 -2.619766
-1.255964 -0.134875 -2.817047 -1.267909 -0.136832 -2.848683
-1.477920 -0.148688 -3.062179 -1.434680 -0.147498 -3.011824
-1.710374 -0.149203 -3.158470 -1.752571 -0.157799 -3.250178
-1.710374 -0.149203 -3.158470 -1.625079 -0.144312 -3.025270
-1.979607 -0.139962 -3.108296 -1.999607 -0.152385 -3.236047
-1.979607 -0.139962 -3.108296 -1.966000 -0.136339 -3.028323
-2.237854 -0.116622 -2.905914 -2.369397 -0.115554 -2.956651
-2.374879 -0.101149 -2.626244 -2.466759 -0.101978 -2.747682
-2.409698 -0.086870 -2.347446 -2.386084 -0.084450 -2.330441
-2.313212 -0.077337 -2.103989 -2.379879 -0.067424 -2.104601
-2.105016 -0.069501 -1.954049 -2.020009 -0.066888 -1.921972
-1.754093 -0.067887 -1.848500 -1.771721 -0.069671 -1.845018
-1.483365 -0.074692 -1.795085 -1.506688 -0.077378 -1.827079
-1.265322 -0.080016 -1.681439 -1.267271 -0.082868 -1.727712
-1.068111 -0.067903 -1.492464 -1.129393 -0.073453 -1.576564
-0.992312 -0.055196 -1.254967 -0.981531 -0.053653 -1.236727
-0.981635 -0.037890 -1.013070 -0.965043 -0.043890 -1.084895
-1.037108 -0.019634 -0.764678 -1.106447 -0.011193 -0.696407
-1.146894 -0.002280 -0.507390 -1.221771 -0.003312 -0.555476
-0.415842 0.011370 0.041941 -0.400580 0.010197 0.026836
-0.151333 0.005057 0.053167 -0.151938 0.003991 0.034551
0.207862 0.005633 0.066117 0.308068 -0.001132 0.039176
0.564463 -0.008192 -0.033164 0.770403 -0.007418 -0.023607
0.657387 -0.016557 -0.225007 0.910963 -0.021643 -0.209150
0.430557 -0.042628 -0.732266 0.572934 -0.043167 -0.610273
0.050808 -0.071091 -1.283447 0.082759 -0.072039 -1.264834
-0.088868 -0.087162 -1.570683 -0.028098 -0.084072 -1.469668
-0.376806 -0.103515 -1.992275 -0.392953 -0.102064 -2.010288
-0.565110 -0.114109 -2.219966 -0.626115 -0.113347 -2.232177
-0.833178 -0.126801 -2.416687 -0.813260 -0.125183 -2.409174
-1.063936 -0.129897 -2.619766 -1.071728 -0.128128 -2.614048
-1.291939 -0.139391 -2.862954 -1.267909 -0.136832 -2.848683
-1.625079 -0.144312 -3.025270 -1.710374 -0.149203 -3.158470
-1.966000 -0.136339 -3.028323 -1.979607 -0.139962 -3.108296
