-0.010746 -0.012142 -0.128102 0.172019 -0.021637 -0.203782
0.737774 -0.042225 -0.414334 0.783773 -0.036444 -0.333440
1.713640 -0.065724 -0.557588 2.956940 -0.123925 -1.093785
1.713640 -0.065724 -0.557588 3.089650 -0.113408 -0.913090
2.956940 -0.123925 -1.093785 1.713640 -0.065724 -0.557588
3.089650 -0.113408 -0.913090 1.713640 -0.065724 -0.557588
3.661013 -0.160461 -1.083489 1.988316 -0.077965 -0.651186
3.661013 -0.160461 -1.083489 1.789857 -0.072305 -0.734308
1.988316 -0.077965 -0.651186 3.661013 -0.160461 -1.083489
1.789857 -0.072305 -0.734308 3.661013 -0.160461 -1.083489
0.172019 -0.021637 -0.203782 -0.010746 -0.012142 -0.128102
0.783773 -0.036444 -0.333440 0.737774 -0.042225 -0.414334
