1781254170.680425 0.000000 0.000000 0.000000 0.000000 0.000000 0.000000 1.000000
1781254172.782130 -0.010746 -0.012142 -0.128102 -0.000451 0.044991 -0.001066 0.998987
1781254173.883283 0.019564 -0.020823 -0.304798 0.000966 0.065784 -0.000044 0.997833
1781254174.920373 0.064186 -0.034603 -0.490137 0.000458 0.069198 -0.001393 0.997602
1781254176.055904 0.228519 -0.041940 -0.585921 -0.000244 0.131609 -0.005688 0.991285
1781254177.123405 0.334545 -0.037439 -0.499683 -0.002388 0.078507 -0.001000 0.996910
1781254178.124279 0.435686 -0.029477 -0.347290 -0.000861 0.073156 -0.001484 0.997319
1781254179.292144 0.602872 -0.026698 -0.238479 0.002045 0.056912 -0.002034 0.998375
1781254180.560037 0.737774 -0.042225 -0.414334 -0.000526 0.173299 -0.007701 0.984839
1781254181.895017 0.754921 -0.067080 -0.747987 -0.002224 0.218616 -0.010655 0.975750
1781254182.896382 0.730652 -0.082424 -0.973122 -0.002194 0.181078 -0.009025 0.983425
1781254183.931110 0.826239 -0.099489 -1.137419 -0.002764 0.136367 -0.008227 0.990620
1781254185.166001 1.041548 -0.089872 -0.997108 -0.002878 0.143879 -0.008798 0.989552
1781254186.200435 1.209494 -0.076092 -0.726643 -0.002519 0.146011 -0.010675 0.989222
1781254187.268533 1.368915 -0.060951 -0.472127 -0.000353 0.069836 -0.007460 0.997531
1781254188.336420 1.589573 -0.056314 -0.371133 0.002251 0.058187 -0.007900 0.998272
1781254189.370906 1.713640 -0.065724 -0.557588 0.005342 0.176685 -0.013316 0.984163
1781254190.472309 1.694595 -0.093131 -0.865804 0.002885 0.180099 -0.012028 0.983571
1781254191.541071 1.747507 -0.123185 -1.113206 0.001533 0.201326 -0.015845 0.979395
1781254192.709131 1.998678 -0.105548 -0.953839 0.003169 0.241999 -0.019275 0.970080
1781254193.843817 2.205336 -0.090992 -0.669181 0.005899 0.267935 -0.020788 0.963195
1781254195.011894 2.384698 -0.075164 -0.397611 0.007518 0.233087 -0.018621 0.972248
1781254196.046497 2.532966 -0.073348 -0.303097 0.005847 0.155872 -0.016872 0.987616
1781254197.047707 2.699829 -0.089762 -0.461085 0.005003 0.202209 -0.018997 0.979145
1781254198.182583 2.749264 -0.098463 -0.695292 0.004824 0.098373 -0.011891 0.995067
1781254199.284262 2.757548 -0.108709 -0.998838 0.005901 0.089087 -0.012795 0.995924
1781254200.285641 2.956940 -0.123925 -1.093785 0.005566 0.142398 -0.017187 0.989645
1781254201.287028 3.089650 -0.113408 -0.913090 0.004974 0.123210 -0.014311 0.992265
1781254202.321710 3.236086 -0.095443 -0.668411 0.009906 0.096362 -0.017022 0.995152
1781254203.323200 3.427182 -0.095101 -0.603637 0.012670 0.110385 -0.021011 0.993586
1781254204.324639 3.559827 -0.102644 -0.729733 0.016054 0.208923 -0.024291 0.977499
1781254205.392790 3.565664 -0.114076 -1.038821 0.018468 0.256980 -0.023830 0.965946
1781254206.394101 3.550170 -0.126084 -1.341471 0.017486 0.263284 -0.024294 0.964254
1781254207.462192 3.747267 -0.141630 -1.405483 0.016274 0.273493 -0.025123 0.961408
1781254208.563626 3.975585 -0.140259 -1.120083 0.017502 0.286284 -0.024371 0.957675
1781254209.765167 4.173434 -0.131391 -0.819460 0.020880 0.334784 -0.026977 0.941677
1781254210.799836 4.177735 -0.140502 -0.840131 0.020301 0.506915 -0.034617 0.861062
1781254211.934638 4.104596 -0.158533 -1.173853 0.024878 0.700499 -0.039741 0.712112
1781254213.036049 3.987735 -0.164436 -1.573984 0.025757 0.852082 -0.049475 0.520428
1781254214.037351 3.874283 -0.177463 -1.757346 0.024646 0.966862 -0.050675 0.249002
1781254215.038782 3.778944 -0.175971 -1.629799 0.023875 0.991329 -0.049288 -0.119449
1781254216.073502 3.775356 -0.177136 -1.307963 0.022206 0.977410 -0.048198 -0.204579
1781254217.308443 3.661013 -0.160461 -1.083489 0.019710 0.960152 -0.048662 -0.274503
1781254218.309739 3.450842 -0.162324 -1.250533 0.022455 0.977130 -0.049839 -0.205497
1781254219.311081 3.272349 -0.167379 -1.501241 0.023653 0.965608 -0.049667 -0.254116
1781254220.412539 3.053869 -0.162573 -1.666706 0.022565 0.979622 -0.052476 -0.192556
1781254221.480614 2.915510 -0.148775 -1.504922 0.024137 0.978748 -0.052423 -0.196776
1781254222.549545 2.933366 -0.134018 -1.199166 0.023154 0.983497 -0.053266 -0.171351
1781254223.752841 2.874598 -0.116765 -0.909248 0.022330 0.983029 -0.053270 -0.174119
1781254224.787297 2.604401 -0.111940 -0.901105 0.020891 0.983284 -0.053046 -0.172924
1781254225.955222 2.444999 -0.107342 -1.121516 0.021797 0.984077 -0.054445 -0.167790
1781254226.989685 2.270964 -0.102065 -1.145484 0.019972 0.991294 -0.054879 -0.118010
1781254228.157735 2.091628 -0.084759 -0.893400 0.019758 0.981570 -0.054589 -0.182072
1781254229.158769 1.988316 -0.077965 -0.651186 0.019045 0.980946 -0.052662 -0.186033
1781254230.159819 1.789857 -0.072305 -0.734308 0.017692 0.989377 -0.053116 -0.134159
1781254231.160893 1.642425 -0.083257 -1.076848 0.017761 0.974755 -0.054130 -0.215888
1781254232.161927 1.487702 -0.101498 -1.454128 0.018143 0.978995 -0.054495 -0.195629
1781254233.263035 1.325391 -0.110680 -1.764349 0.015691 0.990486 -0.058796 -0.123429
1781254234.364711 1.073207 -0.113396 -1.902135 0.012537 0.994109 -0.058415 -0.090431
1781254235.465917 0.915392 -0.107559 -1.802809 0.013987 0.986004 -0.057388 -0.155908
1781254236.500329 0.920403 -0.100267 -1.543733 0.015609 0.984517 -0.055088 -0.165677
1781254237.501438 1.014059 -0.077667 -1.246311 0.014396 0.978523 -0.056194 -0.197807
1781254238.636731 1.103698 -0.065736 -0.903081 0.015711 0.977763 -0.054749 -0.201828
1781254239.805828 1.031527 -0.054325 -0.640772 0.015397 0.969159 -0.053528 -0.240059
1781254240.907202 0.757210 -0.054211 -0.650843 0.013460 0.977292 -0.054038 -0.204450
1781254241.908414 0.603076 -0.066569 -0.970855 0.013046 0.981063 -0.057982 -0.184346
1781254242.943046 0.498937 -0.078275 -1.188013 0.011431 0.990548 -0.058977 -0.123315
1781254243.944332 0.339223 -0.069618 -1.062831 0.012070 0.983468 -0.058423 -0.170973
1781254245.012331 0.120685 -0.054251 -0.871281 0.015053 0.982946 -0.058400 -0.173726
1781254246.046858 0.116665 -0.040319 -0.575559 0.015484 0.985712 -0.056289 -0.158000
1781254247.248254 0.013855 -0.024924 -0.300561 0.012674 0.975231 -0.055645 -0.213698
1781254248.282806 -0.154173 -0.032639 -0.462575 0.014614 0.975392 -0.054553 -0.213122
1781254249.317385 -0.224832 -0.036587 -0.602562 0.014237 0.891381 -0.051842 -0.450055
1781254250.352278 -0.163862 -0.030513 -0.460770 -0.011232 -0.750222 0.044080 0.659619
1781254251.420387 -0.008718 -0.019398 -0.187453 -0.008212 -0.486678 0.028732 0.873070
1781254252.688780 0.172019 -0.021637 -0.203782 -0.003766 -0.102746 0.007305 0.994674
1781254253.690160 0.510969 -0.027341 -0.282621 0.001565 0.062395 -0.001988 0.998048
1781254254.858485 0.783773 -0.036444 -0.333440 0.001121 0.132711 -0.007547 0.991125
