1781254002.971368 0.0000000 0.0000000 0.0000000 -0.0000000 -0.0000000 -0.0000000 1.0000000
1781254007.882638 0.1004906 -0.0022822 -0.0005670 0.0019084 0.0235955 -0.0024205 0.9997169
1781254008.016257 0.1149951 -0.0026834 -0.0008655 0.0018070 0.0302708 -0.0027604 0.9995363
1781254008.617334 0.1807309 -0.0032034 -0.0034943 0.0022388 0.0547348 -0.0039133 0.9984908
1781254009.518638 0.2713130 -0.0036186 -0.0055085 0.0028038 0.0791163 -0.0049382 0.9968492
1781254010.553804 0.3791499 -0.0050133 -0.0049476 0.0028549 0.1122514 -0.0071584 0.9936500
1781254011.589622 0.4849025 -0.0081484 -0.0109639 0.0029231 0.1756572 -0.0122874 0.9843704
1781254012.359874 0.5710396 -0.0130683 -0.0395068 0.0024587 0.2461017 -0.0180223 0.9690733
1781254013.293732 0.6492020 -0.0152810 -0.0795937 0.0036966 0.3208090 -0.0229199 0.9468593
1781254013.860917 0.6847252 -0.0223890 -0.1244356 0.0032639 0.4095738 -0.0291544 0.9118052
1781254014.695019 0.7189523 -0.0288998 -0.1941504 0.0045152 0.5101453 -0.0353693 0.8593489
1781254015.529129 0.7412776 -0.0369877 -0.2754688 0.0054957 0.6094139 -0.0421092 0.7917142
1781254016.430151 0.7355912 -0.0432644 -0.3445519 0.0062372 0.7134008 -0.0474823 0.6991178
1781254017.498005 0.6936443 -0.0488645 -0.4548962 0.0085657 0.8167484 -0.0524513 0.5745412
1781254018.832799 0.5944734 -0.0565242 -0.6239297 0.0123612 0.8742789 -0.0589550 0.4816720
1781254019.667099 0.5073476 -0.0619271 -0.7225926 0.0130206 0.9063741 -0.0614369 0.4177822
1781254020.701849 0.4106939 -0.0681119 -0.8419670 0.0126598 0.9208236 -0.0630359 0.3846428
1781254021.536130 0.3218632 -0.0732505 -0.9472777 0.0131144 0.9288777 -0.0631043 0.3647356
1781254022.570673 0.1674283 -0.0830081 -1.1102009 0.0127969 0.9381906 -0.0640287 0.3399044
1781254024.072409 -0.0086461 -0.0946865 -1.3097000 0.0114328 0.9379736 -0.0639817 0.3405603
1781254025.707692 -0.1617026 -0.1101888 -1.5340872 0.0095800 0.9153152 -0.0610953 0.3979619
1781254026.875560 -0.2403038 -0.1199351 -1.6786592 0.0100527 0.9089019 -0.0614251 0.4123388
1781254027.476317 -0.2929850 -0.1259987 -1.7857120 0.0102228 0.9078453 -0.0622001 0.4145402
1781254028.044468 -0.3551211 -0.1309683 -1.8681573 0.0105576 0.9198028 -0.0627700 0.3871840
1781254028.879409 -0.4538212 -0.1387750 -1.9746397 0.0108380 0.9295087 -0.0632732 0.3631703
1781254029.780603 -0.5741367 -0.1434364 -2.0920327 0.0102465 0.9406008 -0.0644760 0.3331787
1781254030.681814 -0.6998060 -0.1522871 -2.2051370 0.0086609 0.9447486 -0.0636752 0.3214350
1781254031.416176 -0.7959864 -0.1574116 -2.2945099 0.0079130 0.9417470 -0.0638905 0.3301032
1781254032.150550 -0.8718235 -0.1629151 -2.3672638 0.0074077 0.9381851 -0.0639328 0.3400978
1781254032.751408 -0.9466767 -0.1666409 -2.4335742 0.0076234 0.9381092 -0.0636994 0.3403461
1781254033.051840 -0.9937286 -0.1691898 -2.4710913 0.0072624 0.9398460 -0.0633974 0.3355854
1781254033.285511 -1.0373192 -0.1712151 -2.5022655 0.0073431 0.9417552 -0.0633315 0.3302004
1781254033.786227 -1.1210375 -0.1757468 -2.5732043 0.0068070 0.9414511 -0.0638261 0.3309829
1781254034.387086 -1.2084904 -0.1806802 -2.6713312 0.0068725 0.9339153 -0.0644402 0.3515716
1781254034.954522 -1.2845488 -0.1868870 -2.7422252 0.0071590 0.9381013 -0.0640496 0.3403121
1781254035.822429 -1.4163058 -0.1970122 -2.8656669 0.0065796 0.9423135 -0.0638920 0.3285115
1781254036.490099 -1.5112329 -0.2032319 -2.9580727 0.0068559 0.9442295 -0.0625545 0.3232190
1781254037.257762 -1.6262760 -0.2108752 -3.0730929 0.0073342 0.9452690 -0.0615092 0.3203582
1781254037.791801 -1.7081141 -0.2170564 -3.1445310 0.0069804 0.9499131 -0.0611353 0.3063964
1781254038.592876 -1.8402853 -0.2191454 -3.1866627 0.0078595 0.9801034 -0.0642948 0.1876216
1781254040.328608 -2.1124048 -0.2097127 -3.1180992 -0.0089733 -0.9854387 0.0672605 0.1559041
1781254041.399375 -2.2685742 -0.1953778 -2.9723215 -0.0108384 -0.9350517 0.0643579 0.3484520
1781254042.934332 -2.4112389 -0.1780627 -2.7487159 -0.0121737 -0.8399338 0.0592712 0.5393052
1781254044.302558 -2.3859289 -0.1653939 -2.5148678 -0.0127606 -0.6989242 0.0476724 0.7134911
1781254045.970964 -2.2950866 -0.1475880 -2.1704202 -0.0132868 -0.6479709 0.0438194 0.7602875
1781254046.805242 -2.2713766 -0.1377436 -2.0231302 -0.0133887 -0.6111766 0.0420981 0.7902606
1781254047.472657 -2.1953130 -0.1351572 -1.9651664 -0.0142820 -0.5035131 0.0347577 0.8631700
1781254048.206844 -2.0680847 -0.1312336 -1.9246706 -0.0136163 -0.3924311 0.0275922 0.9192666
1781254048.907662 -1.9094167 -0.1311674 -1.8853476 -0.0121743 -0.2967890 0.0223755 0.9546033
1781254049.608488 -1.7447777 -0.1316205 -1.8460475 -0.0125100 -0.2364992 0.0185693 0.9713737
1781254050.209223 -1.6393545 -0.1311730 -1.8314744 -0.0116553 -0.1841717 0.0146104 0.9827164
1781254050.843318 -1.5152885 -0.1317792 -1.8281744 -0.0108884 -0.1288370 0.0105349 0.9915500
1781254051.544144 -1.3525497 -0.1318581 -1.8179134 -0.0103067 -0.1158627 0.0096334 0.9931651
1781254052.478579 -1.1532457 -0.1239375 -1.7024679 -0.0109889 -0.2173769 0.0154843 0.9759031
1781254053.579848 -1.0100547 -0.1129468 -1.5431433 -0.0115470 -0.3017056 0.0192751 0.9531364
1781254054.614392 -0.9342976 -0.1007794 -1.3776466 -0.0115163 -0.3962413 0.0256718 0.9177152
1781254055.415345 -0.9038743 -0.0925840 -1.2640988 -0.0116058 -0.4602421 0.0304259 0.8871960
1781254056.349611 -0.8868172 -0.0835411 -1.1402370 -0.0129340 -0.5297289 0.0349240 0.8473490
1781254057.251850 -0.8904637 -0.0739620 -0.9843215 -0.0150828 -0.6166691 0.0406816 0.7860259
1781254058.620695 -0.9937510 -0.0532606 -0.7475935 -0.0142066 -0.7611529 0.0495574 0.6465203
1781254059.622577 -1.1100791 -0.0388678 -0.6177586 -0.0140224 -0.8374092 0.0550572 0.5436156
1781254060.325254 -1.1754557 -0.0309918 -0.4980654 -0.0143807 -0.8128334 0.0529641 0.5799050
1781254060.992920 -1.1892490 -0.0192669 -0.3509938 -0.0137619 -0.7191252 0.0467481 0.6931697
1781254061.626929 -1.1513087 -0.0136176 -0.2309977 -0.0126770 -0.6299676 0.0399586 0.7754892
1781254062.561316 -1.0781423 -0.0028644 -0.0687864 -0.0119063 -0.5917056 0.0368598 0.8052230
1781254063.362155 -1.0200202 0.0061641 0.0797779 -0.0108279 -0.5022676 0.0303919 0.8641101
1781254064.963952 -0.7998454 0.0198583 0.0951387 -0.0024146 -0.1589832 0.0087280 0.9872398
1781254065.664770 -0.6168921 0.0148588 0.0645728 0.0011692 -0.0001056 -0.0027677 0.9999955
1781254066.165371 -0.4927423 0.0120490 0.0377269 0.0042514 0.0744438 -0.0056952 0.9971999
1781254068.568138 0.0032243 0.0038149 0.0491750 0.0023154 0.0056587 -0.0016005 0.9999800
1781254070.704039 0.5017002 -0.0037115 0.0360629 0.0019069 0.0396167 -0.0031689 0.9992082
1781254071.872057 0.7489656 -0.0159769 -0.0238775 0.0015848 0.2244787 -0.0171941 0.9743260
1781254073.540512 0.9043635 -0.0393717 -0.2965724 0.0064028 0.5856447 -0.0406740 0.8095214
1781254075.209202 0.8362721 -0.0493390 -0.3948220 0.0073630 0.6758313 -0.0472024 0.7355065
1781254076.111107 0.7554120 -0.0471684 -0.3640450 0.0088471 0.7691587 -0.0478362 0.6372036
1781254077.279671 0.5683024 -0.0488051 -0.5489443 0.0115957 0.8293724 -0.0555074 0.5558110
1781254078.080729 0.4488352 -0.0611166 -0.7372234 0.0120567 0.8672209 -0.0594519 0.4942146
1781254079.485026 0.2089795 -0.0754627 -1.0328993 0.0116847 0.8952377 -0.0613817 0.4411862
1781254081.553979 -0.0729390 -0.1024701 -1.4298625 0.0084508 0.8683630 -0.0586490 0.4923764
1781254083.189140 -0.2643161 -0.1243223 -1.7460556 0.0094525 0.8704715 -0.0582219 0.4886719
1781254089.095949 -1.3463192 -0.1916847 -2.7837830 0.0065668 0.9222496 -0.0614301 0.3816267
1781254090.063779 -1.5365503 -0.2045926 -2.9908750 0.0069136 0.9414129 -0.0623431 0.3313721
1781254091.331944 -1.8146479 -0.2139568 -3.0930247 0.0085626 0.9917633 -0.0643036 0.1104415
1781254092.132863 -1.9901383 -0.2115711 -3.0518858 -0.0085456 -0.9942455 0.0647994 0.0848753
1781254092.766895 -2.0990708 -0.1986021 -2.9672549 -0.0108110 -0.9694951 0.0655055 0.2359481
1781254092.967107 -2.1395717 -0.1937472 -2.9280577 -0.0111754 -0.9576773 0.0653493 0.2801048
1781254093.267419 -2.1968250 -0.1900622 -2.8602812 -0.0117447 -0.9337685 0.0631194 0.3520716
1781254093.634476 -2.2479649 -0.1765538 -2.7842510 -0.0115671 -0.8967085 0.0636911 0.4378625
1781254094.335233 -2.3048692 -0.1696720 -2.6050463 -0.0125788 -0.8252972 0.0570392 0.5616697
1781254094.936552 -2.3345928 -0.1614180 -2.4535780 -0.0126777 -0.7898192 0.0537252 0.6108507
1781254095.638648 -2.3264737 -0.1485073 -2.2553043 -0.0137326 -0.7004119 0.0481205 0.7119825
1781254096.842431 -2.1967714 -0.1416352 -2.0343244 -0.0145541 -0.5403588 0.0373499 0.8404794
1781254098.310742 -1.8320400 -0.1313524 -1.8620148 -0.0130257 -0.2543178 0.0201641 0.9668227
1781254101.947959 -0.9823684 -0.1097467 -1.5039057 -0.0116193 -0.3025305 0.0199953 0.9528592
1781254105.051255 -0.9475932 -0.0577031 -0.8052571 -0.0145481 -0.7063329 0.0459131 0.7062395
1781254106.319334 -1.0735815 -0.0342794 -0.5190511 -0.0143358 -0.7637926 0.0498322 0.6433756
1781254107.687533 -1.0353214 -0.0136085 -0.2052812 -0.0126711 -0.6050377 0.0381945 0.7951793
1781254109.723176 -0.7087537 0.0140073 0.0601157 -0.0025612 -0.1192699 0.0068018 0.9928353
1781254111.258163 -0.3205689 0.0090736 0.0360710 0.0016630 -0.0023939 -0.0021344 0.9999935
1781254112.494477 0.0307434 0.0038400 0.0620800 0.0007893 -0.0466336 0.0018944 0.9989100
1781254114.766540 0.6363038 -0.0241006 -0.1478807 0.0045690 0.4655383 -0.0316404 0.8844501
1781254117.035770 0.3759960 -0.0569960 -0.7260820 0.0111698 0.8495418 -0.0581063 0.5241923
1781254118.838242 0.0604916 -0.0831970 -1.1600419 0.0103249 0.8875778 -0.0608144 0.4565094
1781254120.573426 -0.1847012 -0.1166544 -1.6399133 0.0088395 0.8593907 -0.0586398 0.5078689
1781254124.978051 -1.1153910 -0.1750586 -2.5548010 0.0075748 0.9386247 -0.0627247 0.3391045
1781254126.846679 -1.4984396 -0.2013780 -2.8917813 0.0067633 0.9554946 -0.0621117 0.2883165
1781254127.580827 -1.7097170 -0.2065862 -2.9607010 0.0068867 0.9888390 -0.0634831 0.1346098
1781254128.314988 -1.9353353 -0.2071394 -2.9651034 -0.0096897 -0.9976527 0.0652102 0.0185161
1781254129.083358 -2.1371429 -0.1896853 -2.8810835 -0.0114509 -0.9624199 0.0652438 0.2633630
1781254130.018590 -2.3110917 -0.1744444 -2.6588519 -0.0130980 -0.8468814 0.0583301 0.5284107
1781254131.053312 -2.3356602 -0.1545726 -2.3372059 -0.0135939 -0.7002358 0.0476247 0.7121918
1781254132.288305 -2.1455266 -0.1412247 -2.0266323 -0.0140326 -0.4563182 0.0317702 0.8891386
1781254136.127224 -1.0134294 -0.1071521 -1.4763651 -0.0122203 -0.3447207 0.0226634 0.9383521
1781254139.965800 -1.1113071 -0.0289347 -0.4418536 -0.0123042 -0.7304199 0.0470488 0.6812648
1781254141.401035 -0.9926866 -0.0055323 -0.0807163 -0.0120251 -0.4826208 0.0293286 0.8752556
1781254144.672100 -0.1349829 0.0019007 -0.0244333 0.0011372 -0.0261482 -0.0000129 0.9996575
1781254146.674806 0.5560318 0.0005811 0.0683338 -0.0011305 -0.1466975 0.0086403 0.9891430
