1781254002.971368 0.0000000 0.0000000 0.0000000 -0.0000000 -0.0000000 -0.0000000 1.0000000
1781254007.849235 0.0960340 -0.0006537 0.0004642 0.0022844 0.0227353 -0.0025077 0.9997358
1781254007.882638 0.0994319 -0.0009590 0.0005573 0.0023283 0.0240641 -0.0023227 0.9997051
1781254008.049663 0.1177370 -0.0018872 -0.0000246 0.0021620 0.0321976 -0.0026770 0.9994756
1781254008.450435 0.1608176 -0.0023429 -0.0019650 0.0024587 0.0480388 -0.0036000 0.9988360
1781254009.118031 0.2327906 -0.0032569 -0.0043333 0.0025541 0.0712680 -0.0041768 0.9974452
1781254009.986119 0.3203142 -0.0042452 -0.0059477 0.0029930 0.0931459 -0.0053938 0.9956334
1781254010.820943 0.4031616 -0.0035318 -0.0018506 0.0036446 0.1282897 -0.0079970 0.9916978
1781254011.656585 0.4868070 -0.0056051 -0.0108521 0.0039057 0.1832584 -0.0124322 0.9829784
1781254012.426585 0.5696417 -0.0079436 -0.0389848 0.0043184 0.2547111 -0.0182202 0.9668359
1781254013.293732 0.6381130 -0.0121122 -0.0731209 0.0046841 0.3249782 -0.0226500 0.9454386
1781254013.827552 0.6714147 -0.0142237 -0.1122119 0.0056306 0.4090118 -0.0282305 0.9120749
1781254014.594927 0.7031156 -0.0191168 -0.1775161 0.0064997 0.5032098 -0.0340429 0.8634691
1781254015.362267 0.7241653 -0.0273999 -0.2522395 0.0074683 0.5923837 -0.0390614 0.8046738
1781254016.129813 0.7281252 -0.0310354 -0.3108617 0.0084229 0.6755356 -0.0445319 0.7359332
1781254017.064193 0.6999444 -0.0350518 -0.3923166 0.0097889 0.7836124 -0.0485100 0.6192758
1781254018.132058 0.6370794 -0.0431499 -0.5159653 0.0117557 0.8490784 -0.0536414 0.5254050
1781254019.199829 0.5415734 -0.0484743 -0.6363497 0.0138458 0.8948122 -0.0577682 0.4424728
1781254020.034306 0.4503171 -0.0527761 -0.7374622 0.0132843 0.9196722 -0.0599128 0.3878622
1781254020.968817 0.3636659 -0.0574211 -0.8388830 0.0135818 0.9269561 -0.0609655 0.3699340
1781254021.769740 0.2612893 -0.0638699 -0.9519606 0.0137881 0.9345112 -0.0604366 0.3504941
1781254022.670790 0.1266000 -0.0735965 -1.0837563 0.0123269 0.9422892 -0.0608981 0.3289843
1781254023.805431 -0.0075932 -0.0807336 -1.2301060 0.0116737 0.9412183 -0.0605872 0.3321161
1781254024.973512 -0.1397841 -0.0895068 -1.3847554 0.0106918 0.9352556 -0.0591654 0.3488297
1781254025.741060 -0.2017502 -0.0956920 -1.4936552 0.0105227 0.9184733 -0.0576581 0.3911159
1781254026.575243 -0.2590077 -0.1025035 -1.5883958 0.0104221 0.9149844 -0.0577009 0.3992061
1781254027.109134 -0.3037875 -0.1090405 -1.6724048 0.0109726 0.9121756 -0.0573922 0.4056125
1781254027.609987 -0.3494885 -0.1145641 -1.7577169 0.0111491 0.9121606 -0.0572412 0.4056627
1781254027.977620 -0.3931255 -0.1171189 -1.8086348 0.0111281 0.9221151 -0.0577753 0.3824159
1781254028.412120 -0.4460301 -0.1205059 -1.8625377 0.0116164 0.9306528 -0.0585673 0.3609992
1781254029.012921 -0.5191298 -0.1262138 -1.9396542 0.0107133 0.9347733 -0.0583431 0.3502572
1781254029.546960 -0.5938139 -0.1295114 -2.0076098 0.0102850 0.9411327 -0.0582933 0.3328144
1781254030.080998 -0.6729805 -0.1330396 -2.0763292 0.0098955 0.9470897 -0.0581537 0.3155018
1781254030.581674 -0.7430456 -0.1369724 -2.1375434 0.0086799 0.9484044 -0.0580274 0.3115872
1781254031.115756 -0.8145537 -0.1400707 -2.2012362 0.0082648 0.9465496 -0.0579911 0.3171949
1781254031.549698 -0.8686531 -0.1419734 -2.2516396 0.0080534 0.9441879 -0.0588221 0.3240130
1781254031.950266 -0.9087834 -0.1432583 -2.2900918 0.0080732 0.9423129 -0.0593333 0.3293338
1781254032.450978 -0.9657328 -0.1469451 -2.3413391 0.0072994 0.9408096 -0.0589665 0.3336870
1781254032.818171 -1.0157964 -0.1475533 -2.3842120 0.0078042 0.9416350 -0.0594987 0.3312440
1781254033.118603 -1.0641739 -0.1490059 -2.4208150 0.0077950 0.9437906 -0.0595037 0.3250507
1781254033.352274 -1.1088388 -0.1518298 -2.4521408 0.0075673 0.9455943 -0.0593453 0.3198007
1781254033.686084 -1.1651196 -0.1544997 -2.4963000 0.0074977 0.9461539 -0.0594015 0.3181323
1781254033.986514 -1.2099979 -0.1569244 -2.5439563 0.0076820 0.9414333 -0.0595441 0.3318115
1781254034.420465 -1.2760496 -0.1608969 -2.6118350 0.0072813 0.9377398 -0.0596659 0.3420981
1781254034.854387 -1.3358762 -0.1651158 -2.6655910 0.0075174 0.9410895 -0.0594671 0.3328030
1781254035.288306 -1.4020722 -0.1692798 -2.7253296 0.0072394 0.9437093 -0.0591811 0.3253582
1781254035.755661 -1.4758351 -0.1744064 -2.7900786 0.0068536 0.9458740 -0.0592454 0.3190069
1781254036.256428 -1.5455446 -0.1779644 -2.8566389 0.0066524 0.9469941 -0.0587632 0.3157607
1781254036.690361 -1.6156766 -0.1821787 -2.9210320 0.0073708 0.9485376 -0.0575092 0.3113113
1781254037.157633 -1.6873908 -0.1849492 -2.9915369 0.0078954 0.9489775 -0.0576266 0.3099332
1781254037.524780 -1.7405963 -0.1894756 -3.0464020 0.0073740 0.9480143 -0.0565207 0.3130813
1781254037.825179 -1.7899337 -0.1927420 -3.0806739 0.0074659 0.9535618 -0.0566221 0.2957334
1781254038.125578 -1.8373709 -0.1929910 -3.1009548 0.0081983 0.9636626 -0.0578525 0.2606539
1781254038.526116 -1.9087610 -0.1945691 -3.1179214 0.0085015 0.9792390 -0.0592455 0.1936716
1781254039.060193 -2.0144486 -0.1975371 -3.1197410 0.0083287 0.9938938 -0.0591059 0.0928022
1781254040.195091 -2.2014582 -0.1898642 -3.0594738 -0.0074792 -0.9898196 0.0610639 0.1283450
1781254040.796914 -2.2841330 -0.1750605 -2.9938400 -0.0075696 -0.9671724 0.0629509 0.2460844
1781254041.265483 -2.3466513 -0.1686322 -2.9265654 -0.0087974 -0.9422826 0.0618925 0.3289306
1781254041.899891 -2.4414814 -0.1574282 -2.8276362 -0.0077768 -0.9088893 0.0619032 0.4123442
1781254042.867589 -2.5021925 -0.1552757 -2.7032890 -0.0101645 -0.8442680 0.0571833 0.5327647
1781254043.635129 -2.5046949 -0.1467721 -2.5719256 -0.0087840 -0.7608209 0.0501724 0.6469599
1781254044.602871 -2.4544091 -0.1388646 -2.4235051 -0.0089629 -0.6691949 0.0441232 0.7417217
1781254045.370277 -2.3999660 -0.1316726 -2.2726951 -0.0092661 -0.6309026 0.0416814 0.7746862
1781254045.904222 -2.3782127 -0.1245335 -2.1467438 -0.0093544 -0.6394709 0.0424532 0.7675853
1781254046.504900 -2.3715212 -0.1161754 -2.0283306 -0.0092431 -0.6418893 0.0433813 0.7655134
1781254046.871984 -2.3493333 -0.1131713 -1.9803634 -0.0093551 -0.5923397 0.0407886 0.8046008
1781254047.272431 -2.3030190 -0.1112193 -1.9433975 -0.0097864 -0.5257705 0.0367320 0.8497767
1781254047.739637 -2.2424047 -0.1101448 -1.9163897 -0.0101327 -0.4584798 0.0322098 0.8880632
1781254048.206844 -2.1535830 -0.1066651 -1.8954169 -0.0091252 -0.3832444 0.0276902 0.9231867
1781254048.707428 -2.0374656 -0.1073125 -1.8711177 -0.0085433 -0.3063153 0.0236146 0.9515988
1781254049.174638 -1.9294887 -0.1069343 -1.8435032 -0.0080938 -0.2639451 0.0213133 0.9642683
1781254049.608488 -1.8271745 -0.1072934 -1.8222065 -0.0084273 -0.2269880 0.0191468 0.9736729
1781254049.942230 -1.7662835 -0.1052976 -1.8120430 -0.0076656 -0.1964062 0.0170594 0.9803442
1781254050.442839 -1.6835757 -0.1057319 -1.8062924 -0.0070377 -0.1535233 0.0141472 0.9880187
1781254050.843318 -1.6003228 -0.1078744 -1.8110116 -0.0067030 -0.1184660 0.0107137 0.9928777
1781254051.277160 -1.5001590 -0.1088888 -1.8128104 -0.0066493 -0.0989859 0.0086803 0.9950287
1781254051.744383 -1.3913696 -0.1079946 -1.7892207 -0.0067847 -0.1185280 0.0104624 0.9928724
1781254052.044739 -1.3234806 -0.1061532 -1.7564610 -0.0071068 -0.1533929 0.0124725 0.9880611
1781254052.378462 -1.2525529 -0.1029513 -1.7078006 -0.0068682 -0.1961048 0.0148728 0.9804461
1781254052.745557 -1.1883019 -0.0988222 -1.6519017 -0.0069271 -0.2355657 0.0169846 0.9716853
1781254053.412982 -1.1078192 -0.0947878 -1.5621018 -0.0077758 -0.2812522 0.0187357 0.9594195
1781254053.746711 -1.0691025 -0.0923214 -1.5079080 -0.0084643 -0.3074447 0.0197113 0.9513241
1781254054.113805 -1.0385852 -0.0880905 -1.4469115 -0.0082584 -0.3453621 0.0224084 0.9381656
1781254054.514271 -1.0136257 -0.0838474 -1.3868929 -0.0079518 -0.3794416 0.0244324 0.9248589
1781254054.848006 -0.9946427 -0.0797973 -1.3323914 -0.0079092 -0.4103287 0.0265040 0.9115182
1781254055.281855 -0.9788972 -0.0754824 -1.2723962 -0.0080252 -0.4426030 0.0289046 0.8962157
1781254055.749020 -0.9647968 -0.0724760 -1.2143526 -0.0086815 -0.4745975 0.0308439 0.8796195
1781254056.149416 -0.9588337 -0.0678718 -1.1613055 -0.0092858 -0.5052770 0.0328386 0.8622822
1781254056.516586 -0.9513917 -0.0644752 -1.1025399 -0.0096558 -0.5390377 0.0349374 0.8415014
1781254056.817346 -0.9516943 -0.0605641 -1.0483334 -0.0105641 -0.5681408 0.0373133 0.8220171
1781254057.151572 -0.9578072 -0.0568024 -0.9936147 -0.0108375 -0.6004740 0.0385938 0.7986389
1781254057.418987 -0.9658595 -0.0528129 -0.9487906 -0.0109941 -0.6257986 0.0400048 0.7788806
1781254057.819555 -0.9883901 -0.0473015 -0.8735205 -0.0107257 -0.6720419 0.0426978 0.7392033
1781254058.186741 -1.0147607 -0.0429131 -0.8096736 -0.0108358 -0.7115002 0.0452035 0.7011467
1781254058.620695 -1.0570042 -0.0372303 -0.7391303 -0.0103929 -0.7558448 0.0477823 0.6529222
1781254059.088036 -1.1064259 -0.0321376 -0.6718449 -0.0104963 -0.7956034 0.0502120 0.6036422
1781254059.488757 -1.1533003 -0.0277105 -0.6223538 -0.0112182 -0.8249090 0.0524435 0.5627158
1781254059.957160 -1.2043231 -0.0227952 -0.5582530 -0.0112192 -0.8386315 0.0524867 0.5420485
1781254060.291789 -1.2302227 -0.0186124 -0.4929231 -0.0117637 -0.8126186 0.0513662 0.5804087
1781254060.692605 -1.2407321 -0.0145284 -0.4048269 -0.0113332 -0.7593502 0.0478099 0.6488243
1781254061.126391 -1.2387865 -0.0067711 -0.3094500 -0.0100930 -0.6930830 0.0439442 0.7194463
1781254061.560185 -1.2122757 -0.0027710 -0.2297899 -0.0094684 -0.6323850 0.0395209 0.7735876
1781254062.027388 -1.1688281 0.0016184 -0.1571732 -0.0088456 -0.5834488 0.0362513 0.8112923
1781254062.794900 -1.1146581 0.0098702 -0.0079529 -0.0086601 -0.5843784 0.0352207 0.8106703
1781254063.195317 -1.0833440 0.0145456 0.0648798 -0.0079269 -0.5264335 0.0314609 0.8495970
1781254063.662487 -1.0392920 0.0166115 0.1076018 -0.0064270 -0.4321284 0.0249903 0.9014429
1781254064.463368 -0.9288816 0.0174272 0.1068351 -0.0042413 -0.2593283 0.0142034 0.9656755
1781254065.130810 -0.7789575 0.0159080 0.0962270 -0.0016798 -0.1152233 0.0056625 0.9933221
1781254065.431152 -0.6986396 0.0163766 0.0844024 0.0004904 -0.0455864 0.0011509 0.9989597
1781254065.598022 -0.6562746 0.0153764 0.0755228 0.0012413 -0.0090029 -0.0014484 0.9999577
1781254065.865011 -0.5867687 0.0131512 0.0584761 0.0022472 0.0416680 -0.0041293 0.9991205
1781254066.198744 -0.5096605 0.0112721 0.0402410 0.0031544 0.0812365 -0.0067942 0.9966667
1781254066.866182 -0.3643298 0.0077176 0.0189131 0.0032802 0.0849684 -0.0079284 0.9963467
1781254067.800577 -0.1520213 0.0050126 0.0337031 0.0020349 0.0381823 -0.0046319 0.9992580
1781254068.201041 -0.0694830 0.0048624 0.0427641 0.0020478 0.0224202 -0.0032792 0.9997412
1781254068.901876 0.0656978 0.0037641 0.0532689 0.0022767 -0.0070050 -0.0000306 0.9999729
1781254069.369100 0.1711504 0.0011591 0.0468794 0.0018248 -0.0273878 0.0016052 0.9996220
1781254069.903082 0.3159731 -0.0005877 0.0386497 0.0018690 -0.0230483 0.0019623 0.9997307
1781254070.403682 0.4335679 -0.0033720 0.0339904 0.0014536 0.0145490 -0.0007722 0.9998928
1781254070.937647 0.5491960 -0.0029474 0.0316879 0.0025856 0.0706976 -0.0050852 0.9974815
1781254072.272503 0.7979128 -0.0126839 -0.0675862 0.0053583 0.3286596 -0.0233366 0.9441449
1781254072.639566 0.8377582 -0.0155797 -0.1292023 0.0070568 0.4086808 -0.0285145 0.9122046
1781254072.973248 0.8700405 -0.0210863 -0.1937645 0.0078365 0.4780266 -0.0321422 0.8777221
1781254073.240187 0.8861547 -0.0260691 -0.2446405 0.0084829 0.5332269 -0.0353366 0.8451914
1781254073.607261 0.8915488 -0.0302320 -0.2995769 0.0090199 0.5989375 -0.0403466 0.7997279
1781254074.308119 0.8670387 -0.0357911 -0.3581558 0.0092893 0.6670254 -0.0440489 0.7436737
1781254076.144526 0.7374516 -0.0348494 -0.3496537 0.0110696 0.7780500 -0.0465835 0.6263751
1781254076.912539 0.6020674 -0.0383208 -0.4433192 0.0114039 0.8121184 -0.0512161 0.5811288
1781254077.446552 0.5267981 -0.0405114 -0.5547791 0.0134394 0.8471842 -0.0546935 0.5283058
1781254077.746951 0.4826028 -0.0444507 -0.6220546 0.0131902 0.8599812 -0.0564430 0.5070232
1781254078.013973 0.4419954 -0.0478548 -0.6904167 0.0132834 0.8693277 -0.0574787 0.4907028
1781254078.280994 0.3977866 -0.0515239 -0.7526369 0.0127258 0.8788363 -0.0582660 0.4733814
1781254078.615150 0.3363107 -0.0557706 -0.8274844 0.0126336 0.8878839 -0.0585200 0.4561556
1781254079.050099 0.2582508 -0.0600818 -0.9173357 0.0132364 0.8968733 -0.0582594 0.4382338
1781254079.418194 0.1940693 -0.0658885 -0.9828466 0.0123710 0.8991930 -0.0576954 0.4335552
1781254079.751972 0.1345584 -0.0693007 -1.0426611 0.0118475 0.9006053 -0.0582959 0.4305477
1781254080.052281 0.0780478 -0.0742012 -1.1011038 0.0114087 0.9022194 -0.0576743 0.4272513
1781254080.486056 0.0122094 -0.0784310 -1.1828836 0.0108905 0.8985279 -0.0570965 0.4350506
1781254080.986651 -0.0513756 -0.0838727 -1.2831421 0.0101395 0.8861698 -0.0563972 0.4598039
1781254081.620723 -0.1143385 -0.0896018 -1.4001913 0.0096243 0.8712812 -0.0553252 0.4875608
1781254082.321522 -0.1735842 -0.0956291 -1.5209565 0.0091964 0.8578770 -0.0551226 0.5108072
1781254082.788707 -0.2311013 -0.1012927 -1.6194621 0.0099317 0.8546364 -0.0554679 0.5161601
1781254083.122402 -0.2946455 -0.1075362 -1.6862938 0.0104997 0.8710563 -0.0550367 0.4879771
1781254083.422721 -0.3486013 -0.1119868 -1.7400928 0.0109620 0.8881668 -0.0551054 0.4560734
1781254083.856545 -0.4335728 -0.1193326 -1.8255264 0.0115507 0.9032348 -0.0557351 0.4253552
1781254089.162693 -1.4229295 -0.1706589 -2.7296619 0.0068121 0.9257930 -0.0572208 0.3736131
1781254089.663285 -1.5211828 -0.1766554 -2.8420305 0.0068040 0.9293354 -0.0576672 0.3646424
1781254090.397519 -1.6805792 -0.1854692 -2.9742053 0.0079803 0.9583054 -0.0571108 0.2798671
1781254091.265200 -1.8805461 -0.1897391 -3.0257864 0.0095317 0.9911720 -0.0590950 0.1183008
1781254091.832521 -2.0201986 -0.1922983 -3.0081801 -0.0094720 -0.9981429 0.0586659 0.0133939
1781254093.367522 -2.3157077 -0.1570198 -2.7698936 -0.0091901 -0.9242995 0.0610702 0.3766383
1781254094.802871 -2.4195623 -0.1394134 -2.4420946 -0.0094468 -0.7941363 0.0523319 0.6054086
1781254095.371064 -2.4223547 -0.1316895 -2.2851307 -0.0104544 -0.7370372 0.0484759 0.6740305
1781254095.672109 -2.4076893 -0.1253526 -2.2067924 -0.0099277 -0.6878471 0.0459320 0.7243328
1781254095.939820 -2.3854320 -0.1236486 -2.1450050 -0.0099072 -0.6506027 0.0434217 0.7581112
1781254097.576601 -2.1382580 -0.1074849 -1.9091892 -0.0090103 -0.3972520 0.0287861 0.9172137
1781254105.952258 -1.1036897 -0.0272579 -0.5916951 -0.0110209 -0.7780480 0.0493096 0.6261696
1781254106.719783 -1.1267995 -0.0161037 -0.4197223 -0.0107587 -0.6909242 0.0440200 0.7215055
1781254107.153602 -1.1143537 -0.0102355 -0.3251517 -0.0097251 -0.6447712 0.0404595 0.7632422
1781254107.620790 -1.0933990 -0.0036880 -0.2115518 -0.0091180 -0.6067225 0.0376838 0.7939676
1781254108.188100 -1.0481218 0.0037206 -0.0942680 -0.0084586 -0.4981912 0.0300391 0.8665055
1781254110.790981 -0.4449719 0.0101170 0.0400431 0.0017348 0.0077806 -0.0018994 0.9999664
1781254111.258163 -0.3276841 0.0078466 0.0357736 0.0012933 -0.0011490 -0.0018527 0.9999968
1781254112.996405 0.2073391 0.0029709 0.0627924 0.0018746 -0.0059394 0.0011302 0.9999800
1781254115.066863 0.6227241 -0.0228013 -0.1900159 0.0069849 0.5649434 -0.0370592 0.8242674
1781254118.571291 0.0781058 -0.0696326 -1.0459380 0.0107608 0.8910751 -0.0576985 0.4500448
1781254120.940468 -0.2921076 -0.1493419 -1.6236389 0.0089663 0.8768125 -0.0380978 0.4792369
1781254126.946792 -1.5973496 -0.1770518 -2.8404827 0.0075857 0.9633337 -0.0589977 0.2616293
1781254127.380605 -1.7272282 -0.1809532 -2.8829322 0.0083902 0.9836649 -0.0589639 0.1698709
1781254128.148136 -1.9732511 -0.1875706 -2.8996136 0.0095768 0.9980825 -0.0590415 0.0159310
1781254129.417634 -2.3372126 -0.1502469 -2.7350714 -0.0084302 -0.9206731 0.0622066 0.3852535
1781254131.453855 -2.3783901 -0.1256014 -2.1704929 -0.0098815 -0.6183809 0.0414584 0.7847220
1781254131.921147 -2.3092852 -0.1197038 -2.0635414 -0.0096219 -0.5280844 0.0363573 0.8483587
1781254139.999178 -1.1671445 -0.0152212 -0.4235340 -0.0145436 -0.7211040 0.0510431 0.6907910
1781254141.534543 -1.0226778 0.0059978 -0.0469506 -0.0083257 -0.4333453 0.0266124 0.9007965
1781254143.637366 -0.4896285 0.0016012 -0.0198347 0.0002587 0.0189750 -0.0005789 0.9998198
1781254144.471827 -0.2229376 0.0013302 -0.0332745 0.0008502 -0.0016108 -0.0006651 0.9999981
1781254146.207512 0.4126573 -0.0027624 0.0184075 -0.0003003 -0.0959790 0.0070755 0.9953582
1781254146.574669 0.5229633 -0.0022846 0.0536722 -0.0013693 -0.1348857 0.0083766 0.9908248
1781254147.108736 0.6503619 -0.0011018 0.1012534 -0.0026259 -0.1732700 0.0103291 0.9848167
