0.000000 0.000000 0.000000 -0.164099 -0.006423 -0.051879
0.000000 0.000000 0.000000 -0.081037 -0.002596 -0.048853
0.000000 0.000000 0.000000 -0.009438 -0.002548 -0.059626
0.000000 0.000000 0.000000 -0.008299 -0.003528 -0.062288
0.000000 0.000000 0.000000 -0.051987 -0.110861 -0.023864
0.000000 0.000000 0.000000 -0.122682 -0.164607 -0.046474
0.000000 0.000000 0.000000 -0.180560 -0.123735 -0.000721
0.000000 0.000000 0.000000 -0.030391 -0.074023 0.082078
0.000000 0.000000 0.000000 0.050138 -0.157855 0.094980
0.000000 0.000000 0.000000 -0.076576 -0.221857 0.023931
0.000000 0.000000 0.000000 -0.160053 -0.127857 0.040555
0.000000 0.000000 0.000000 -0.029758 -0.267112 -0.024897
0.000000 0.000000 0.000000 -0.162923 -0.087690 0.090207
0.000000 0.000000 0.000000 -0.036235 0.008699 0.110680
-0.164099 -0.006423 -0.051879 0.000000 0.000000 0.000000
-0.081037 -0.002596 -0.048853 0.000000 0.000000 0.000000
-0.009438 -0.002548 -0.059626 0.000000 0.000000 0.000000
-0.009438 -0.002548 -0.059626 -0.156931 -0.205708 -0.110897
-0.008299 -0.003528 -0.062288 0.000000 0.000000 0.000000
-0.051987 -0.110861 -0.023864 0.000000 0.000000 0.000000
-0.051987 -0.110861 -0.023864 -0.110210 -0.226137 -0.283995
-0.051987 -0.110861 -0.023864 0.071591 -0.231824 -0.007301
-0.051987 -0.110861 -0.023864 -0.087551 -0.311941 0.207654
-0.122682 -0.164607 -0.046474 0.000000 0.000000 0.000000
-0.180560 -0.123735 -0.000721 0.000000 0.000000 0.000000
-0.030391 -0.074023 0.082078 0.000000 0.000000 0.000000
0.050138 -0.157855 0.094980 0.000000 0.000000 0.000000
-0.076576 -0.221857 0.023931 0.000000 0.000000 0.000000
-0.160053 -0.127857 0.040555 0.000000 0.000000 0.000000
-0.029758 -0.267112 -0.024897 0.000000 0.000000 0.000000
-0.156931 -0.205708 -0.110897 -0.009438 -0.002548 -0.059626
-0.110210 -0.226137 -0.283995 -0.051987 -0.110861 -0.023864
0.071591 -0.231824 -0.007301 -0.051987 -0.110861 -0.023864
-0.087551 -0.311941 0.207654 -0.051987 -0.110861 -0.023864
-0.162923 -0.087690 0.090207 0.000000 0.000000 0.000000
-0.036235 0.008699 0.110680 0.000000 0.000000 0.000000
