1781254341.243472 0.000000 0.000000 0.000000 0.000000 0.000000 0.000000 1.000000
1781254344.100642 0.324365 -0.007768 0.035771 -0.003505 -0.021802 -0.000567 0.999756
1781254345.202730 0.619219 -0.014512 0.098283 -0.006728 -0.056745 0.000171 0.998366
1781254346.237531 0.923971 -0.012682 0.177873 -0.004796 -0.061585 0.002720 0.998087
1781254347.372452 1.291221 -0.005445 0.181096 0.002666 0.035778 -0.006135 0.999337
1781254348.473879 1.589992 -0.010294 0.171463 0.003334 0.075117 -0.009788 0.997121
1781254349.475172 1.846611 -0.018907 0.174965 0.002291 0.062031 -0.012413 0.997994
1781254350.609890 2.151230 -0.031801 0.152718 0.000740 0.066464 -0.012243 0.997713
1781254351.744751 2.486923 -0.046833 0.097167 0.001791 0.110792 -0.015932 0.993714
1781254352.813041 2.799773 -0.062757 -0.033440 0.005984 0.269187 -0.024043 0.962769
1781254353.914462 2.995895 -0.076069 -0.184741 0.011710 0.441976 -0.030694 0.896425
1781254355.082517 3.075196 -0.088896 -0.403838 0.014481 0.632323 -0.041229 0.773471
1781254356.250609 3.066941 -0.099085 -0.660780 0.017855 0.772788 -0.048836 0.632531
1781254357.251836 2.970334 -0.101781 -0.879285 0.021295 0.865340 -0.055525 0.497645
1781254358.486752 2.765199 -0.106146 -1.058280 0.024662 0.952436 -0.056989 0.298344
1781254359.988688 2.473735 -0.108891 -1.085334 0.025930 0.997881 -0.054767 0.023698
1781254361.123505 2.237433 -0.099361 -0.994121 0.025921 0.977043 -0.051704 -0.205041
1781254362.425166 2.019528 -0.084659 -0.825421 0.022858 0.934074 -0.047886 -0.353115
1781254363.526549 1.770222 -0.071198 -0.654169 0.021855 0.938876 -0.048793 -0.340080
1781254364.694772 1.559951 -0.056834 -0.576848 0.021602 0.961225 -0.051896 -0.269975
1781254365.862978 1.307740 -0.052181 -0.571506 0.020395 0.987119 -0.053707 -0.149317
1781254366.897650 1.108959 -0.052827 -0.622100 0.018123 0.997274 -0.057045 -0.043146
1781254368.099249 0.896687 -0.057127 -0.755213 0.018351 0.992100 -0.057111 0.110177
1781254369.100581 0.749461 -0.063158 -0.917188 0.015204 0.969212 -0.056084 0.239272
1781254370.136436 0.644901 -0.072456 -1.139485 0.014615 0.925223 -0.055923 0.374994
1781254371.205595 0.573900 -0.084520 -1.343894 0.013405 0.895018 -0.053751 0.442577
1781254372.206583 0.442550 -0.093677 -1.448896 0.012590 0.945227 -0.056994 0.321152
1781254373.541315 0.202691 -0.091187 -1.495463 0.013448 0.993490 -0.059256 0.096358
1781254374.609096 0.020087 -0.084524 -1.456703 0.013927 0.995887 -0.060924 -0.065607
1781254376.844774 -0.107358 -0.073867 -1.301254 0.014993 0.988891 -0.059657 -0.135320
1781254377.912548 -0.207618 -0.064375 -1.169380 0.013661 0.981636 -0.059328 -0.180788
1781254378.980363 -0.329117 -0.056385 -1.016428 0.014405 0.970126 -0.057655 -0.235210
1781254380.081643 -0.478403 -0.044690 -0.879278 0.012999 0.963362 -0.058429 -0.261442
1781254381.282896 -0.694354 -0.021301 -0.688149 0.013893 0.953237 -0.060058 -0.295871
1781254382.317338 -0.811406 -0.007476 -0.539557 0.013721 0.922205 -0.059300 -0.381881
1781254383.318430 -0.836898 0.000723 -0.396593 0.012566 0.882774 -0.055241 -0.466369
1781254384.319489 -0.760363 0.008509 -0.197892 -0.010634 -0.792218 0.049182 0.608160
1781254385.420692 -0.593693 0.011620 -0.082136 -0.008180 -0.670944 0.041815 0.740283
1781254386.422845 -0.423129 0.010020 -0.033037 -0.007775 -0.533782 0.033888 0.844907
1781254387.558503 -0.274025 0.001720 -0.006090 -0.008167 -0.399568 0.025110 0.916323
1781254389.027118 -0.164099 -0.006423 -0.051879 -0.007092 -0.283291 0.016370 0.958868
1781254390.095134 -0.081037 -0.002596 -0.048853 -0.004341 -0.177861 0.010313 0.983992
1781254391.129714 -0.009438 -0.002548 -0.059626 -0.003120 -0.051032 0.002728 0.998688
1781254392.331149 -0.008299 -0.003528 -0.062288 -0.002753 0.033480 -0.001885 0.999434
1781254396.970158 -0.051987 -0.110861 -0.023864 0.010283 0.036721 -0.005975 0.999255
1781254398.071544 -0.122682 -0.164607 -0.046474 0.046288 -0.053460 -0.043138 0.996563
1781254399.106351 -0.180560 -0.123735 -0.000721 -0.050744 -0.164635 -0.010825 0.984989
1781254400.174577 -0.030391 -0.074023 0.082078 -0.116605 0.066527 -0.001063 0.990947
1781254401.242502 0.050138 -0.157855 0.094980 0.007092 0.176468 -0.052320 0.982889
1781254402.343766 -0.076576 -0.221857 0.023931 0.030972 -0.010480 -0.051494 0.998138
1781254403.411869 -0.160053 -0.127857 0.040555 -0.093949 -0.100509 -0.010624 0.990434
1781254404.446569 -0.022138 -0.141046 0.055894 -0.014239 0.029552 -0.040792 0.998629
1781254406.615972 -0.029758 -0.267112 -0.024897 0.095993 -0.001377 -0.073116 0.992692
1781254407.917648 -0.156931 -0.205708 -0.110897 0.008771 -0.106997 -0.033128 0.993669
1781254408.918910 -0.110210 -0.226137 -0.283995 0.010326 -0.026382 -0.017635 0.999443
1781254409.920084 0.071591 -0.231824 -0.007301 -0.005620 0.054185 -0.035221 0.997894
1781254411.021541 -0.087551 -0.311941 0.207654 0.022234 0.157163 -0.043520 0.986363
1781254412.323308 -0.162923 -0.087690 0.090207 -0.005963 -0.020573 -0.003746 0.999764
1781254413.424711 -0.036235 0.008699 0.110680 0.000785 0.018964 0.001945 0.999818
