0.000000 0.000000 0.000000 -0.162582 -0.008114 -0.043397
0.000000 0.000000 0.000000 -0.124363 -0.001949 -0.044930
0.000000 0.000000 0.000000 -0.027569 -0.004430 -0.050796
0.000000 0.000000 0.000000 -0.003761 -0.004823 -0.063524
0.000000 0.000000 0.000000 -0.027286 -0.004059 -0.058059
0.000000 0.000000 0.000000 -0.058922 -0.127026 -0.026024
0.000000 0.000000 0.000000 -0.160786 -0.152292 -0.026626
0.000000 0.000000 0.000000 -0.121737 -0.086764 0.048346
0.000000 0.000000 0.000000 -0.132845 -0.095973 0.054312
0.000000 0.000000 0.000000 0.014692 -0.152562 0.067613
0.000000 0.000000 0.000000 -0.056800 -0.251580 -0.022380
0.000000 0.000000 0.000000 -0.028324 0.006850 0.110135
0.233638 -0.007134 0.020359 0.053406 -0.127504 0.090298
0.233638 -0.007134 0.020359 0.042196 -0.216319 0.035370
-0.162582 -0.008114 -0.043397 0.000000 0.000000 0.000000
-0.124363 -0.001949 -0.044930 0.000000 0.000000 0.000000
-0.027569 -0.004430 -0.050796 0.000000 0.000000 0.000000
-0.027569 -0.004430 -0.050796 -0.162062 -0.212927 -0.129456
-0.003761 -0.004823 -0.063524 0.000000 0.000000 0.000000
-0.027286 -0.004059 -0.058059 0.000000 0.000000 0.000000
-0.058922 -0.127026 -0.026024 0.000000 0.000000 0.000000
-0.058922 -0.127026 -0.026024 -0.020435 -0.223855 -0.194982
-0.058922 -0.127026 -0.026024 0.059394 -0.251732 0.093549
-0.058922 -0.127026 -0.026024 -0.171443 -0.317017 0.185542
-0.058922 -0.127026 -0.026024 -0.147856 -0.073470 0.089710
-0.160786 -0.152292 -0.026626 0.000000 0.000000 0.000000
-0.121737 -0.086764 0.048346 0.000000 0.000000 0.000000
0.053406 -0.127504 0.090298 0.233638 -0.007134 0.020359
-0.132845 -0.095973 0.054312 0.000000 0.000000 0.000000
0.014692 -0.152562 0.067613 0.000000 0.000000 0.000000
0.042196 -0.216319 0.035370 0.233638 -0.007134 0.020359
-0.056800 -0.251580 -0.022380 0.000000 0.000000 0.000000
-0.162062 -0.212927 -0.129456 -0.027569 -0.004430 -0.050796
-0.020435 -0.223855 -0.194982 -0.058922 -0.127026 -0.026024
0.059394 -0.251732 0.093549 -0.058922 -0.127026 -0.026024
-0.171443 -0.317017 0.185542 -0.058922 -0.127026 -0.026024
-0.147856 -0.073470 0.089710 -0.058922 -0.127026 -0.026024
-0.028324 0.006850 0.110135 0.000000 0.000000 0.000000
