1781254341.339255 0.000000 0.000000 0.000000 0.000000 0.000000 0.000000 1.000000
1781254343.733175 0.233638 -0.007134 0.020359 -0.001899 -0.011415 -0.001018 0.999933
1781254345.169346 0.599461 -0.005336 0.106176 -0.003020 -0.055091 0.001035 0.998476
1781254346.270909 0.906164 -0.001187 0.188940 -0.000538 -0.055569 0.000405 0.998455
1781254347.606119 1.357019 -0.019373 0.164350 -0.002254 0.051327 -0.007035 0.998655
1781254348.674135 1.652810 -0.023619 0.163128 -0.002927 0.066922 -0.011008 0.997693
1781254349.742172 1.923777 -0.026420 0.166390 -0.001349 0.056233 -0.011500 0.998351
1781254350.810155 2.204422 -0.033553 0.145950 -0.001009 0.064843 -0.012532 0.997816
1781254351.911674 2.527049 -0.049965 0.078201 -0.000442 0.122865 -0.016179 0.992291
1781254352.913172 2.805433 -0.068796 -0.048943 0.000120 0.292671 -0.025244 0.955880
1781254354.014583 2.991623 -0.085876 -0.207640 0.003988 0.458032 -0.033742 0.888286
1781254355.049145 3.065385 -0.095223 -0.414512 0.009006 0.624485 -0.044939 0.779691
1781254356.150481 3.063873 -0.118409 -0.633078 0.010285 0.766820 -0.051049 0.639746
1781254357.251836 2.946147 -0.129448 -0.881402 0.012590 0.866164 -0.058145 0.496206
1781254358.353242 2.772962 -0.139058 -1.028101 0.014044 0.946831 -0.061333 0.315519
1781254359.387910 2.584984 -0.143160 -1.079716 0.016245 0.988000 -0.062665 0.140230
1781254360.422590 2.371688 -0.137486 -1.051414 0.017580 0.994660 -0.061511 -0.080984
1781254361.524028 2.171622 -0.127285 -0.944553 0.019359 0.961753 -0.058876 -0.266815
1781254362.692169 1.963110 -0.106123 -0.775506 0.017586 0.927334 -0.056587 -0.369514
1781254363.826944 1.713650 -0.094522 -0.612212 0.017489 0.941107 -0.055516 -0.333061
1781254364.995170 1.474568 -0.076801 -0.551392 0.017236 0.966894 -0.058646 -0.247748
1781254366.029859 1.246592 -0.073338 -0.550721 0.015611 0.988899 -0.059595 -0.135218
1781254367.064538 1.048449 -0.059780 -0.627109 0.014301 0.997807 -0.062532 -0.016308
1781254368.132627 0.864679 -0.062893 -0.755523 0.013657 0.990960 -0.061883 0.118248
1781254369.267469 0.707117 -0.072648 -0.954448 0.010172 0.961933 -0.060581 0.266294
1781254370.337193 0.606256 -0.079963 -1.192698 0.008612 0.913256 -0.060061 0.402843
1781254371.372425 0.527637 -0.094073 -1.383066 0.007390 0.896081 -0.057652 0.440068
1781254372.406779 0.382975 -0.098053 -1.463802 0.007201 0.954425 -0.063288 0.291575
1781254373.407839 0.204411 -0.099288 -1.498632 0.007640 0.989947 -0.065744 0.124998
1781254374.508995 0.031090 -0.098108 -1.459593 0.007803 0.995135 -0.067086 -0.071723
1781254376.544459 -0.068058 -0.093892 -1.330364 0.010353 0.991107 -0.065014 -0.115639
1781254377.779077 -0.201013 -0.078204 -1.181987 0.009971 0.982344 -0.065177 -0.175080
1781254378.813489 -0.312931 -0.068680 -1.033546 0.009493 0.971422 -0.064432 -0.228248
1781254379.881432 -0.457997 -0.056416 -0.898690 0.008697 0.963979 -0.065526 -0.257636
1781254380.882476 -0.614217 -0.045016 -0.755478 0.010015 0.957545 -0.065074 -0.280665
1781254381.950273 -0.775656 -0.030261 -0.588837 0.011830 0.936420 -0.064974 -0.344609
1781254382.984732 -0.832826 -0.018085 -0.453214 0.011482 0.898537 -0.062847 -0.434222
1781254383.985809 -0.784797 -0.005851 -0.251913 -0.009326 -0.819491 0.056564 0.570218
1781254385.287211 -0.610856 -0.005651 -0.076689 -0.009052 -0.691505 0.046175 0.720838
1781254386.422845 -0.419166 -0.004253 -0.026018 -0.009264 -0.534841 0.036988 0.844092
1781254387.558503 -0.273916 -0.005880 -0.002088 -0.009834 -0.400325 0.028128 0.915889
1781254388.626590 -0.162582 -0.008114 -0.043397 -0.008853 -0.286157 0.020109 0.957931
1781254389.661293 -0.124363 -0.001949 -0.044930 -0.005270 -0.232391 0.013382 0.972516
1781254390.662457 -0.027569 -0.004430 -0.050796 -0.004126 -0.099384 0.005584 0.995025
1781254391.830578 -0.003761 -0.004823 -0.063524 -0.003020 0.010980 -0.000861 0.999935
1781254392.865093 -0.027286 -0.004059 -0.058059 -0.001949 0.061346 -0.002567 0.998111
1781254397.103660 -0.058922 -0.127026 -0.026024 0.022340 0.035092 -0.010110 0.999083
1781254398.572168 -0.160786 -0.152292 -0.026626 -0.011209 -0.145190 -0.017607 0.989184
1781254399.707358 -0.121737 -0.086764 0.048346 -0.106291 -0.046158 -0.006258 0.993243
1781254400.842028 0.053406 -0.127504 0.090298 -0.054592 0.164325 -0.023693 0.984609
1781254402.310395 -0.086312 -0.226587 0.021077 0.027790 -0.018294 -0.051349 0.998126
1781254403.678932 -0.132845 -0.095973 0.054312 -0.109858 -0.045450 -0.008703 0.992869
1781254404.713572 0.014692 -0.152562 0.067613 0.008258 0.048192 -0.054139 0.997336
1781254405.814933 0.042196 -0.216319 0.035370 0.063223 0.071681 -0.069267 0.993009
1781254406.849607 -0.056800 -0.251580 -0.022380 0.087056 -0.038559 -0.073228 0.992760
1781254407.984401 -0.162062 -0.212927 -0.129456 0.012075 -0.104496 -0.034235 0.993863
1781254409.319367 -0.020435 -0.223855 -0.194982 -0.017704 -0.000656 -0.012336 0.999767
1781254410.320601 0.059394 -0.251732 0.093549 0.005721 0.114623 -0.044484 0.992396
1781254411.355344 -0.171443 -0.317017 0.185542 0.028011 0.093348 -0.026628 0.994883
1781254412.390061 -0.147856 -0.073470 0.089710 -0.005584 -0.008752 -0.007507 0.999918
1781254413.524837 -0.028324 0.006850 0.110135 -0.000197 0.018988 0.000763 0.999819
