1781254169.402762 0.0000000 0.0000000 0.0000000 -0.0000000 -0.0000000 -0.0000000 1.0000000
1781254173.382754 0.0091682 -0.0132041 -0.2239268 0.0022756 0.0504397 -0.0009138 0.9987241
1781254173.416123 0.0109752 -0.0129401 -0.2278765 0.0023144 0.0505313 -0.0009272 0.9987194
1781254173.616336 0.0146709 -0.0148311 -0.2599690 0.0022989 0.0540667 -0.0008334 0.9985344
1781254173.983386 0.0254833 -0.0188826 -0.3320553 0.0020688 0.0623818 -0.0008165 0.9980499
1781254174.685928 0.0483427 -0.0272038 -0.4713030 0.0019728 0.0685850 -0.0010004 0.9976429
1781254175.655436 0.1724407 -0.0319600 -0.5672708 0.0019444 0.0996994 -0.0035769 0.9950093
1781254177.056695 0.3517139 -0.0290773 -0.5086058 0.0003873 0.0694241 -0.0006068 0.9975870
1781254177.924113 0.4338717 -0.0225106 -0.3759987 0.0011572 0.0510928 0.0005377 0.9986931
1781254178.624800 0.5063143 -0.0169014 -0.2659551 0.0029697 0.0768402 -0.0010029 0.9970385
1781254179.125312 0.5838429 -0.0156393 -0.2305419 0.0038375 0.0483617 -0.0001884 0.9988225
1781254179.525704 0.6628081 -0.0175177 -0.2319455 0.0044411 0.0562968 -0.0011159 0.9984036
1781254179.625798 0.6803692 -0.0182597 -0.2369292 0.0043310 0.0756207 -0.0019815 0.9971253
1781254179.859348 0.7087562 -0.0196034 -0.2591810 0.0039831 0.1203836 -0.0045347 0.9927091
1781254180.393198 0.7462280 -0.0263836 -0.3495077 0.0031778 0.1462497 -0.0048111 0.9892309
1781254180.793608 0.7643120 -0.0335962 -0.4518731 0.0026048 0.1765442 -0.0061082 0.9842703
1781254181.394305 0.7779913 -0.0444470 -0.5995517 0.0016636 0.2086581 -0.0076704 0.9779571
1781254182.729490 0.7715111 -0.0678755 -0.9230669 -0.0001014 0.1775488 -0.0068834 0.9840879
1781254184.365008 0.9615672 -0.0834964 -1.1276227 -0.0000546 0.1349130 -0.0065849 0.9908355
1781254185.266109 1.0995072 -0.0725620 -0.9527223 -0.0010737 0.1266973 -0.0059519 0.9919230
1781254185.966850 1.2062483 -0.0608367 -0.7617679 -0.0005902 0.1288549 -0.0078871 0.9916319
1781254186.500844 1.2831874 -0.0535931 -0.6190331 -0.0003228 0.1140203 -0.0067114 0.9934557
1781254186.868009 1.3369476 -0.0474131 -0.5162212 0.0003934 0.0889667 -0.0054305 0.9960197
1781254187.235161 1.3884113 -0.0433757 -0.4432010 0.0005294 0.0509378 -0.0041479 0.9986931
1781254187.702364 1.4646773 -0.0407206 -0.3846627 0.0007635 0.0248706 -0.0032710 0.9996850
1781254188.069446 1.5470690 -0.0371096 -0.3410632 0.0014292 0.0129061 -0.0027563 0.9999119
1781254188.403164 1.6285849 -0.0386045 -0.3341503 0.0019858 0.0464155 -0.0038059 0.9989130
1781254188.836998 1.6935947 -0.0450084 -0.3955212 0.0015131 0.1299348 -0.0072564 0.9914948
1781254189.270807 1.7376713 -0.0505999 -0.4978578 0.0023323 0.1452260 -0.0070641 0.9893706
1781254189.838016 1.7625217 -0.0608457 -0.6477941 0.0024613 0.1713395 -0.0071714 0.9851829
1781254190.973469 1.7217511 -0.0840994 -0.9800251 0.0019970 0.1552259 -0.0066658 0.9878545
1781254191.541071 1.8079143 -0.0911720 -1.0785806 0.0027913 0.1771891 -0.0102141 0.9841199
1781254192.375408 1.9932581 -0.0864306 -0.9957042 0.0020825 0.1976650 -0.0116723 0.9801979
1781254192.976108 2.1111720 -0.0767596 -0.8442784 0.0024928 0.2321963 -0.0138736 0.9725668
1781254193.543453 2.2107236 -0.0687879 -0.6914749 0.0037151 0.2412449 -0.0140836 0.9703550
1781254193.910563 2.2634959 -0.0638427 -0.6030517 0.0041184 0.2430948 -0.0143524 0.9698876
1781254194.277673 2.3185561 -0.0574459 -0.5073181 0.0053890 0.2467816 -0.0144291 0.9689487
1781254194.678159 2.3767626 -0.0521191 -0.4058339 0.0056542 0.2305671 -0.0130441 0.9729525
1781254195.278884 2.4461241 -0.0447008 -0.2811728 0.0046764 0.1862905 -0.0111966 0.9824198
1781254195.846252 2.5318394 -0.0435713 -0.2314741 0.0034956 0.1298907 -0.0090452 0.9914809
1781254196.346864 2.6232617 -0.0484013 -0.2708174 0.0032617 0.1514829 -0.0104807 0.9883990
1781254196.814094 2.7154865 -0.0559763 -0.3434123 0.0027742 0.1740953 -0.0119950 0.9846519
1781254197.147826 2.7510962 -0.0613529 -0.4069240 0.0027384 0.1710851 -0.0110482 0.9851905
1781254197.748647 2.7826171 -0.0693661 -0.5240347 0.0022575 0.1067392 -0.0071651 0.9942587
1781254198.382888 2.8105845 -0.0802392 -0.6843797 0.0002911 0.0672752 -0.0040149 0.9977263
1781254198.950429 2.8211336 -0.0889174 -0.8599905 0.0007056 0.0718555 -0.0045443 0.9974045
1781254199.651432 2.8903990 -0.1010215 -0.9993038 0.0000986 0.0359233 -0.0042503 0.9993455
1781254199.918468 2.9558733 -0.1041513 -1.0245155 0.0004582 0.0672655 -0.0066103 0.9977131
1781254200.252262 3.0395336 -0.1084661 -1.0258025 0.0002900 0.1124875 -0.0094439 0.9936082
1781254201.019997 3.1386857 -0.1011089 -0.9113380 -0.0004186 0.0913071 -0.0074233 0.9957950
1781254201.687541 3.2132692 -0.0896589 -0.7413186 0.0009171 0.0983800 -0.0078318 0.9951177
1781254202.121428 3.2659807 -0.0821639 -0.6327968 0.0020820 0.0917468 -0.0079999 0.9957481
1781254202.388475 3.3058658 -0.0799785 -0.5778552 0.0015277 0.0598093 -0.0069608 0.9981844
1781254202.722305 3.3657815 -0.0777185 -0.5407528 0.0019023 0.0397485 -0.0057346 0.9991915
1781254202.989372 3.4108570 -0.0779009 -0.5258240 0.0018330 0.0506836 -0.0066003 0.9986913
1781254203.156291 3.4426348 -0.0773414 -0.5199881 0.0027028 0.0635153 -0.0077585 0.9979471
1781254203.289818 3.4748046 -0.0792404 -0.5180549 0.0022606 0.0768899 -0.0082575 0.9970028
1781254203.556868 3.5364387 -0.0797436 -0.5214954 0.0034542 0.1157712 -0.0104511 0.9932150
1781254203.823920 3.5808897 -0.0833119 -0.5524388 0.0032842 0.1628085 -0.0124357 0.9865739
1781254204.224499 3.6208789 -0.0891539 -0.6207112 0.0027943 0.1763436 -0.0120012 0.9842516
1781254204.658440 3.6413822 -0.0973322 -0.7449436 0.0031194 0.1975983 -0.0117560 0.9802076
1781254205.159148 3.6524036 -0.1064000 -0.8876591 0.0031293 0.2170564 -0.0117361 0.9760835
1781254205.926819 3.6672387 -0.1249002 -1.1099650 0.0015959 0.2236748 -0.0118664 0.9745903
1781254206.828016 3.7020164 -0.1405765 -1.3445594 0.0018825 0.2475565 -0.0144893 0.9687633
1781254208.029604 3.9857860 -0.1315054 -1.1693642 0.0009254 0.2373418 -0.0122795 0.9713482
1781254208.663754 4.0929446 -0.1203267 -0.9681469 0.0029598 0.2572182 -0.0127400 0.9662648
1781254209.064264 4.1599379 -0.1103877 -0.8405217 0.0043831 0.2686345 -0.0141995 0.9631276
1781254209.698414 4.2390356 -0.1040960 -0.6973034 0.0034451 0.2946589 -0.0161784 0.9554594
1781254210.899966 4.2487063 -0.1057949 -0.7082025 0.0054253 0.5025113 -0.0289945 0.8640673
1781254211.534119 4.2452626 -0.1178906 -0.9213969 0.0090891 0.6097733 -0.0362578 0.7916939
1781254212.001391 4.2237296 -0.1259965 -1.0826740 0.0102416 0.6769978 -0.0397250 0.7348409
1781254212.235025 4.2063093 -0.1290933 -1.1749027 0.0108673 0.7116558 -0.0426450 0.7011486
1781254212.535411 4.1826706 -0.1396516 -1.2931764 0.0096247 0.7590008 -0.0454532 0.6494299
1781254213.036049 4.1513500 -0.1548655 -1.4698572 0.0086300 0.8291566 -0.0494315 0.5567597
1781254213.703582 4.1029329 -0.1597619 -1.6295686 0.0089520 0.9052929 -0.0562663 0.4209499
1781254214.237616 4.0247903 -0.1648908 -1.6835823 0.0104570 0.9708481 -0.0576642 0.2324212
1781254214.771724 3.9489646 -0.1563124 -1.6276575 0.0142266 0.9980499 -0.0606098 0.0045328
1781254215.405959 3.9155993 -0.1430325 -1.4533448 -0.0159720 -0.9951887 0.0619834 0.0741780
1781254216.574155 3.8596969 -0.1225151 -1.0913095 -0.0155300 -0.9899371 0.0607812 0.1268428
1781254217.241690 3.7434387 -0.1158155 -1.0302033 -0.0147754 -0.9803815 0.0603422 0.1870630
1781254217.975971 3.5848067 -0.1210786 -1.1602192 -0.0174872 -0.9898508 0.0598250 0.1277126
1781254218.643519 3.4980521 -0.1309946 -1.3175001 -0.0180712 -0.9899923 0.0603686 0.1262711
1781254219.077436 3.4389541 -0.1356236 -1.4455771 -0.0182238 -0.9862939 0.0608330 0.1522882
1781254219.444592 3.3807583 -0.1427387 -1.5653664 -0.0185640 -0.9845682 0.0606670 0.1630962
1781254219.911877 3.3044975 -0.1480037 -1.6799796 -0.0180243 -0.9890054 0.0606362 0.1336663
1781254220.579424 3.1829538 -0.1462665 -1.7132083 -0.0179237 -0.9932677 0.0619958 0.0962011
1781254221.113456 3.0734527 -0.1407955 -1.6574820 -0.0191230 -0.9899189 0.0612334 0.1262749
1781254221.947911 3.0288949 -0.1281594 -1.4303919 -0.0192815 -0.9933233 0.0608575 0.0960903
1781254222.649937 2.9930046 -0.1171680 -1.2401356 -0.0187729 -0.9949930 0.0618635 0.0762190
1781254223.385766 2.9444160 -0.1010087 -1.0454092 -0.0183902 -0.9958353 0.0614313 0.0648083
1781254223.953060 2.8310754 -0.0959692 -0.9796457 -0.0165482 -0.9925266 0.0611247 0.1043114
1781254224.453605 2.6981657 -0.0947692 -0.9955258 -0.0168665 -0.9928007 0.0607483 0.1018434
1781254224.887403 2.6119988 -0.0959160 -1.0477736 -0.0172493 -0.9947770 0.0614522 0.0796543
1781254225.421309 2.5528803 -0.1010852 -1.1599461 -0.0180926 -0.9952571 0.0611573 0.0734564
1781254225.921853 2.5052519 -0.1078859 -1.2705142 -0.0177314 -0.9948492 0.0606903 0.0792296
1781254226.389025 2.4554706 -0.1105808 -1.3301067 -0.0161548 -0.9976668 0.0611368 0.0257332
1781254226.789467 2.3778589 -0.1096566 -1.3379999 -0.0155264 -0.9979653 0.0616059 0.0053700
1781254227.123161 2.3028936 -0.1074812 -1.3109457 -0.0153122 -0.9967847 0.0601391 0.0506866
1781254227.456889 2.2378807 -0.1036474 -1.2493494 -0.0157759 -0.9955002 0.0602657 0.0714038
1781254227.857375 2.1584396 -0.0967167 -1.1630971 -0.0159715 -0.9943454 0.0604358 0.0858476
1781254228.291218 2.0730712 -0.0885519 -1.0646300 -0.0159103 -0.9930480 0.0604033 0.0997700
1781254228.858469 1.9919641 -0.0800823 -0.9322587 -0.0156065 -0.9924788 0.0598883 0.1056204
1781254229.792772 1.8315163 -0.0753846 -0.9007335 -0.0133216 -0.9949222 0.0593432 0.0801918
1781254230.426774 1.7458911 -0.0844131 -1.0606248 -0.0147016 -0.9962446 0.0594712 0.0611861
1781254230.760469 1.7202690 -0.0885320 -1.1788558 -0.0154298 -0.9932128 0.0602665 0.0982759
1781254231.094157 1.6946871 -0.0974395 -1.3198093 -0.0155494 -0.9898775 0.0603269 0.1275204
1781254231.461210 1.6588831 -0.1064784 -1.4949048 -0.0156266 -0.9888087 0.0599993 0.1356956
1781254231.928358 1.6190665 -0.1171414 -1.6728560 -0.0155034 -0.9910540 0.0602127 0.1180935
1781254232.462231 1.5810759 -0.1265278 -1.8500000 -0.0150730 -0.9934393 0.0616398 0.0951414
1781254232.862629 1.5532689 -0.1353508 -1.9853973 -0.0142996 -0.9954826 0.0622272 0.0702690
1781254233.196284 1.5119978 -0.1396069 -2.0769515 -0.0134178 -0.9971756 0.0630362 0.0385638
1781254233.496735 1.4614133 -0.1436674 -2.1457143 -0.0124908 -0.9975798 0.0629249 0.0268147
1781254233.763821 1.4135001 -0.1463553 -2.1991820 -0.0121505 -0.9978939 0.0624930 0.0124393
1781254234.030909 1.3590617 -0.1486909 -2.2381387 0.0110402 0.9979368 -0.0627243 0.0081262
1781254234.331340 1.2841808 -0.1520029 -2.2719920 0.0109090 0.9980157 -0.0619875 0.0017956
1781254234.665047 1.1920080 -0.1515735 -2.2904851 -0.0111417 -0.9979703 0.0619958 0.0093571
1781254235.098857 1.1293696 -0.1506865 -2.2632017 -0.0116395 -0.9964900 0.0615122 0.0555735
1781254235.832967 1.0793111 -0.1408150 -2.1183205 -0.0127327 -0.9954274 0.0616334 0.0718578
1781254236.567068 1.0633701 -0.1287707 -1.9320360 -0.0138683 -0.9951522 0.0613062 0.0756390
1781254236.934122 1.0805777 -0.1207807 -1.8002455 -0.0137084 -0.9934970 0.0607170 0.0953382
1781254237.601564 1.1060119 -0.1080905 -1.5981710 -0.0136557 -0.9924539 0.0613195 0.1053037
1781254238.369363 1.1240391 -0.0925222 -1.3541923 -0.0135969 -0.9931850 0.0615073 0.0980591
1781254239.205002 1.1036237 -0.0797810 -1.1127690 -0.0149890 -0.9919872 0.0606357 0.1098188
1781254239.872581 0.9929373 -0.0742925 -1.0116189 -0.0144297 -0.9864595 0.0595311 0.1521367
1781254240.807080 0.7425714 -0.0738888 -1.0637465 -0.0119589 -0.9921479 0.0600807 0.1090404
1781254241.474558 0.6756622 -0.0837763 -1.2558101 -0.0128447 -0.9927623 0.0620196 0.1020378
1781254241.941787 0.6458356 -0.0936943 -1.4392344 -0.0130361 -0.9944746 0.0627248 0.0831625
1781254242.308897 0.6275464 -0.1023472 -1.5820186 -0.0124121 -0.9957940 0.0624438 0.0658868
1781254242.709413 0.6061004 -0.1070151 -1.6600233 -0.0119533 -0.9972079 0.0625331 0.0390268
1781254243.510441 0.5045396 -0.1037208 -1.6266484 -0.0110463 -0.9969596 0.0625872 0.0450819
1781254243.844204 0.4239372 -0.0991905 -1.5783091 -0.0124027 -0.9957556 0.0626939 0.0662307
1781254244.111214 0.3539014 -0.0969833 -1.5427786 -0.0128672 -0.9951761 0.0624114 0.0745911
1781254244.344843 0.2883778 -0.0952458 -1.5209448 -0.0136364 -0.9954114 0.0618502 0.0717274
1781254244.645213 0.2092257 -0.0921586 -1.4881853 -0.0151999 -0.9953966 0.0615420 0.0718828
1781254245.045704 0.1455305 -0.0874434 -1.4174809 -0.0160772 -0.9956042 0.0611609 0.0690881
1781254245.446179 0.1217723 -0.0816760 -1.3017226 -0.0163748 -0.9960605 0.0599768 0.0632317
1781254245.880004 0.0985465 -0.0726570 -1.1637994 -0.0155949 -0.9965734 0.0588585 0.0559824
1781254246.580809 0.0318134 -0.0617498 -0.9979045 -0.0150085 -0.9966046 0.0582375 0.0562367
1781254247.148138 -0.0514102 -0.0538326 -0.8736275 -0.0137876 -0.9933161 0.0586784 0.0984368
1781254248.583166 -0.2171057 -0.0657778 -1.1341550 -0.0146199 -0.9831563 0.0565524 0.1731813
1781254249.484301 -0.2345304 -0.0685230 -1.2232996 -0.0140775 -0.9171589 0.0540075 0.3945943
1781254250.485791 -0.2009300 -0.0592105 -1.0243027 -0.0130650 -0.7968467 0.0470552 0.6022046
1781254251.119980 -0.1599811 -0.0405010 -0.8322313 -0.0125240 -0.6720206 0.0419258 0.7392386
1781254251.654036 -0.0857049 -0.0348306 -0.6916144 -0.0112870 -0.5028533 0.0320601 0.8637033
1781254252.722159 0.0904998 -0.0440352 -0.7263823 -0.0092380 -0.2119086 0.0127803 0.9771623
1781254253.990580 0.5187923 -0.0269131 -0.7079501 0.0017811 -0.0406630 0.0012570 0.9991705
