1781254294.783055 0.0000000 0.0000000 0.0000000 -0.0000000 -0.0000000 -0.0000000 1.0000000
1781254296.602275 0.1251266 -0.0027731 0.0056854 -0.0006288 -0.0016388 -0.0007359 0.9999982
1781254296.635653 0.1314447 -0.0027203 0.0065867 -0.0005607 -0.0016092 -0.0008000 0.9999983
1781254296.835926 0.1711321 -0.0035474 0.0158382 -0.0007014 -0.0060501 -0.0009101 0.9999810
1781254297.069585 0.2245321 -0.0043257 0.0260135 -0.0006888 -0.0106454 -0.0007700 0.9999428
1781254297.470336 0.3373458 -0.0045928 0.0489383 -0.0004868 -0.0270019 -0.0004391 0.9996352
1781254297.804387 0.4487688 -0.0054841 0.0733390 -0.0015031 -0.0414139 -0.0001512 0.9991410
1781254298.171880 0.5815605 -0.0058902 0.1005508 -0.0019312 -0.0501015 0.0002621 0.9987422
1781254298.505710 0.7101134 -0.0080952 0.1333231 -0.0031070 -0.0540441 -0.0002681 0.9985337
1781254298.772784 0.8173378 -0.0085840 0.1637268 -0.0041029 -0.0542341 -0.0000534 0.9985198
1781254299.006480 0.9025825 -0.0096214 0.1892266 -0.0039969 -0.0564126 0.0000667 0.9983996
1781254299.240158 0.9818316 -0.0089768 0.2183821 -0.0033311 -0.0712947 0.0009957 0.9974492
1781254299.573942 1.0971822 -0.0088667 0.2593192 -0.0027516 -0.0827984 0.0019240 0.9965607
1781254299.807592 1.1895533 -0.0091354 0.2799486 -0.0021748 -0.0698648 0.0011186 0.9975535
1781254299.974486 1.2610780 -0.0085097 0.2932662 -0.0014853 -0.0592266 0.0003964 0.9982434
1781254300.174770 1.3437412 -0.0117635 0.3039892 -0.0014990 -0.0433445 -0.0004919 0.9990590
1781254300.341720 1.4156603 -0.0136068 0.3134024 -0.0021287 -0.0315494 -0.0020523 0.9994978
1781254300.575462 1.5186108 -0.0144132 0.3258196 -0.0023100 -0.0155218 -0.0033167 0.9998714
1781254300.775822 1.6111982 -0.0171875 0.3344828 -0.0029141 -0.0024492 -0.0044071 0.9999831
1781254300.876007 1.6598221 -0.0151417 0.3425281 -0.0020319 0.0020339 -0.0058042 0.9999791
1781254301.042985 1.7417755 -0.0177086 0.3516334 -0.0021327 0.0086093 -0.0057883 0.9999439
1781254301.143175 1.7879868 -0.0202309 0.3564031 -0.0032730 0.0056329 -0.0059478 0.9999611
1781254301.243301 1.8342810 -0.0205890 0.3633987 -0.0029874 0.0065772 -0.0063904 0.9999535
1781254301.343427 1.8780322 -0.0216101 0.3692523 -0.0027674 0.0068304 -0.0064136 0.9999523
1781254301.443552 1.9229443 -0.0222658 0.3753724 -0.0026276 0.0040901 -0.0066584 0.9999660
1781254301.577054 1.9837011 -0.0215096 0.3849772 -0.0023856 0.0035128 -0.0068728 0.9999674
1781254301.743927 2.0606353 -0.0211732 0.3977601 -0.0017940 0.0023841 -0.0068782 0.9999719
1781254301.844051 2.1085608 -0.0220111 0.4044998 -0.0020425 0.0007175 -0.0065642 0.9999761
1781254301.977549 2.1660533 -0.0229949 0.4146162 -0.0024509 0.0004838 -0.0064207 0.9999763
1781254302.077672 2.2090888 -0.0218095 0.4223068 -0.0014514 0.0008599 -0.0066225 0.9999767
1781254302.211177 2.2676742 -0.0221363 0.4319471 -0.0013566 -0.0007840 -0.0069756 0.9999745
1781254302.311309 2.3115394 -0.0226472 0.4357170 -0.0010649 0.0001342 -0.0073315 0.9999726
1781254302.478197 2.3840458 -0.0253383 0.4401846 -0.0006399 0.0058391 -0.0073727 0.9999556
1781254302.578329 2.4278977 -0.0248887 0.4469116 -0.0002632 0.0081587 -0.0075219 0.9999384
1781254302.745216 2.5000663 -0.0277786 0.4528193 -0.0007603 0.0178189 -0.0078798 0.9998099
1781254302.945482 2.5830414 -0.0310560 0.4589872 -0.0009596 0.0336122 -0.0087079 0.9993966
1781254303.145746 2.6585712 -0.0326041 0.4623432 -0.0002988 0.0452838 -0.0102295 0.9989218
1781254303.345993 2.7311475 -0.0344030 0.4655671 -0.0009101 0.0556776 -0.0105372 0.9983928
1781254303.479490 2.7807372 -0.0367852 0.4648592 -0.0018638 0.0662094 -0.0107146 0.9977465
1781254303.612987 2.8302186 -0.0375947 0.4603496 -0.0012626 0.0830731 -0.0115802 0.9964754
1781254303.746483 2.8801987 -0.0390855 0.4522172 -0.0010704 0.1040626 -0.0121931 0.9944955
1781254303.980099 2.9639645 -0.0451525 0.4335110 -0.0020283 0.1424121 -0.0141646 0.9897040
1781254304.280483 3.0605388 -0.0496544 0.3991189 -0.0005467 0.2004845 -0.0166753 0.9795548
1781254304.781175 3.1965981 -0.0653196 0.3102912 0.0002042 0.3071288 -0.0225667 0.9514003
1781254305.248483 3.2917371 -0.0733638 0.2031989 0.0024751 0.4360934 -0.0311869 0.8993574
1781254305.448747 3.3366487 -0.0842685 0.1380589 0.0020398 0.4854893 -0.0336409 0.8735927
1781254305.715766 3.3811498 -0.0929441 0.0586065 0.0025058 0.5484661 -0.0373378 0.8353350
1781254305.916029 3.4073088 -0.0920907 -0.0081012 0.0053939 0.5981442 -0.0419179 0.8002733
1781254306.116292 3.4241574 -0.0999937 -0.0851080 0.0053152 0.6446942 -0.0453651 0.7630749
1781254306.516788 3.4252458 -0.1128767 -0.2337773 0.0065937 0.7375458 -0.0517740 0.6732773
1781254306.650284 3.4162295 -0.1142065 -0.2885065 0.0074112 0.7658437 -0.0544012 0.6406785
1781254306.883900 3.3941736 -0.1203509 -0.3687782 0.0082634 0.8162612 -0.0582741 0.5746769
1781254307.184268 3.3475499 -0.1279952 -0.4687719 0.0096982 0.8668751 -0.0611614 0.4946643
1781254307.384547 3.3061457 -0.1347063 -0.5313978 0.0105951 0.8947448 -0.0614859 0.4421980
1781254307.551447 3.2665503 -0.1389338 -0.5790787 0.0114852 0.9153425 -0.0622426 0.3976708
1781254307.718347 3.2238436 -0.1463237 -0.6205201 0.0118988 0.9319300 -0.0619284 0.3571131
1781254307.818489 3.1932073 -0.1475221 -0.6472836 0.0123095 0.9403706 -0.0629453 0.3340504
1781254307.918630 3.1694691 -0.1473406 -0.6713178 0.0131518 0.9493707 -0.0636888 0.3073533
1781254308.018771 3.1342375 -0.1503007 -0.6904454 0.0127670 0.9572485 -0.0639057 0.2818303
1781254308.152292 3.0939860 -0.1521901 -0.7154469 0.0138609 0.9664808 -0.0640987 0.2482219
1781254308.219046 3.0734038 -0.1524807 -0.7266462 0.0140882 0.9714313 -0.0643815 0.2279863
1781254308.352554 3.0328259 -0.1530127 -0.7484877 0.0150099 0.9789481 -0.0648766 0.1929412
1781254308.519439 2.9808841 -0.1539562 -0.7680202 0.0160786 0.9863252 -0.0653255 0.1504550
1781254308.686323 2.9303832 -0.1525483 -0.7828093 0.0161983 0.9923995 -0.0654297 0.1029556
1781254308.853208 2.8692992 -0.1511383 -0.7865696 0.0170899 0.9967297 -0.0656763 0.0438689
1781254308.986715 2.8176167 -0.1520338 -0.7791445 -0.0179456 -0.9976914 0.0651250 0.0069754
1781254309.086845 2.7820969 -0.1461524 -0.7783844 -0.0180778 -0.9965832 0.0659168 0.0463692
1781254309.220354 2.7254355 -0.1473463 -0.7647635 -0.0192022 -0.9933921 0.0648747 0.0927082
1781254309.353861 2.6815269 -0.1413576 -0.7550185 -0.0189299 -0.9879978 0.0654956 0.1386089
1781254309.420615 2.6551621 -0.1432987 -0.7430226 -0.0190040 -0.9853857 0.0645172 0.1564973
1781254309.554123 2.6106877 -0.1405751 -0.7259609 -0.0190953 -0.9782388 0.0638058 0.1965022
1781254309.620877 2.5869374 -0.1397633 -0.7168201 -0.0184500 -0.9751574 0.0633073 0.2114710
1781254309.754385 2.5436556 -0.1390487 -0.6928147 -0.0188619 -0.9680881 0.0627479 0.2418933
1781254309.821138 2.5191498 -0.1371849 -0.6842304 -0.0190966 -0.9646862 0.0622592 0.2552248
1781254309.887892 2.4957888 -0.1360382 -0.6711386 -0.0185171 -0.9614361 0.0623721 0.2672219
1781254310.054777 2.4390721 -0.1344991 -0.6479120 -0.0183366 -0.9591527 0.0613081 0.2755562
1781254310.321804 2.3440390 -0.1300554 -0.6194003 -0.0182305 -0.9618842 0.0617297 0.2657742
1781254310.555459 2.2569370 -0.1273394 -0.5942990 -0.0180017 -0.9669340 0.0622461 0.2466580
1781254310.755736 2.1808443 -0.1237350 -0.5837570 -0.0180214 -0.9726778 0.0627497 0.2227909
1781254310.922634 2.1198702 -0.1226088 -0.5798493 -0.0180446 -0.9778520 0.0627270 0.1988594
1781254311.122911 2.0494516 -0.1204242 -0.5802253 -0.0178036 -0.9832128 0.0632955 0.1702038
1781254311.323170 1.9815938 -0.1188763 -0.5848823 -0.0172718 -0.9879631 0.0637251 0.1398920
1781254311.556799 1.8974838 -0.1174081 -0.5991108 -0.0170384 -0.9926289 0.0641185 0.1014215
1781254311.757052 1.8295177 -0.1173364 -0.6166258 -0.0166391 -0.9953791 0.0645865 0.0690813
1781254311.957304 1.7641728 -0.1175637 -0.6418816 -0.0155408 -0.9972475 0.0647320 0.0326473
1781254312.157557 1.6987140 -0.1193901 -0.6721129 0.0148602 0.9977230 -0.0648254 0.0112144
1781254312.324435 1.6455359 -0.1209852 -0.7027111 0.0145144 0.9965245 -0.0648039 0.0502858
1781254312.457937 1.6059202 -0.1222393 -0.7287084 0.0138647 0.9946266 -0.0650043 0.0793743
1781254312.691565 1.5398442 -0.1245414 -0.7798380 0.0133720 0.9891292 -0.0653547 0.1310473
1781254312.858442 1.4888606 -0.1272895 -0.8182523 0.0132815 0.9842609 -0.0650866 0.1637620
1781254313.058694 1.4319289 -0.1290797 -0.8677100 0.0127169 0.9783494 -0.0649224 0.1961016
1781254313.325704 1.3629766 -0.1334680 -0.9408606 0.0127496 0.9694287 -0.0640677 0.2365181
1781254313.559344 1.3078293 -0.1377394 -1.0120305 0.0121840 0.9587530 -0.0628560 0.2769358
1781254313.792982 1.2648017 -0.1420325 -1.0836890 0.0114160 0.9469782 -0.0615540 0.3151398
1781254314.026620 1.2358308 -0.1469590 -1.1564231 0.0100535 0.9306789 -0.0605924 0.3606443
1781254314.226880 1.2183132 -0.1505451 -1.2148378 0.0091566 0.9165228 -0.0600898 0.3953370
1781254314.460514 1.2027104 -0.1541269 -1.2819510 0.0088967 0.9002421 -0.0598907 0.4311591
1781254314.794275 1.1903284 -0.1614555 -1.3805169 0.0081384 0.8730792 -0.0584834 0.4839900
1781254315.128036 1.1692796 -0.1691550 -1.4845095 0.0078790 0.8615480 -0.0577256 0.5043219
1781254315.361668 1.1522423 -0.1764054 -1.5635014 0.0076296 0.8622447 -0.0574357 0.5031670
1781254315.561924 1.1390082 -0.1801274 -1.6251498 0.0074741 0.8669402 -0.0583667 0.4949264
1781254317.163935 1.1241308 -0.1855535 -1.6788635 0.0073612 0.8709196 -0.0577807 0.4879614
1781254317.464334 1.1085609 -0.1861598 -1.7008630 0.0074890 0.8771603 -0.0584104 0.4765731
1781254317.764734 1.0882449 -0.1884553 -1.7188601 0.0066344 0.8875164 -0.0602416 0.4567731
1781254317.965000 1.0559132 -0.1888274 -1.7410226 0.0079516 0.9155142 -0.0612338 0.3975185
1781254318.198641 1.0112495 -0.1908733 -1.7761644 0.0081543 0.9429700 -0.0632281 0.3267159
1781254318.499014 0.9278890 -0.1933923 -1.8108904 0.0090395 0.9704816 -0.0648686 0.2321115
1781254318.766011 0.8450252 -0.1981842 -1.8313856 0.0096856 0.9869624 -0.0652400 0.1468168
1781254319.066382 0.7495908 -0.1963820 -1.8360755 0.0099510 0.9965355 -0.0665539 0.0488731
1781254319.366745 0.6356703 -0.1938896 -1.8194808 -0.0120250 -0.9963132 0.0667154 0.0525779
1781254319.533612 0.5771785 -0.1923763 -1.7999276 -0.0125269 -0.9921253 0.0661970 0.1055863
1781254319.700478 0.5209717 -0.1899595 -1.7782871 -0.0129691 -0.9858999 0.0658176 0.1533009
1781254319.833972 0.4764118 -0.1875137 -1.7586873 -0.0131827 -0.9805862 0.0658889 0.1842166
1781254320.000836 0.4188522 -0.1847543 -1.7299542 -0.0131376 -0.9744435 0.0655923 0.2144409
1781254320.167701 0.3656410 -0.1814467 -1.6973248 -0.0139203 -0.9677649 0.0658591 0.2426931
1781254320.401312 0.2904952 -0.1770504 -1.6517682 -0.0139608 -0.9588053 0.0658665 0.2759693
1781254320.735040 0.1795563 -0.1711808 -1.5886109 -0.0136831 -0.9511253 0.0645873 0.3016653
1781254321.135512 0.0335937 -0.1647234 -1.5015128 -0.0152967 -0.9445009 0.0635467 0.3219410
1781254321.536010 -0.1261045 -0.1548215 -1.4067712 -0.0154460 -0.9331013 0.0638908 0.3535554
1781254321.803010 -0.2200207 -0.1493403 -1.3352536 -0.0155750 -0.9178287 0.0628333 0.3916630
1781254322.103385 -0.3082491 -0.1414138 -1.2570220 -0.0155363 -0.8984511 0.0617546 0.4344314
1781254322.437131 -0.3899827 -0.1348749 -1.1014593 -0.0166459 -0.8739758 0.0588284 0.4821084
1781254323.004497 -0.4598247 -0.1148481 -0.9586671 -0.0161619 -0.7743405 0.0531978 0.6303219
1781254325.774771 0.1303587 -0.0065907 -0.0522503 -0.0025711 -0.0796242 0.0036193 0.9968151
