1782722483.858337 0.000000000 0.000000000 0.000000000 -0.000000000 -0.000000000 -0.000000000 1.000000000
1782722483.892952 -0.000021332 -0.000030934 0.000101539 -0.000003954 0.000016565 0.000001940 1.000000000
1782722483.927470 0.000064129 0.000169425 0.000002320 0.000026993 -0.000019017 0.000054650 1.000000000
1782722483.962051 -0.000024227 0.000426388 -0.000055421 0.000106140 0.000009416 0.000035291 1.000000000
1782722483.996680 -0.000273142 0.000273693 0.000042357 0.000067897 0.000025151 -0.000052520 1.000000000
1782722484.031009 -0.000297984 0.000183174 -0.000229641 0.000024876 0.000059568 0.000060231 1.000000000
1782722484.065356 -0.000187814 0.000166183 0.000041474 0.000034390 0.000012468 0.000010373 1.000000000
1782722484.099686 -0.000193687 0.000116462 0.000169584 0.000034785 0.000023793 0.000037623 1.000000000
1782722484.133880 -0.000089570 -0.000014043 0.000354157 0.000015598 -0.000032598 0.000020330 1.000000000
1782722484.168071 0.000029203 0.000314403 -0.000040292 0.000084988 -0.000020791 0.000048869 1.000000000
1782722484.202253 -0.000091025 0.000142484 0.000014514 0.000035186 0.000004599 0.000042092 1.000000000
1782722484.236328 -0.000166346 0.000167556 -0.000078897 0.000048223 0.000019761 0.000029316 1.000000000
1782722484.270389 0.000050030 -0.000117521 -0.000066804 -0.000033069 -0.000001357 0.000068860 1.000000000
1782722484.304439 -0.000181607 0.000096351 -0.000046711 0.000021911 0.000028008 0.000069721 1.000000000
1782722484.338403 0.000077206 0.000532933 -0.000274041 0.000137026 -0.000026508 0.000102867 1.000000000
1782722484.372346 -0.000113309 0.000138347 -0.000026724 0.000009505 -0.000000956 0.000064249 1.000000000
1782722484.406272 -0.000309000 -0.000021387 0.000183935 -0.000022046 0.000027160 0.000026484 1.000000000
1782722484.440133 -0.000139092 0.000092137 -0.000154038 0.000044546 0.000011014 0.000009735 1.000000000
1782722484.473968 -0.000583058 0.000173385 -0.000090500 0.000044986 0.000072446 -0.000037198 1.000000000
1782722484.507781 -0.000112972 -0.000013118 -0.000164262 -0.000002229 -0.000004533 0.000027948 1.000000000
1782722484.541546 -0.000271714 0.000127345 -0.000231173 0.000045664 0.000066086 -0.000066185 1.000000000
1782722484.575284 0.000083069 0.000103667 -0.000124462 0.000027413 -0.000012374 0.000015829 1.000000000
1782722484.608993 -0.000170867 0.000281598 0.000057996 0.000040995 0.000023820 0.000039184 1.000000000
1782722484.642666 -0.000006568 0.000134170 -0.000229045 0.000014130 -0.000005514 0.000052214 1.000000000
1782722484.676311 -0.000361578 0.000162461 -0.000134503 0.000051506 0.000048173 0.000022678 1.000000000
1782722484.709928 0.000075179 0.000138729 -0.000052874 0.000026863 -0.000039863 -0.000008946 1.000000000
1782722484.743528 -0.000271047 0.000189570 -0.000034288 0.000057277 0.000016584 0.000049298 1.000000000
1782722484.777099 0.000035619 0.000299196 0.000208166 0.000081841 -0.000019834 0.000072881 1.000000000
1782722484.810642 -0.000377771 0.000479631 -0.000016047 0.000104944 0.000048010 -0.000001925 1.000000000
1782722484.844171 -0.000123441 0.000243096 -0.000208601 0.000077938 0.000006820 -0.000027633 1.000000000
1782722484.877673 -0.000092829 0.000059758 -0.000063305 0.000035624 0.000031716 0.000053027 1.000000000
1782722484.911142 -0.000022786 -0.000004484 -0.000250773 0.000030042 -0.000021939 0.000030805 1.000000000
1782722484.944613 0.000243392 0.000150047 0.000108828 0.000012631 -0.000047861 0.000131670 1.000000000
1782722484.978057 0.000035645 -0.000117157 0.000003514 -0.000026308 -0.000025126 0.000049216 1.000000000
1782722485.011473 -0.000172034 0.000218212 0.000247474 0.000036291 -0.000001040 0.000006134 1.000000000
1782722485.044862 0.000148884 0.000304065 0.000149145 0.000028431 -0.000045707 0.000095026 1.000000000
1782722485.078223 -0.000048891 0.000036562 -0.000401738 0.000024096 -0.000014123 0.000028040 1.000000000
1782722485.111557 -0.000301910 0.000198555 -0.000154324 0.000019097 0.000043017 0.000076698 1.000000000
1782722485.144863 -0.000036954 0.000322500 0.000100964 0.000060475 0.000003500 0.000015640 1.000000000
1782722485.178142 -0.000419938 0.000183191 -0.000248318 0.000028052 0.000059766 0.000016509 1.000000000
1782722485.211393 0.000074320 0.000023476 -0.000261352 0.000026492 -0.000010640 0.000031872 1.000000000
1782722485.244617 0.000020079 0.000314297 0.000120126 0.000097047 -0.000030059 0.000044609 1.000000000
1782722485.277813 -0.000098299 -0.000027707 -0.000404149 -0.000009188 0.000025806 0.000030735 1.000000000
1782722485.310981 0.000264363 0.000102620 -0.000047465 0.000011367 -0.000045298 0.000056193 1.000000000
1782722485.344123 -0.000183981 0.000283707 0.000164561 0.000037578 0.000022332 0.000030622 1.000000000
1782722485.377236 -0.000275679 0.000109290 -0.000174296 0.000033114 0.000035904 0.000003067 1.000000000
1782722485.410323 -0.000057342 0.000058307 0.000107793 0.000001742 -0.000017122 0.000028774 1.000000000
1782722485.443382 -0.000109901 0.000101744 0.000045110 0.000037272 0.000001348 0.000004045 1.000000000
1782722485.476413 -0.000117562 -0.000075119 -0.000059563 -0.000022378 -0.000000290 0.000055510 1.000000000
1782722485.509416 -0.000034972 0.000138596 -0.000120712 0.000008766 -0.000012284 0.000043078 1.000000000
1782722485.542392 -0.000195445 0.000094039 -0.000237013 0.000010867 0.000002604 -0.000004702 1.000000000
1782722485.575341 -0.000078515 0.000141680 -0.000171183 0.000028768 0.000026043 0.000067819 1.000000000
1782722485.608261 -0.000162950 0.000090264 0.000050793 0.000031336 0.000006759 -0.000029647 1.000000000
1782722485.641155 -0.000146345 0.000405442 0.000034877 0.000074445 0.000015810 0.000002691 1.000000000
1782722485.674021 0.000108785 0.000233879 -0.000004506 0.000053344 -0.000023876 0.000050147 1.000000000
1782722485.706859 0.000106547 0.000117377 -0.000111826 0.000050554 -0.000037126 0.000093299 1.000000000
1782722485.739670 0.000087959 0.000001579 -0.000102626 -0.000001299 -0.000026778 0.000108605 1.000000000
1782722485.772454 -0.000105484 0.000073484 -0.000152024 0.000029643 0.000029436 0.000006888 1.000000000
1782722485.805210 -0.000305846 0.000289965 -0.000109457 0.000069333 0.000035131 0.000047458 1.000000000
1782722485.837938 -0.000138745 0.000276006 0.000008450 0.000020727 -0.000004927 0.000112622 1.000000000
1782722485.870638 -0.000014247 0.000369171 0.000220825 0.000023329 -0.000037726 0.000112679 1.000000000
1782722485.903224 -0.000144720 0.000361994 0.000099665 0.000058557 0.000008180 0.000029597 1.000000000
1782722485.936672 -0.000091999 0.000241224 0.000069051 0.000051477 -0.000003601 0.000074463 1.000000000
1782722485.970113 -0.000289319 0.000086189 -0.000114270 -0.000000122 0.000029453 0.000029170 1.000000000
1782722486.003548 -0.000209954 0.000081284 -0.000046711 0.000025650 0.000022441 -0.000028217 1.000000000
1782722486.036977 -0.000215784 -0.000054862 -0.000143992 0.000024227 0.000016906 -0.000027837 1.000000000
1782722486.070399 -0.000003583 0.000046362 -0.000034673 0.000024887 -0.000017433 -0.000100601 1.000000000
1782722486.103817 -0.000328965 0.000036137 -0.000108795 0.000013933 0.000030358 -0.000057222 1.000000000
1782722486.137226 -0.000101241 0.000427162 0.000021576 0.000094775 -0.000024041 -0.000016925 1.000000000
1782722486.170630 -0.000010211 0.000340574 -0.000197914 0.000093223 -0.000016032 -0.000000436 1.000000000
1782722486.204027 -0.000205883 -0.000043909 -0.000071822 -0.000004078 0.000020526 0.000045714 1.000000000
1782722486.237418 -0.000020718 0.000083712 -0.000207440 0.000007233 -0.000013463 0.000040207 1.000000000
1782722486.270803 -0.000076271 -0.000046632 -0.000372276 -0.000019967 0.000000967 0.000040856 1.000000000
1782722486.304182 -0.000071123 -0.000187771 -0.000279840 -0.000045269 0.000001747 0.000003338 1.000000000
1782722486.337554 -0.000187324 -0.000032534 -0.000157637 -0.000002323 0.000009487 -0.000000296 1.000000000
1782722486.370921 0.000049578 -0.000181703 -0.000234100 -0.000012198 -0.000033112 0.000006318 1.000000000
1782722486.404281 -0.000131180 0.000331072 -0.000143603 0.000051565 0.000044347 0.000038347 1.000000000
1782722486.437634 -0.000398018 0.000140534 -0.000037781 0.000027584 0.000059306 0.000023439 1.000000000
1782722486.470981 0.000103863 0.000408289 -0.000205895 0.000090964 -0.000018250 0.000034737 1.000000000
1782722486.504323 -0.000237513 0.000130246 0.000056833 0.000021646 0.000019480 -0.000049792 1.000000000
1782722486.537657 0.000011668 0.000055508 0.000148907 -0.000012833 -0.000012738 0.000027419 1.000000000
1782722486.570986 0.000101128 0.000058147 -0.000049373 0.000015828 -0.000043046 0.000046417 1.000000000
1782722486.604308 -0.000236528 0.000138330 -0.000392334 0.000063647 0.000037727 0.000081845 1.000000000
1782722486.637625 -0.000554303 0.000539895 -0.000038827 0.000117829 0.000050408 -0.000040675 1.000000000
1782722486.670934 -0.000035797 0.000217064 -0.000024150 0.000041902 -0.000003369 0.000049158 1.000000000
1782722486.704238 0.000000359 0.000339445 -0.000059033 0.000036662 -0.000010346 0.000057568 1.000000000
1782722486.737535 -0.000035050 0.000225705 -0.000268525 0.000038420 -0.000023621 -0.000018732 1.000000000
1782722486.770827 0.000004744 0.000158628 0.000006343 0.000010942 -0.000020020 0.000024095 1.000000000
1782722486.804112 0.000014792 0.000027270 -0.000045299 0.000003942 -0.000011247 0.000018122 1.000000000
1782722486.837391 -0.000365461 0.000307518 0.000180533 0.000026318 0.000039735 -0.000007405 1.000000000
1782722486.870663 -0.000042633 0.000210549 -0.000120988 0.000069128 -0.000012070 0.000030527 1.000000000
1782722486.903930 -0.000121537 0.000315678 0.000134583 0.000062885 0.000009506 -0.000068030 1.000000000
1782722486.937168 0.000103197 0.000148179 -0.000150949 0.000020893 -0.000031451 0.000035687 1.000000000
1782722486.970397 -0.000373707 0.000182126 -0.000115510 0.000037941 0.000043690 0.000008721 1.000000000
1782722487.003617 -0.000136843 0.000286719 -0.000051798 0.000070839 0.000015177 0.000024350 1.000000000
1782722487.036830 -0.000244061 0.000306772 -0.000166046 0.000083344 0.000008397 -0.000000122 1.000000000
1782722487.070034 -0.000073105 -0.000012929 -0.000216327 0.000027518 -0.000014600 -0.000030268 1.000000000
1782722487.103230 -0.000001744 -0.000066904 -0.000224756 0.000003734 -0.000027923 -0.000046999 1.000000000
1782722487.136417 -0.000352087 0.000137971 -0.000142321 0.000000874 0.000054985 -0.000020281 1.000000000
1782722487.169596 0.000111444 0.000063829 -0.000043660 0.000051296 0.000005784 0.000000766 1.000000000
1782722487.202767 0.000001597 0.000202182 -0.000252351 0.000060657 0.000006451 -0.000028165 1.000000000
1782722487.235929 -0.000220292 0.000557051 0.000392148 0.000098625 -0.000004888 0.000029491 1.000000000
1782722487.269084 0.000062167 0.000197137 -0.000168372 0.000046942 -0.000019295 0.000054835 1.000000000
1782722487.302230 -0.000468626 0.000454766 0.000105457 0.000082833 0.000047071 0.000056801 1.000000000
1782722487.335368 -0.000112264 -0.000012656 -0.000142679 -0.000008360 -0.000015678 0.000021159 1.000000000
1782722487.368497 -0.000406081 0.000305709 0.000073130 0.000065882 0.000028373 -0.000071612 1.000000000
1782722487.401619 -0.000055413 -0.000008175 -0.000110259 0.000035290 0.000004457 0.000059600 1.000000000
1782722487.434731 0.000222973 -0.000059000 -0.000028358 -0.000026761 -0.000074662 -0.000030687 1.000000000
1782722487.467836 0.000064772 0.000333321 -0.000435574 0.000099958 -0.000030039 -0.000012470 1.000000000
1782722487.500934 -0.000204564 0.000334630 -0.000132340 0.000048585 0.000043398 0.000026464 1.000000000
1782722487.534021 -0.000296291 0.000273289 -0.000109506 0.000039940 0.000031660 0.000107735 1.000000000
1782722487.567101 -0.000201069 -0.000016925 -0.000294749 0.000015932 0.000013684 0.000031928 1.000000000
1782722487.600173 0.000030737 -0.000003604 -0.000125324 0.000023792 -0.000011826 0.000030424 1.000000000
1782722487.633236 0.000133267 0.000114351 0.000114321 0.000035661 -0.000033175 0.000058718 1.000000000
1782722487.666291 0.000121991 0.000252255 -0.000093416 0.000069603 -0.000059260 0.000103973 1.000000000
1782722487.699337 -0.000366110 0.000178212 -0.000123492 0.000027396 0.000076845 0.000079333 1.000000000
1782722487.732376 0.000033602 0.000227144 -0.000228233 0.000054393 -0.000008842 0.000029790 1.000000000
1782722487.765406 -0.000008045 0.000555556 0.000305706 0.000085794 -0.000026214 0.000068539 1.000000000
1782722487.798427 -0.000174442 0.000338048 -0.000094222 0.000068210 0.000026823 0.000078891 1.000000000
1782722487.831441 -0.000152365 0.000506727 -0.000168826 0.000062195 0.000016968 0.000107432 1.000000000
1782722487.864446 -0.000072871 0.000399008 0.000238539 0.000061728 -0.000008809 0.000006739 1.000000000
1782722487.897455 -0.000254277 0.000387717 -0.000171634 0.000105160 0.000009271 -0.000027376 1.000000000
1782722487.930732 -0.000127786 0.000368803 0.000198255 0.000027873 0.000009760 0.000094220 1.000000000
1782722487.964005 -0.000211869 0.000244065 -0.000270336 0.000090326 0.000005536 -0.000041266 1.000000000
1782722487.997275 -0.000220643 0.000403889 -0.000184880 0.000081611 0.000039964 0.000037923 1.000000000
1782722488.030542 -0.000091122 0.000083031 -0.000470896 0.000025569 -0.000006126 0.000021799 1.000000000
1782722488.063805 -0.000172016 0.000199653 -0.000104494 0.000043580 0.000027445 -0.000008377 1.000000000
1782722488.097065 -0.000359617 -0.000084738 -0.000247912 0.000003315 0.000033977 0.000014228 1.000000000
1782722488.130322 -0.000425467 0.000103925 -0.000064548 0.000039792 0.000056775 0.000057671 1.000000000
1782722488.163575 -0.000001236 0.000239506 -0.000165753 0.000071194 -0.000027520 0.000042192 1.000000000
1782722488.196826 0.000020349 -0.000017713 -0.000221850 0.000032908 -0.000031054 0.000042308 1.000000000
1782722488.230073 0.000021772 -0.000077805 -0.000191159 -0.000015649 -0.000007862 0.000058005 1.000000000
1782722488.263316 -0.000179332 0.000328086 -0.000241079 0.000077380 0.000019068 0.000016393 1.000000000
1782722488.296556 -0.000074530 0.000530190 0.000244843 0.000107575 -0.000021076 0.000070068 1.000000000
1782722488.329792 -0.000015610 0.000001733 0.000179323 0.000004115 -0.000026508 0.000041355 1.000000000
1782722488.363026 -0.000000325 -0.000047730 -0.000230737 -0.000009519 -0.000029978 -0.000017863 1.000000000
1782722488.396255 0.000029590 -0.000139751 -0.000098195 0.000003637 -0.000007350 0.000030564 1.000000000
1782722488.429482 -0.000060739 -0.000104404 -0.000303069 -0.000003027 -0.000009988 0.000054224 1.000000000
1782722488.462705 -0.000041673 0.000039665 -0.000240713 0.000011534 0.000017746 0.000039210 1.000000000
1782722488.495925 -0.000103546 0.000162291 -0.000224485 0.000040765 0.000008971 -0.000016162 1.000000000
1782722488.529141 0.000038824 -0.000261120 -0.000163489 -0.000036974 -0.000003515 0.000031934 1.000000000
1782722488.562354 -0.000206213 -0.000004385 -0.000225117 0.000002096 0.000029131 0.000081222 1.000000000
1782722488.595564 -0.000206979 0.000384856 -0.000245827 0.000060903 0.000029005 0.000012822 1.000000000
1782722488.628770 -0.000101634 0.000273142 -0.000127590 0.000068132 -0.000028849 0.000054051 1.000000000
1782722488.661973 -0.000198843 -0.000170905 -0.000276049 -0.000003622 0.000013063 0.000002931 1.000000000
1782722488.695173 0.000139697 0.000005815 -0.000073012 -0.000014749 -0.000054074 0.000036918 1.000000000
1782722488.728369 -0.000369869 0.000191692 0.000070442 0.000031667 0.000009407 0.000022987 1.000000000
1782722488.761562 -0.000205347 0.000162428 0.000085299 0.000037966 0.000007123 0.000057243 1.000000000
1782722488.794751 -0.000153633 0.000230552 -0.000051278 0.000071193 -0.000003793 -0.000002254 1.000000000
1782722488.827938 0.000082138 0.000118943 0.000205384 0.000012159 -0.000053485 0.000020385 1.000000000
1782722488.861120 -0.000314871 0.000149889 -0.000254014 0.000070276 0.000024445 -0.000030053 1.000000000
1782722488.894290 -0.000297221 0.000116588 -0.000340632 0.000048762 0.000024883 0.000021748 1.000000000
1782722488.927664 -0.000185338 0.000091576 -0.000085644 0.000024524 0.000011873 0.000031659 1.000000000
1782722488.961038 -0.000376411 0.000093582 0.000038619 0.000013543 0.000021781 0.000004132 1.000000000
1782722489.027788 -0.000274880 0.000239483 -0.000099174 0.000069106 0.000032588 0.000025843 1.000000000
1782722489.061162 -0.000409367 0.000374686 -0.000038193 0.000067010 0.000047501 0.000040945 1.000000000
1782722489.094538 -0.000367088 0.000246165 -0.000066598 0.000054799 0.000030073 0.000016185 1.000000000
1782722489.127913 -0.000140412 0.000143507 -0.000086841 0.000041574 0.000013249 0.000042993 1.000000000
1782722489.161288 -0.000056099 0.000170871 -0.000238732 0.000071059 -0.000021662 0.000041158 1.000000000
1782722489.194664 -0.000083079 0.000119075 -0.000035465 0.000015569 -0.000009964 0.000048914 1.000000000
1782722489.228040 -0.000152288 0.000466001 -0.000078323 0.000082798 0.000009942 0.000065807 1.000000000
1782722489.261416 -0.000085882 0.000259102 0.000095809 0.000038611 0.000000626 0.000025842 1.000000000
1782722489.294792 -0.000208032 -0.000115155 -0.000098596 -0.000029506 0.000011039 0.000089350 1.000000000
1782722489.328168 -0.000028398 0.000200215 -0.000002480 0.000056589 -0.000023164 0.000024067 1.000000000
1782722489.361544 -0.000452887 0.000320334 0.000019819 0.000051892 0.000061522 -0.000046088 1.000000000
1782722489.394921 0.000057054 0.000008944 -0.000185707 0.000022988 -0.000024237 0.000052249 1.000000000
1782722489.428298 -0.000436834 0.000081567 -0.000503659 0.000019090 0.000065146 0.000044050 1.000000000
1782722489.461675 -0.000160391 -0.000032089 -0.000053093 0.000001464 0.000005648 0.000043846 1.000000000
1782722489.495052 -0.000302718 0.000230147 -0.000118465 0.000068636 0.000043073 0.000036723 1.000000000
1782722489.528429 -0.000193910 0.000171203 -0.000146155 0.000070097 0.000036283 0.000000536 1.000000000
1782722489.561807 0.000033465 0.000393942 -0.000371093 0.000083664 -0.000008470 0.000019478 1.000000000
1782722489.595186 0.000009925 -0.000147320 -0.000272189 -0.000013966 -0.000033881 0.000070821 1.000000000
1782722489.628563 0.000301216 0.000562914 0.000461346 0.000096300 -0.000072938 0.000025267 1.000000000
1782722489.661941 -0.000290317 0.000210125 -0.000058656 0.000040253 0.000022111 0.000068717 1.000000000
1782722489.695319 -0.000280813 0.000780528 0.000430663 0.000139475 0.000011440 -0.000028133 1.000000000
1782722489.728698 0.000265268 0.001498071 0.000363223 0.000219759 -0.000050439 0.000032401 1.000000000
1782722489.762076 -0.004029909 -0.005975447 -0.001915046 -0.000969218 0.000403779 0.000128024 0.999999464
1782722489.795455 -0.003962678 -0.006415772 -0.002027916 -0.001025082 0.000459957 0.000086045 0.999999404
1782722489.828834 -0.003430147 -0.009356628 -0.001511617 -0.001324834 0.000398260 0.000025968 0.999999106
1782722489.862212 -0.005891106 -0.010890156 -0.003817139 -0.001703971 0.000595469 0.000372208 0.999998331
1782722489.895589 -0.000176340 -0.012759181 -0.000286117 -0.001721292 0.000193194 0.000387217 0.999998450
1782722489.928963 -0.024516096 -0.037354778 -0.001426727 -0.005597112 0.003405246 0.001818404 0.999976873
1782722489.962337 0.018210625 0.002547898 -0.020595625 -0.001179762 -0.003290009 -0.002094614 0.999991775
1782722489.995711 0.014715006 -0.006820081 -0.016678827 -0.002328165 -0.002370464 -0.001914954 0.999992669
1782722490.029085 -0.033532102 -0.063322239 -0.001331253 -0.009057635 0.004910808 0.003728068 0.999939978
1782722490.062459 -0.036413349 -0.060370762 0.000390412 -0.009129920 0.005658640 0.002722151 0.999938667
1782722490.095833 -0.039694566 -0.056363653 0.001174313 -0.008465202 0.006117787 0.002837839 0.999941468
1782722490.129208 -0.041606653 -0.054287046 0.003812385 -0.007630717 0.006333524 0.003108881 0.999945998
1782722490.162582 -0.036626179 -0.053630196 0.006912500 -0.007676871 0.006242345 0.002744887 0.999947309
1782722490.195957 -0.033651311 -0.054230642 0.010031574 -0.007522775 0.006099029 0.002926805 0.999948859
1782722490.229331 -0.036279920 -0.056485664 0.007894147 -0.007744158 0.006031849 0.003564927 0.999945521
1782722490.262707 -0.035663996 -0.057789691 0.009404951 -0.008031283 0.006409081 0.003215291 0.999942124
1782722490.296082 -0.035825871 -0.058349963 0.011182331 -0.008025660 0.006533782 0.003324309 0.999940991
1782722490.329458 -0.034131460 -0.058271397 0.010116569 -0.007888513 0.006177994 0.003526620 0.999943674
1782722490.362833 -0.033267170 -0.058580264 0.009493686 -0.008095647 0.005889545 0.003381883 0.999944210
1782722490.396208 -0.032396514 -0.059611123 0.008185547 -0.008248204 0.005673289 0.003350145 0.999944329
1782722490.429583 -0.029865796 -0.060174722 0.007030689 -0.008254117 0.005377013 0.003708682 0.999944687
1782722490.462959 -0.028908331 -0.061177071 0.006849484 -0.008484005 0.005209970 0.003585406 0.999944091
1782722490.496334 -0.027981361 -0.061142880 0.004184379 -0.008479240 0.004743221 0.003757860 0.999945819
1782722490.529710 -0.029942501 -0.059590444 -0.000376495 -0.008764355 0.004492875 0.003152414 0.999946594
1782722490.563086 -0.029472083 -0.056434214 -0.000492606 -0.008170423 0.004281184 0.003170832 0.999952435
1782722490.596461 -0.027233835 -0.052672975 -0.000829858 -0.007822953 0.004294974 0.002645935 0.999956727
1782722490.629837 -0.024159286 -0.047586545 -0.000640242 -0.006949069 0.003870182 0.002629914 0.999964952
1782722490.663213 -0.021978285 -0.040796362 -0.004688259 -0.006061160 0.003089612 0.002222835 0.999974430
1782722490.696590 -0.020482367 -0.030576218 -0.004252842 -0.004445920 0.002769323 0.001809970 0.999984622
1782722490.729966 -0.020640614 -0.026968544 -0.004863013 -0.003834873 0.002437712 0.001605350 0.999988377
1782722490.763343 -0.020522237 -0.023822211 -0.004732151 -0.003400786 0.002482332 0.001609719 0.999989867
1782722490.796719 -0.020677462 -0.016385807 0.004190918 -0.002650602 0.003640869 0.000301137 0.999989867
1782722490.830096 -0.020467229 -0.013403703 0.004343404 -0.002246095 0.003539684 -0.000313132 0.999991238
1782722490.863472 -0.021300171 -0.010106315 0.005064841 -0.002035090 0.003803028 -0.000824739 0.999990344
1782722490.896840 -0.021366486 -0.007443926 0.005474244 -0.001613952 0.003837298 -0.000967040 0.999990880
1782722490.930238 -0.020954058 -0.004748274 0.005941559 -0.001112078 0.003641822 -0.000666285 0.999992549
1782722490.963636 -0.022384588 -0.005158989 0.005441044 -0.001398238 0.003758784 -0.001121104 0.999991417
1782722490.997036 -0.022396374 -0.005313090 0.004036068 -0.001368101 0.003658826 -0.001240632 0.999991596
1782722491.030435 -0.022491222 -0.005016614 0.004856134 -0.001426970 0.003750386 -0.001345801 0.999991059
1782722491.063835 -0.021241395 -0.006368260 0.005077448 -0.001447819 0.003677461 -0.001237365 0.999991417
1782722491.097236 -0.022574987 -0.005729737 0.004464845 -0.001388279 0.003721552 -0.001289553 0.999991357
1782722491.130638 -0.022672579 -0.005956262 0.004799945 -0.001142415 0.003838679 -0.001002807 0.999991536
1782722491.164040 -0.022806864 -0.005879113 0.005064762 -0.001172100 0.003869180 -0.000855232 0.999991536
1782722491.197443 -0.023248943 -0.005890124 0.004858377 -0.001187715 0.003998821 -0.001088206 0.999990761
1782722491.230846 -0.023010515 -0.004885438 0.004620458 -0.000925034 0.003761547 -0.000918498 0.999992073
1782722491.264250 -0.021992391 -0.003702450 0.003738469 -0.000941406 0.003603334 -0.001002628 0.999992549
1782722491.297655 -0.023419904 -0.002247791 0.005995926 -0.000644630 0.004042463 -0.001267592 0.999990821
1782722491.331060 -0.022123765 -0.002070662 0.004150539 -0.000730056 0.003651932 -0.001043377 0.999992549
1782722491.364467 -0.024069143 -0.001662459 0.004913815 -0.000844152 0.004094320 -0.001792181 0.999989688
1782722491.397874 -0.023479186 -0.003883815 0.002680475 -0.000928962 0.003818107 -0.001287249 0.999991477
1782722491.431281 -0.024105422 -0.004797458 0.003610653 -0.001367566 0.003879101 -0.001752606 0.999990046
1782722491.464689 -0.024698956 -0.002868975 0.004705673 -0.001132227 0.003955143 -0.001766200 0.999989986
1782722491.498098 -0.021164212 -0.001764882 0.005429555 -0.000941485 0.003353983 -0.001271802 0.999993145
1782722491.531507 -0.020452304 -0.001306721 0.005672645 -0.000897162 0.003403833 -0.000990335 0.999993384
1782722491.564918 -0.021165179 -0.001782413 0.005424087 -0.001055930 0.003344386 -0.001266610 0.999993086
1782722491.598329 -0.021800414 -0.001132041 0.004877797 -0.000857617 0.003528348 -0.001001831 0.999992967
1782722491.631740 -0.020782502 -0.000267999 0.005991487 -0.000800533 0.003291958 -0.000961588 0.999993801
1782722491.665153 -0.020048698 -0.000706599 0.005620562 -0.000808811 0.003308956 -0.001207396 0.999993503
1782722491.698566 -0.020619484 0.000036792 0.004674038 -0.000423840 0.003348357 -0.001160786 0.999993682
1782722491.731980 -0.019636486 -0.000469618 0.003444469 -0.000414795 0.003271682 -0.001325039 0.999993742
1782722491.765394 -0.020157576 -0.001795026 0.002011565 -0.000528553 0.003321230 -0.001078975 0.999993801
1782722491.798809 -0.018783532 -0.002982856 0.002275910 -0.000805714 0.003088696 -0.001095137 0.999994338
1782722491.832225 -0.018255549 0.000557896 0.002869208 -0.000122319 0.003025562 -0.000948174 0.999994993
1782722491.865641 -0.019651730 -0.000658260 0.003235293 -0.000402831 0.003334748 -0.001042373 0.999993801
1782722491.899058 -0.020099504 -0.001341022 0.002429853 -0.000456037 0.003468697 -0.001079066 0.999993324
1782722491.932434 -0.020505710 -0.000007621 0.005118454 -0.000490416 0.003496719 -0.000996983 0.999993324
1782722491.965809 -0.020943575 -0.000658880 0.004451328 -0.000445715 0.003729311 -0.000943194 0.999992549
1782722491.999185 -0.020580458 -0.000214149 0.004317612 -0.000312381 0.003599731 -0.000726519 0.999993265
1782722492.032561 -0.020499261 -0.001065600 0.002782389 -0.000312384 0.003508870 -0.000840440 0.999993503
1782722492.065937 -0.020300290 -0.001349828 0.002792100 -0.000436746 0.003483498 -0.000953580 0.999993384
1782722492.099313 -0.020387972 -0.000888719 0.003321160 -0.000300613 0.003615629 -0.000972385 0.999993026
1782722492.132689 -0.020120546 -0.001289682 0.003414936 -0.000453082 0.003371739 -0.000991540 0.999993801
1782722492.166065 -0.020055335 -0.001771204 0.003551090 -0.000569879 0.003426595 -0.001094997 0.999993384
1782722492.199441 -0.020043975 -0.001376672 0.002844376 -0.000517866 0.003356780 -0.001128282 0.999993622
1782722492.232817 -0.019939739 -0.000887927 0.002876806 -0.000398222 0.003465085 -0.001119306 0.999993384
1782722492.266193 -0.019666841 -0.001199848 0.002885886 -0.000478288 0.003356981 -0.001075158 0.999993682
1782722492.299569 -0.018477272 -0.000298761 0.003889607 -0.000404088 0.003070002 -0.000831620 0.999994874
1782722492.332945 -0.019814214 -0.000632279 0.003952674 -0.000486756 0.003450675 -0.001021839 0.999993443
1782722492.366321 -0.020192971 -0.000895649 0.003589814 -0.000373442 0.003421945 -0.000991992 0.999993682
1782722492.399698 -0.019534502 -0.000519186 0.003315172 -0.000219438 0.003434392 -0.000741258 0.999993861
1782722492.433074 -0.020682806 -0.000642860 0.003936038 -0.000401960 0.003576330 -0.000991520 0.999993086
1782722492.466451 -0.020668617 0.001950698 0.005645735 -0.000162134 0.003553082 -0.000893187 0.999993265
1782722492.499827 -0.021128343 -0.000087076 0.004014157 -0.000283597 0.003655924 -0.000998807 0.999992847
1782722492.533203 -0.022072192 -0.000486740 0.005465056 -0.000430904 0.003825424 -0.000931879 0.999992192
1782722492.566579 -0.021598440 -0.000885067 0.003900116 -0.000328464 0.003675436 -0.000778595 0.999992967
1782722492.599956 -0.020961331 -0.001399463 0.004269178 -0.000517165 0.003634813 -0.000694889 0.999993086
1782722492.633332 -0.021446073 -0.001787779 0.003678863 -0.000470726 0.003669325 -0.000938023 0.999992788
1782722492.666708 -0.021126617 -0.002791608 0.004337430 -0.000827322 0.003643904 -0.001046801 0.999992549
1782722492.700085 -0.020932512 -0.003203721 0.003112205 -0.000759457 0.003534045 -0.001005064 0.999992967
1782722492.733461 -0.020981090 -0.002960375 0.003498865 -0.000762488 0.003534954 -0.001004963 0.999993026
1782722492.766838 -0.020996459 -0.003210695 0.002775396 -0.000652691 0.003589189 -0.000804673 0.999993026
1782722492.800214 -0.020717038 -0.003103207 0.003270858 -0.000653079 0.003643424 -0.000976151 0.999992728
1782722492.833590 -0.020728273 -0.002601781 0.003129922 -0.000628938 0.003559970 -0.001023648 0.999992967
1782722492.866966 -0.020569282 -0.002193512 0.003508420 -0.000628307 0.003643266 -0.000746502 0.999992907
1782722492.900343 -0.020510590 -0.002322822 0.002848332 -0.000584520 0.003610973 -0.000827871 0.999993026
1782722492.933716 -0.020403255 -0.001863137 0.003635471 -0.000432696 0.003449711 -0.000776838 0.999993682
1782722492.967090 -0.020975269 -0.001886506 0.003223202 -0.000475337 0.003575385 -0.000935415 0.999993145
1782722493.000463 -0.020975931 -0.002951559 0.002290273 -0.000531391 0.003595043 -0.000929050 0.999992967
1782722493.033836 -0.020021306 -0.004170214 0.002113175 -0.000813293 0.003312579 -0.000883136 0.999993801
1782722493.067209 -0.020800447 -0.003920801 0.002376118 -0.000851232 0.003520114 -0.001109050 0.999992847
1782722493.100584 -0.021026399 -0.003556045 0.004893074 -0.001149249 0.003592935 -0.001163952 0.999992192
1782722493.133957 -0.021283746 -0.004855316 0.003654290 -0.001172039 0.003546593 -0.001185385 0.999992371
1782722493.167330 -0.021159312 -0.004914323 0.004177143 -0.001642066 0.003663625 -0.001661284 0.999990582
1782722493.200704 -0.021100871 -0.005143561 0.004240463 -0.001546384 0.003747675 -0.001467587 0.999990702
1782722493.234077 -0.021406580 -0.006012256 0.003504734 -0.001728181 0.003612183 -0.001695628 0.999990582
1782722493.267450 -0.020726463 -0.005407315 0.004321752 -0.001600311 0.003504264 -0.001436732 0.999991536
1782722493.300823 -0.020831376 -0.004287170 0.004086044 -0.001372515 0.003713777 -0.001443870 0.999991119
1782722493.334197 -0.020726103 -0.003945871 0.004361337 -0.001351347 0.003623606 -0.001273428 0.999991715
1782722493.367570 -0.018632870 -0.004235760 0.001870884 -0.001149906 0.003326222 -0.001238205 0.999993086
1782722493.400943 -0.018507211 -0.002766942 0.002573795 -0.001088478 0.003337514 -0.001103843 0.999993265
1782722493.434316 -0.018155752 -0.002170471 0.002979376 -0.001039779 0.003252578 -0.001371276 0.999993265
1782722493.467690 -0.017950851 -0.000577959 0.003657177 -0.000962832 0.003258386 -0.001514273 0.999993086
1782722493.501063 -0.018035846 -0.000583572 0.003058807 -0.000320265 0.003092184 -0.000529823 0.999995112
1782722493.534436 -0.018751575 -0.002458030 0.004213845 -0.000911949 0.003071629 -0.001263622 0.999994099
1782722493.567809 -0.018302232 -0.001712197 0.003929624 -0.000657648 0.003096091 -0.001115300 0.999994397
1782722493.601182 -0.016909076 0.000439292 0.003489203 -0.000205011 0.002815325 -0.001078194 0.999995470
1782722493.634556 -0.015648354 0.002616181 0.003098543 0.000315423 0.002551361 -0.000796424 0.999996424
1782722493.667929 -0.013663527 0.004352646 0.000799214 0.000696209 0.002176352 -0.001112780 0.999996841
1782722493.701302 -0.011523440 0.004430941 0.001647687 0.000600826 0.001831848 -0.000732513 0.999997914
1782722493.734675 -0.011324654 0.006369096 0.002001165 0.000899650 0.001829286 -0.000843087 0.999997556
1782722493.768048 -0.009936321 0.007359229 0.001423869 0.001183946 0.001589508 -0.000593500 0.999997914
1782722493.801422 -0.008374861 0.006966848 0.002162664 0.001039206 0.001205640 -0.000674286 0.999998569
1782722493.834796 -0.007706913 0.008123204 0.001569789 0.001409802 0.001155107 -0.000336059 0.999998331
1782722493.868169 -0.008828080 0.009499607 0.002645317 0.001441373 0.001386711 -0.000260330 0.999997973
1782722493.901542 -0.010150514 0.008981818 0.001043051 0.001498864 0.001654739 -0.000178681 0.999997556
1782722493.934915 -0.011606845 0.009407009 -0.000240870 0.001706361 0.001710326 -0.000712479 0.999996901
1782722493.968287 -0.009175561 0.008362761 0.001581755 0.001351881 0.001550810 -0.000241147 0.999997854
1782722494.001660 -0.009143932 0.006403051 0.001557197 0.000981002 0.001612142 -0.000468192 0.999998093
1782722494.035033 -0.008835902 0.004106384 0.001432018 0.000585904 0.001481483 -0.000406345 0.999998629
1782722494.068405 -0.007999263 -0.000188537 0.001176870 -0.000169100 0.001336777 -0.000626127 0.999998927
1782722494.101778 -0.008166695 -0.007436811 0.000308274 -0.001329010 0.001516073 -0.000577618 0.999997795
1782722494.135150 -0.021204401 -0.007678382 0.002939403 -0.001526549 0.003667559 -0.000430179 0.999992073
1782722494.168523 -0.020922927 -0.026610224 -0.001021639 -0.003943086 0.003063887 0.001318651 0.999986708
1782722494.201895 -0.020952299 -0.047768269 -0.005001975 -0.007052963 0.002803470 0.002389835 0.999968350
1782722494.235268 -0.017165637 -0.020583991 0.003890626 -0.002981307 0.003004908 0.000842319 0.999990702
1782722494.268640 -0.014669415 -0.021776771 -0.001603876 -0.003032095 0.001995063 0.001316562 0.999992549
1782722494.302013 -0.015406319 -0.042237345 -0.003117090 -0.005750466 0.001943371 0.002679421 0.999978065
1782722494.335385 -0.003633449 -0.007990588 -0.002523880 -0.001069760 0.000333322 0.000816869 0.999999106
1782722494.368758 -0.009696559 -0.013722781 -0.005552403 -0.002181210 0.001034032 0.000517326 0.999997020
1782722494.402130 -0.010061271 -0.011483069 -0.004061726 -0.001710306 0.001168813 0.000517801 0.999997735
1782722494.435503 -0.004240951 -0.012434598 -0.004591726 -0.001945940 0.000428912 0.000186965 0.999998033
1782722494.468875 -0.005210495 -0.004545011 -0.001684558 -0.000687547 0.000692300 0.000117923 0.999999583
1782722494.502249 -0.001207031 -0.000830971 -0.001523046 -0.000087566 0.000176948 -0.000060047 1.000000000
1782722494.535621 -0.000579938 -0.000438523 -0.001479527 -0.000041040 0.000159327 0.000012320 1.000000000
1782722494.568994 -0.000409013 0.000739022 -0.000955166 0.000081023 0.000193952 -0.000033372 1.000000000
1782722494.602366 0.000746801 -0.000335554 -0.000931278 -0.000034315 -0.000006890 -0.000052704 1.000000000
1782722494.635738 0.000128699 0.000023518 -0.000835920 0.000041842 0.000056816 -0.000141065 1.000000000
1782722494.669111 -0.000031616 0.000780980 -0.000101084 0.000161852 0.000131870 -0.000170971 1.000000000
1782722494.702483 -0.000532020 0.000277062 -0.000307320 0.000090445 0.000143088 -0.000170188 1.000000000
1782722494.735855 -0.000666248 0.000747672 -0.000183887 0.000130267 0.000172997 -0.000178296 1.000000000
1782722494.769228 -0.000545298 0.000997760 0.000115570 0.000213187 0.000171523 -0.000115313 1.000000000
1782722494.802600 -0.000297861 0.000779732 0.000144813 0.000114774 0.000099152 -0.000034548 1.000000000
1782722494.835972 0.000897504 0.000025409 0.000359110 0.000005652 -0.000086195 -0.000090990 1.000000000
1782722494.869345 0.000992727 0.000037858 -0.000133526 0.000060991 -0.000108967 -0.000040966 1.000000000
1782722494.902717 -0.000416570 0.000003808 0.000201313 0.000034590 0.000105205 -0.000098558 1.000000000
1782722494.936091 0.000877957 -0.000374988 -0.000133802 -0.000039577 -0.000091868 -0.000184422 1.000000000
1782722494.969465 0.000774814 -0.000070344 0.000155856 0.000030559 -0.000065879 -0.000110488 1.000000000
1782722495.002839 -0.000038308 0.000550341 -0.000058742 0.000108804 0.000069685 -0.000125306 1.000000000
1782722495.036213 0.000955695 -0.000016972 0.000271001 0.000071192 -0.000151462 -0.000055194 1.000000000
1782722495.069588 0.000704311 0.000007062 -0.000187462 0.000087709 -0.000080892 -0.000148816 1.000000000
1782722495.102962 0.001198938 0.000218651 -0.000202255 0.000051665 -0.000139698 -0.000024522 1.000000000
1782722495.136336 -0.000581649 0.000958403 -0.000177163 0.000164725 0.000141600 -0.000167776 1.000000000
1782722495.169710 -0.000005633 0.001197478 -0.000096920 0.000183557 0.000088276 0.000018222 1.000000000
1782722495.203085 -0.000655755 0.000379956 -0.000342199 0.000106469 0.000179393 -0.000170756 1.000000000
1782722495.236459 -0.000088099 0.000833287 -0.000239225 0.000174583 0.000025392 -0.000046038 1.000000000
1782722495.269833 -0.000107130 0.000319060 -0.000678889 0.000097971 0.000047460 -0.000143612 1.000000000
1782722495.303207 -0.000167645 0.000430594 -0.000839286 0.000107269 0.000033763 -0.000124990 1.000000000
1782722495.336581 -0.000218355 0.000633367 -0.000508710 0.000090817 0.000085976 -0.000052921 1.000000000
1782722495.369956 -0.000291324 0.000256933 -0.000476974 0.000047539 0.000079761 -0.000009781 1.000000000
1782722495.403330 -0.000358219 0.000490771 -0.000277464 0.000090798 0.000092843 -0.000230529 1.000000000
1782722495.436704 -0.000079347 0.000671229 -0.000463716 0.000155541 0.000004943 -0.000007797 1.000000000
1782722495.470078 0.000697674 -0.000132570 0.000245910 0.000029062 -0.000107756 -0.000026415 1.000000000
1782722495.503452 -0.000669412 -0.000640175 -0.000888586 -0.000122931 0.000145494 -0.000248995 1.000000000
1782722495.536826 -0.000073918 0.000100080 -0.000279207 0.000028159 -0.000007872 -0.000156200 1.000000000
1782722495.570200 -0.000611089 0.000767755 0.000081471 0.000201247 0.000142314 -0.000132439 1.000000000
1782722495.603574 -0.000277201 0.000958059 -0.000385456 0.000205762 0.000102928 -0.000157648 1.000000000
1782722495.636949 -0.000134307 0.000933228 -0.000176921 0.000204763 0.000081714 -0.000074826 1.000000000
1782722495.670322 0.000331463 -0.000116351 -0.000277485 0.000041906 0.000009069 -0.000151351 1.000000000
1782722495.703697 0.001197019 -0.000454966 0.000321105 -0.000069134 -0.000121760 0.000054947 1.000000000
1782722495.737071 -0.000395178 0.000859304 -0.000505445 0.000150499 0.000145968 -0.000217712 1.000000000
1782722495.770445 -0.000657620 0.000952710 -0.000301062 0.000144400 0.000148121 -0.000128510 1.000000000
1782722495.803819 0.000877680 -0.000388339 -0.000369437 -0.000053310 -0.000072682 -0.000148104 1.000000000
1782722495.837193 -0.000026062 0.000262947 -0.000884408 0.000081563 0.000045567 -0.000110814 1.000000000
1782722495.870567 0.000680680 -0.000275657 0.000232025 0.000004172 -0.000004646 -0.000045599 1.000000000
1782722495.903942 -0.000551471 0.000222953 -0.000264101 0.000072726 0.000161191 -0.000093507 1.000000000
1782722495.937314 0.000801161 -0.000007658 -0.000462758 0.000086871 -0.000087431 -0.000013381 1.000000000
1782722495.970686 -0.000643365 0.000698236 -0.000890143 0.000173981 0.000173552 -0.000134008 0.999999940
1782722496.004058 -0.000568538 0.000347014 -0.000692921 0.000074639 0.000133473 -0.000210478 1.000000000
1782722496.037431 -0.000012503 0.000574825 -0.000505992 0.000107541 0.000032913 -0.000055221 1.000000000
1782722496.070802 0.000502478 -0.000186106 -0.000626476 0.000002568 -0.000039090 -0.000069055 1.000000000
1782722496.104175 0.000920364 -0.000434702 -0.000040900 -0.000068141 -0.000099747 -0.000043140 1.000000000
1782722496.137547 -0.001101788 0.000653438 -0.000867460 0.000192351 0.000228206 -0.000167772 0.999999940
1782722496.170919 -0.000319624 -0.000415477 -0.000345330 -0.000071868 0.000066669 -0.000119137 1.000000000
1782722496.204291 0.000500890 -0.000168711 -0.000927596 0.000039912 -0.000021742 0.000013614 1.000000000
1782722496.237663 -0.000702169 0.000772160 -0.000683271 0.000167352 0.000157814 -0.000037054 1.000000000
1782722496.271035 -0.000335903 -0.000104445 -0.000435744 -0.000010075 0.000105795 -0.000086876 1.000000000
1782722496.304407 -0.000559219 0.000823663 -0.000087831 0.000160808 0.000101921 -0.000180113 1.000000000
1782722496.337779 -0.000500030 0.000637025 -0.000388896 0.000106721 0.000141696 -0.000184212 1.000000000
1782722496.371150 -0.000607414 0.001176035 -0.000075744 0.000228476 0.000101439 0.000018858 1.000000000
1782722496.404522 -0.001069477 0.000622484 -0.000348144 0.000137930 0.000156145 -0.000045622 1.000000000
1782722496.437894 -0.000114458 -0.001200707 -0.000185031 -0.000155603 0.000053473 -0.000146433 1.000000000
1782722496.471266 -0.000663865 -0.000228682 -0.000360809 0.000016124 0.000131737 -0.000158003 1.000000000
1782722496.504638 -0.000099701 0.000970407 -0.000534923 0.000191719 0.000068555 -0.000112196 1.000000000
1782722496.538010 -0.000808596 0.000880985 -0.000462738 0.000241624 0.000156148 -0.000221076 0.999999940
1782722496.571382 -0.000400288 -0.000419719 -0.000176736 -0.000023777 0.000083869 -0.000094079 1.000000000
1782722496.604755 -0.000944464 -0.000116831 -0.000479003 -0.000009829 0.000199340 -0.000131349 1.000000000
1782722496.638126 -0.000173092 0.000761241 -0.000450865 0.000201028 0.000036185 -0.000084355 1.000000000
1782722496.671498 -0.000728338 0.001293317 -0.000453888 0.000263672 0.000184330 -0.000115620 0.999999940
1782722496.704870 0.000671500 -0.000231741 -0.000475218 -0.000032597 -0.000074845 -0.000045304 1.000000000
1782722496.738242 -0.000609056 0.001162946 -0.000233814 0.000237039 0.000110114 -0.000108951 1.000000000
1782722496.771613 -0.000492037 0.000820076 -0.000275366 0.000100055 0.000081299 -0.000118971 1.000000000
1782722496.804985 -0.001016066 0.001363229 0.000141102 0.000267346 0.000147184 -0.000239808 0.999999940
1782722496.838357 -0.000729315 0.000898934 -0.000242461 0.000210133 0.000166598 -0.000075669 1.000000000
1782722496.871729 -0.000837185 0.001064459 -0.000704768 0.000202247 0.000195235 -0.000167975 0.999999940
1782722496.905101 -0.000900033 -0.000032887 0.000153909 -0.000026810 0.000169719 -0.000062601 1.000000000
1782722496.938475 0.000823925 -0.000603865 -0.000049922 -0.000076400 -0.000094334 -0.000068077 1.000000000
1782722496.971849 -0.000898037 0.001090744 -0.000403419 0.000249633 0.000204117 -0.000144808 0.999999940
1782722497.005224 0.001189475 -0.000350204 -0.000779849 -0.000008655 -0.000181515 -0.000074709 1.000000000
1782722497.038598 0.000852784 -0.000446719 -0.000648127 -0.000071206 -0.000042768 -0.000092574 1.000000000
1782722497.071972 0.000055218 0.000627755 -0.000276502 0.000119194 -0.000028231 -0.000206652 1.000000000
1782722497.105347 0.000023818 0.000455353 -0.000179187 0.000060314 0.000057907 -0.000081094 1.000000000
1782722497.138721 -0.000617833 -0.000429543 -0.000558026 -0.000049742 0.000108810 -0.000183932 1.000000000
1782722497.172096 -0.000258430 0.001321098 -0.000065269 0.000263036 0.000059724 -0.000078503 1.000000000
1782722497.205470 -0.000386446 -0.001449265 -0.001364578 -0.000225249 0.000158856 0.000017522 1.000000000
1782722497.238844 -0.000339908 0.000221264 -0.000284452 0.000089856 0.000075513 -0.000172144 1.000000000
1782722497.272219 -0.000324315 0.000645694 -0.000720641 0.000185254 0.000102611 -0.000087291 1.000000000
1782722497.305594 -0.000400098 0.000895288 -0.000149547 0.000170485 0.000074836 0.000017430 1.000000000
1782722497.338969 -0.000168595 -0.000029860 -0.000099963 0.000011668 0.000060682 -0.000129038 1.000000000
1782722497.372343 -0.000558149 0.000974079 -0.000200437 0.000203719 0.000099212 -0.000093981 1.000000000
1782722497.405717 -0.000204637 0.001051935 -0.000763679 0.000185722 0.000089593 -0.000086703 1.000000000
1782722497.439091 0.000040668 0.000412148 -0.000132307 0.000028039 -0.000003100 -0.000130029 1.000000000
1782722497.472466 0.000083073 0.000738377 -0.000244038 0.000164500 -0.000033727 -0.000069323 1.000000000
1782722497.505840 -0.000782142 -0.000268922 -0.000260000 0.000016844 0.000140343 -0.000124043 1.000000000
1782722497.539215 -0.000646716 0.000788166 -0.000743424 0.000185128 0.000185438 -0.000101602 0.999999940
1782722497.572589 -0.000330590 -0.000356638 -0.000249922 -0.000064010 0.000117084 -0.000101114 1.000000000
1782722497.605963 -0.000023437 0.001023977 -0.000286560 0.000181399 0.000022758 -0.000116095 1.000000000
1782722497.639338 -0.000350535 0.001140845 -0.000885263 0.000254692 0.000092335 -0.000042009 1.000000000
1782722497.672713 -0.000521114 0.000859462 -0.000298970 0.000198336 0.000094515 -0.000054691 1.000000000
1782722497.706087 -0.000595993 0.000134268 -0.000255957 0.000042535 0.000100056 -0.000043709 1.000000000
1782722497.739461 -0.000590203 0.001351430 -0.000476905 0.000304244 0.000131762 -0.000143607 0.999999940
1782722497.772835 -0.000552045 -0.001034274 -0.000636940 -0.000128473 0.000129178 -0.000088859 1.000000000
1782722497.806210 -0.000308501 0.000005718 -0.000459062 0.000061061 0.000056040 -0.000179583 1.000000000
1782722497.839585 -0.000188736 0.001082212 -0.000040192 0.000211207 0.000013478 -0.000099602 1.000000000
1782722497.872959 -0.000931880 0.001607717 -0.000105600 0.000339597 0.000133880 -0.000139761 0.999999940
1782722497.906333 -0.000681060 0.000855748 -0.000535560 0.000172421 0.000122053 -0.000227655 1.000000000
1782722497.939708 -0.000311671 0.001052006 -0.000331368 0.000188676 0.000032982 0.000057331 1.000000000
1782722497.973082 -0.000451033 0.001355598 -0.000157273 0.000263434 0.000110911 0.000004121 1.000000000
1782722498.006457 -0.000195410 0.000795629 -0.000223255 0.000152708 0.000042575 -0.000089049 1.000000000
1782722498.039831 -0.000510414 0.000093992 -0.000595162 0.000046804 0.000097664 -0.000137085 1.000000000
1782722498.073205 -0.000596502 0.001176368 -0.000443963 0.000232064 0.000102140 -0.000057444 1.000000000
1782722498.106580 0.000109520 0.000370343 -0.000384088 0.000106055 -0.000046698 -0.000130075 1.000000000
1782722498.139954 0.000057731 -0.000423324 -0.000642784 -0.000042138 0.000034263 -0.000067180 1.000000000
1782722498.173328 -0.000588828 0.000621885 -0.000176771 0.000127310 0.000131152 -0.000120390 1.000000000
1782722498.206702 -0.000254499 0.001350541 -0.000281866 0.000289794 0.000061163 -0.000115099 0.999999940
1782722498.240077 0.000091506 0.000402338 -0.000325350 0.000102076 -0.000015842 -0.000041765 1.000000000
1782722498.273451 0.000019429 0.000040323 -0.000675972 0.000034324 0.000032886 -0.000082889 1.000000000
1782722498.306825 -0.000449464 0.000583837 -0.000219339 0.000155246 0.000105838 0.000010009 1.000000000
1782722498.340199 -0.000423107 0.000671013 -0.000177548 0.000142236 0.000107156 -0.000147028 1.000000000
1782722498.373573 -0.000319259 0.000935966 -0.000229958 0.000217824 0.000076368 -0.000064927 1.000000000
1782722498.406948 0.000780370 -0.000206370 0.000259014 0.000026563 -0.000140304 -0.000041796 1.000000000
1782722498.440322 0.000124635 0.000223100 -0.000731888 0.000054188 0.000013609 -0.000069819 1.000000000
1782722498.473696 -0.000718670 -0.000350923 -0.000900983 -0.000018450 0.000189381 -0.000051586 1.000000000
1782722498.507070 -0.000670447 0.000835671 -0.000372611 0.000140993 0.000127073 -0.000095405 1.000000000
1782722498.540444 -0.000483296 0.000936066 0.000083206 0.000187710 0.000094864 -0.000042612 1.000000000
1782722498.573819 -0.000630948 0.000049767 -0.000511180 0.000096717 0.000080831 -0.000168584 1.000000000
1782722498.607193 -0.000476703 0.000656698 -0.000528719 0.000175792 0.000115391 -0.000184212 1.000000000
1782722498.640567 -0.000696174 0.000248474 -0.000260968 0.000137419 0.000165806 -0.000065006 1.000000000
1782722498.673942 -0.000189678 0.000671975 -0.000118015 0.000100051 0.000049371 -0.000020594 1.000000000
1782722498.707317 -0.000579268 0.001183828 -0.000085537 0.000225622 0.000084398 -0.000095768 1.000000000
1782722498.740691 -0.000560663 0.001099281 -0.000690411 0.000231351 0.000119637 -0.000104022 1.000000000
1782722498.774065 -0.000535212 0.001099312 -0.000085698 0.000150641 0.000079951 -0.000063804 1.000000000
1782722498.807439 -0.000515838 0.000968747 -0.000255287 0.000232453 0.000107928 -0.000034834 1.000000000
1782722498.874188 0.000259613 -0.000742735 -0.000087815 -0.000097203 0.000020567 -0.000195389 1.000000000
1782722498.907562 -0.000735140 -0.000616284 -0.000121775 -0.000091060 0.000135910 -0.000135538 1.000000000
1782722498.940935 -0.000556542 0.000759441 -0.000618865 0.000195069 0.000076445 -0.000079517 1.000000000
1782722498.974308 0.000654560 -0.000362202 -0.000183366 -0.000001773 -0.000094539 -0.000143778 1.000000000
1782722499.007681 -0.000589251 0.000693585 -0.000516547 0.000160319 0.000140478 -0.000124958 1.000000000
1782722499.041054 0.000149352 -0.000961175 -0.000366312 -0.000082788 -0.000016890 -0.000028581 1.000000000
1782722499.074427 -0.000572235 0.000826918 -0.000563366 0.000160021 0.000111091 -0.000069424 1.000000000
1782722499.107801 0.000656899 -0.000538470 -0.000200321 -0.000081439 -0.000073811 -0.000101081 1.000000000
1782722499.141174 0.000378986 -0.000365522 -0.000227130 -0.000005259 -0.000029696 -0.000219331 1.000000000
1782722499.174547 0.000850837 -0.000558891 -0.000806820 -0.000019555 -0.000037431 -0.000000718 1.000000000
1782722499.207920 -0.000689175 -0.001401544 -0.000998233 -0.000202100 0.000153271 -0.000017508 1.000000000
1782722499.241293 -0.000579255 -0.000550134 -0.000476192 0.000002106 0.000110460 -0.000099443 1.000000000
1782722499.274666 -0.000823668 -0.000547413 -0.000190229 -0.000061619 0.000165344 -0.000101631 1.000000000
1782722499.308039 -0.000375468 0.000978927 -0.000822103 0.000258384 0.000080445 -0.000093384 1.000000000
1782722499.341412 -0.000440185 0.000767914 -0.000196295 0.000148370 0.000118600 -0.000071011 1.000000000
1782722499.374785 0.000861638 -0.000234029 -0.000248652 0.000004316 -0.000130581 -0.000009787 1.000000000
1782722499.408159 -0.000321014 0.000848082 -0.000321566 0.000087397 0.000077835 -0.000108636 1.000000000
1782722499.474905 -0.000790088 0.000366536 -0.000482337 0.000109453 0.000153532 -0.000162199 1.000000000
1782722499.508278 -0.000833223 -0.000202369 -0.000562330 -0.000030888 0.000165502 -0.000155457 1.000000000
1782722499.541651 -0.000307244 -0.000345012 -0.000394770 -0.000074869 0.000074837 -0.000011120 1.000000000
1782722499.575024 -0.000198238 0.000898301 -0.000223405 0.000238411 0.000062722 -0.000171508 1.000000000
1782722499.608397 -0.000766862 0.000167587 0.000136853 0.000105690 0.000153010 -0.000081542 1.000000000
1782722499.641770 -0.000630449 0.000282599 -0.000224902 0.000104431 0.000103343 -0.000031346 1.000000000
1782722499.675143 -0.000654573 0.001109793 -0.000202478 0.000266474 0.000114736 -0.000117166 1.000000000
1782722499.708516 -0.000359284 0.000692268 -0.000481355 0.000141203 0.000078395 -0.000213021 1.000000000
1782722499.741889 -0.000443738 0.000593259 -0.000361780 0.000076042 0.000103159 -0.000136630 1.000000000
1782722499.775262 0.000074657 -0.000182243 -0.000351087 -0.000006521 0.000028533 -0.000130506 1.000000000
1782722499.808635 -0.000340917 0.001574686 -0.000371222 0.000270196 0.000069870 -0.000125955 1.000000000
1782722499.875381 0.000638060 0.000108930 -0.000408483 0.000074197 -0.000099099 -0.000052140 1.000000000
1782722499.908754 -0.000660734 0.001184446 0.000141636 0.000181267 0.000135407 -0.000175833 1.000000000
1782722499.942128 0.000845574 -0.000376823 -0.000455980 0.000022252 -0.000126117 -0.000067458 1.000000000
1782722499.975502 -0.000566780 0.000797109 -0.000646990 0.000212323 0.000136328 -0.000028296 1.000000000
1782722500.008876 -0.000224246 0.001021541 0.000084126 0.000222634 0.000062383 -0.000024397 1.000000000
1782722500.042250 -0.000028335 0.001465633 -0.000136713 0.000297153 0.000013176 -0.000067232 0.999999940
1782722500.075624 -0.000364969 0.000393051 -0.000157378 0.000138524 0.000123391 0.000001856 1.000000000
1782722500.108999 0.000884227 -0.000320741 -0.000416583 0.000001176 -0.000067267 -0.000017078 1.000000000
1782722500.142373 -0.000133557 0.000966039 -0.000411553 0.000175443 0.000070662 -0.000006061 1.000000000
1782722500.209121 -0.000164582 0.000552427 -0.000050376 0.000135571 0.000036059 0.000042656 1.000000000
1782722500.242495 -0.000169340 0.001187006 -0.000474591 0.000196481 0.000096041 -0.000019928 1.000000000
1782722500.275868 -0.000054598 -0.000565093 -0.000842631 -0.000034081 0.000038444 -0.000205876 1.000000000
1782722500.309242 -0.000483396 -0.000353117 -0.000427600 -0.000014582 0.000130845 -0.000190674 1.000000000
1782722500.342616 -0.002292590 -0.000773380 -0.001074689 -0.000067088 0.000342526 -0.000011549 1.000000000
1782722500.375990 -0.004759113 0.001749461 -0.001083377 0.000320649 0.000564147 0.000026924 0.999999821
1782722500.409364 -0.005500590 -0.001987388 -0.001668895 -0.000296195 0.000676027 0.000118290 0.999999702
1782722500.442738 -0.007447312 -0.005166333 -0.003206145 -0.000861279 0.000835515 0.000082548 0.999999344
1782722500.476112 -0.004800551 -0.008837366 -0.003215296 -0.001474094 0.000497143 0.000131967 0.999998868
1782722500.509486 -0.005680233 -0.012597271 -0.003418283 -0.002030248 0.000634986 0.000317370 0.999997675
1782722500.542860 -0.009578484 -0.022306360 -0.006234483 -0.003560359 0.000928454 0.000552905 0.999993086
1782722500.576234 -0.006800923 -0.016191479 -0.005211895 -0.002569163 0.000681088 0.000503182 0.999996364
1782722500.609608 -0.008790713 -0.006366680 -0.003382673 -0.001008965 0.001084142 0.000200202 0.999998927
1782722500.642981 -0.009659276 -0.011387180 -0.004181898 -0.001821738 0.001006515 0.000332445 0.999997854
1782722500.676356 -0.011795728 -0.010528486 -0.002568331 -0.001681949 0.001421978 0.000465901 0.999997497
1782722500.709729 -0.010583165 -0.006394044 -0.000786385 -0.000978083 0.001390037 0.000415938 0.999998569
1782722500.743103 -0.010637950 -0.003159227 -0.000181256 -0.000580570 0.001447526 0.000089271 0.999998808
1782722500.776477 -0.008089776 -0.009216513 -0.001688938 -0.001412269 0.001027468 0.000660581 0.999998331
1782722500.809852 -0.005908041 -0.009787657 -0.001935773 -0.001619995 0.000695441 0.000355926 0.999998391
1782722500.843226 -0.007916653 -0.009795055 -0.000556099 -0.001620522 0.001066616 0.000433187 0.999998093
1782722500.876600 -0.007918486 -0.007449233 -0.000410539 -0.001102119 0.001025361 0.000510769 0.999998808
1782722500.909974 -0.006650996 -0.003739390 -0.001476673 -0.000592910 0.000811198 0.000288771 0.999999464
1782722500.943349 -0.007056817 -0.003804221 -0.001103760 -0.000638423 0.000877440 0.000349324 0.999999404
1782722500.976724 -0.005151481 0.000680581 0.000763937 0.000038005 0.000813526 0.000079360 0.999999702
1782722501.010099 -0.001807323 -0.006296278 -0.000998293 -0.000915861 0.000218835 0.000470042 0.999999464
1782722501.043474 -0.005804585 -0.004445018 -0.000379752 -0.000605208 0.000786170 0.000473347 0.999999404
1782722501.076849 -0.006731234 -0.010330288 -0.001309941 -0.001489516 0.000767160 0.000542072 0.999998510
1782722501.110224 -0.005587943 -0.013677036 -0.002084081 -0.002087772 0.000637102 0.000708433 0.999997377
1782722501.143599 -0.005817086 -0.010209871 -0.001763358 -0.001538275 0.000659001 0.000562198 0.999998510
1782722501.176974 -0.005538808 -0.013495434 -0.001018587 -0.002032593 0.000649954 0.000650557 0.999997556
1782722501.210350 -0.005439367 -0.003421181 -0.000594355 -0.000584869 0.000704373 0.000225552 0.999999642
1782722501.243725 -0.005620366 -0.004262353 0.000292207 -0.000577742 0.000771177 0.000345527 0.999999464
1782722501.277100 -0.006974124 -0.010501529 -0.002009811 -0.001591151 0.000751650 0.000637467 0.999998271
1782722501.310475 -0.009660561 -0.013429112 -0.002434317 -0.001966896 0.001104762 0.000849064 0.999997139
1782722501.343850 -0.009004054 -0.013232881 -0.001679447 -0.002047956 0.001127157 0.000687899 0.999997079
1782722501.377225 -0.009027455 -0.013792317 -0.001997239 -0.002016436 0.001089803 0.000847256 0.999997020
1782722501.410600 -0.008536110 -0.013141850 -0.001698697 -0.002043767 0.001105122 0.000671731 0.999997079
1782722501.443976 -0.008829396 -0.013269315 -0.001933521 -0.002093023 0.001112724 0.000723173 0.999996960
1782722501.477351 -0.010029905 -0.012853226 -0.001891497 -0.001921339 0.001200709 0.000702416 0.999997258
1782722501.510727 -0.008886654 -0.013273573 -0.001713713 -0.002026149 0.001110332 0.000750148 0.999997079
1782722501.544102 -0.009336041 -0.013663499 -0.002087896 -0.002089563 0.001102948 0.000734504 0.999997020
1782722501.577477 -0.009841861 -0.013893350 -0.002540147 -0.002123811 0.001185165 0.000833891 0.999996722
1782722501.610853 -0.008873653 -0.013220455 -0.002063959 -0.001984517 0.001126243 0.000744675 0.999997139
1782722501.644228 -0.008516198 -0.011265486 -0.002299097 -0.001767179 0.000957758 0.000687231 0.999997795
1782722501.677603 -0.009997384 -0.011970993 -0.002392689 -0.001841364 0.001207969 0.000692806 0.999997377
1782722501.710979 -0.011031304 -0.011530359 -0.001978503 -0.001714922 0.001330826 0.000665523 0.999997437
1782722501.744354 -0.010109494 -0.010922068 -0.001424573 -0.001626867 0.001255717 0.000663053 0.999997735
1782722501.777729 -0.010762708 -0.010451436 -0.001749085 -0.001583339 0.001321325 0.000672745 0.999997675
1782722501.811104 -0.012231868 -0.012207456 -0.002465870 -0.001876294 0.001441343 0.000714585 0.999997020
1782722501.844480 -0.009933535 -0.013069977 -0.003120598 -0.001997239 0.001123381 0.000752259 0.999997139
1782722501.877855 -0.009504407 -0.013606203 -0.002587839 -0.002136746 0.001084437 0.000719798 0.999996901
1782722501.911230 -0.008799316 -0.014321594 -0.002114741 -0.002257629 0.000998919 0.000704741 0.999996781
1782722501.944604 -0.009263782 -0.013173874 -0.003004350 -0.002106194 0.001003653 0.000663634 0.999997139
1782722501.977979 -0.009984420 -0.013460195 -0.003739293 -0.002131140 0.001082044 0.000616203 0.999997020
1782722502.011353 -0.008902667 -0.013425685 -0.001560051 -0.002034315 0.001109442 0.000664154 0.999997139
1782722502.044727 -0.009783656 -0.013475046 -0.003181319 -0.002054858 0.001066942 0.000693760 0.999997079
1782722502.078101 -0.009089974 -0.013248967 -0.001597902 -0.001981396 0.001162477 0.000680446 0.999997199
1782722502.111476 -0.010828120 -0.012838105 -0.002381749 -0.001929701 0.001288341 0.000696548 0.999997139
1782722502.144850 -0.010063129 -0.013008700 -0.003027277 -0.002056286 0.001118529 0.000671975 0.999997020
1782722502.178224 -0.009565433 -0.013815977 -0.001531996 -0.002090636 0.001213215 0.000902290 0.999996722
1782722502.211600 -0.016318435 -0.022003982 -0.004416373 -0.003270095 0.001893785 0.000944489 0.999992430
1782722502.244974 -0.007691245 -0.010848854 -0.002102382 -0.001635905 0.000975654 0.000295797 0.999998152
1782722502.278348 -0.006860887 -0.009901549 -0.002933963 -0.001533638 0.000786120 0.000342182 0.999998510
1782722502.311723 -0.007127542 -0.009989564 -0.002701322 -0.001415094 0.000946519 0.000300580 0.999998510
1782722502.345097 -0.006671888 -0.009848638 -0.003428540 -0.001599187 0.000900149 0.000407793 0.999998212
1782722502.378471 -0.006698632 -0.009736318 -0.004820529 -0.001480835 0.000933260 0.000149296 0.999998450
1782722502.411845 -0.008150651 -0.009871962 -0.000683741 -0.001334025 0.000998196 0.000433840 0.999998510
1782722502.445220 -0.007180183 -0.008741524 -0.002047347 -0.001248283 0.001032637 0.000250019 0.999998689
1782722502.478594 -0.007375358 -0.010279116 -0.000943305 -0.001347422 0.000927252 0.000341784 0.999998629
1782722502.511969 -0.007043604 -0.010022551 -0.001423821 -0.001380250 0.000802400 0.000332201 0.999998689
1782722502.545343 -0.006879921 -0.009838508 -0.003543951 -0.001596522 0.000912658 0.000088737 0.999998331
1782722502.578717 -0.008442518 -0.011226196 0.001729419 -0.001303434 0.001243200 0.000222386 0.999998391
1782722502.612092 -0.009973295 -0.011394306 0.005879451 -0.000871196 0.001707355 0.000242840 0.999998152
1782722502.645466 -0.001798021 -0.008479672 0.002481819 -0.000806143 0.000400952 -0.000313914 0.999999523
1782722502.678840 0.002901903 -0.002832287 0.003311372 0.000058089 -0.000456652 -0.000598218 0.999999762
1782722502.712215 0.003129611 0.000565278 0.000012831 0.000295808 -0.000705065 -0.000042087 0.999999762
1782722502.745589 0.001768584 0.001926930 -0.000379819 0.000415210 -0.000103418 -0.000726391 0.999999642
1782722502.778964 -0.000244428 0.003010775 -0.002359144 0.000509877 -0.000097995 -0.000446163 0.999999762
1782722502.812338 -0.000078328 0.003791242 -0.004030789 0.000535413 -0.000256487 -0.000082984 0.999999821
1782722502.845712 0.004387823 0.004592962 -0.000428607 0.000923219 -0.000870097 -0.000554393 0.999999046
1782722502.879086 0.006075555 -0.002695322 -0.002518493 -0.000403976 -0.000940781 -0.000587675 0.999999285
1782722502.912462 0.007395764 -0.018686188 -0.011900462 -0.003638711 -0.001306896 -0.000575143 0.999992371
1782722502.945835 0.011257475 -0.027586427 -0.009108502 -0.004778722 -0.001426089 -0.000488902 0.999987483
1782722502.979208 0.012809399 -0.048722912 -0.023763550 -0.009079379 -0.001935155 -0.000698935 0.999956667
1782722503.012581 0.012424200 -0.055034265 -0.021970451 -0.010034908 -0.001663582 -0.000651492 0.999948144
1782722503.045954 -0.002297320 -0.019063586 -0.005084130 -0.003147972 0.000401777 0.000119272 0.999994993
1782722503.079327 -0.006580008 -0.013390305 -0.005102334 -0.002057904 0.000708403 0.000476348 0.999997616
1782722503.112700 -0.006268861 -0.005303856 -0.002629916 -0.000798375 0.000679634 0.000366956 0.999999464
1782722503.146073 -0.007630557 -0.007621800 -0.002919426 -0.001200261 0.000904151 0.000345262 0.999998868
1782722503.179445 -0.005066906 -0.006016153 -0.001408809 -0.000954105 0.000563623 0.000165757 0.999999404
1782722503.212818 -0.002588748 -0.009106615 -0.001280240 -0.001411369 0.000355557 0.000017443 0.999998987
1782722503.246191 -0.002784958 -0.002629214 -0.001560262 -0.000439074 0.000366232 0.000176529 0.999999821
1782722503.279564 0.000684592 0.000108197 -0.000251257 0.000050097 -0.000024201 -0.000195711 1.000000000
1782722503.312937 0.000144793 -0.001113383 -0.000139567 -0.000215858 0.000030836 -0.000007975 1.000000000
1782722503.346310 0.000104629 -0.001042718 -0.000399637 -0.000136963 0.000033892 -0.000173157 1.000000000
1782722503.379683 -0.000729444 -0.001106879 -0.000112361 -0.000145936 0.000153466 -0.000200854 1.000000000
1782722503.413056 0.000333490 -0.000910449 -0.000310698 -0.000129232 0.000003454 -0.000216812 1.000000000
1782722503.446429 -0.000195135 -0.000662756 0.000030795 -0.000140617 0.000071140 -0.000112476 1.000000000
1782722503.479802 -0.000079268 -0.000877792 -0.000405717 -0.000142544 0.000084019 -0.000154001 1.000000000
1782722503.513174 0.000234613 -0.001482718 -0.000185080 -0.000245425 0.000022240 -0.000122838 1.000000000
1782722503.546547 -0.000080852 -0.000512963 -0.000279941 -0.000043528 0.000101989 -0.000094286 1.000000000
1782722503.579920 0.001918141 -0.001413620 -0.000347514 -0.000192437 -0.000243217 -0.000027075 0.999999940
1782722503.613294 0.000045289 -0.001418041 -0.000177477 -0.000181684 0.000012809 -0.000063319 1.000000000
1782722503.646667 0.002016885 -0.001758615 -0.000277387 -0.000264834 -0.000285205 0.000022853 0.999999940
1782722503.680040 -0.000131460 -0.000002038 0.000043118 0.000011499 0.000021368 -0.000026086 1.000000000
1782722503.713413 0.001834200 -0.001404640 0.000173911 -0.000214131 -0.000290090 -0.000095332 0.999999940
1782722503.746785 -0.000202731 -0.001305983 0.000246687 -0.000220760 0.000017038 -0.000098185 1.000000000
1782722503.780158 -0.000865537 -0.000873416 0.000000574 -0.000121499 0.000202933 -0.000146988 0.999999940
1782722503.813531 0.000007062 -0.000411405 0.000341996 -0.000092832 0.000074936 -0.000093723 1.000000000
1782722503.846904 -0.001186079 0.000063320 -0.000233711 0.000003102 0.000220428 -0.000072880 1.000000000
1782722503.880277 -0.000158220 -0.000237785 -0.000634440 -0.000028622 0.000075773 -0.000068729 1.000000000
1782722503.913649 0.000175352 -0.001231672 -0.000239377 -0.000171146 -0.000032953 -0.000132597 1.000000000
1782722503.947023 -0.000503147 -0.001202745 -0.000100704 -0.000142763 0.000100995 -0.000224445 1.000000000
1782722503.980395 -0.000058956 -0.000935758 -0.000181999 -0.000108186 0.000010020 -0.000152699 1.000000000
1782722504.013768 -0.000064436 -0.001447903 -0.000477610 -0.000244045 0.000046515 -0.000197749 0.999999940
1782722504.047141 0.000375067 -0.001190020 -0.000388845 -0.000224575 0.000012239 -0.000111463 1.000000000
1782722504.080514 0.000426407 -0.001700131 -0.000903302 -0.000294684 -0.000005040 -0.000168679 0.999999940
1782722504.113887 0.001282078 -0.001944428 -0.000597665 -0.000292670 -0.000141311 -0.000148731 0.999999940
1782722504.147260 0.000565429 -0.001704045 -0.000245508 -0.000247264 -0.000051716 -0.000117513 1.000000000
1782722504.180632 0.000457904 -0.002016235 -0.000515726 -0.000339134 0.000002407 -0.000140492 0.999999940
1782722504.214005 0.001159131 -0.001576432 -0.001001189 -0.000194518 -0.000097561 -0.000258967 0.999999940
1782722504.247378 0.000046455 -0.002027694 -0.000402705 -0.000349613 0.000066317 -0.000203787 0.999999940
1782722504.280751 -0.000419981 -0.000636362 -0.000532491 -0.000110737 0.000095727 -0.000122002 1.000000000
1782722504.314124 0.000028033 -0.000675130 0.000058259 0.000021824 -0.000053331 -0.000291517 1.000000000
1782722504.347497 -0.000258224 -0.000615877 0.000634909 -0.000017561 -0.000064696 -0.000179316 1.000000000
1782722504.380870 -0.000416222 -0.000154578 0.000046817 0.000161588 0.000012460 -0.000245570 1.000000000
1782722504.414243 -0.000220575 -0.000335489 0.000742035 0.000062854 -0.000059261 -0.000284371 1.000000000
1782722504.447615 -0.000348704 -0.000512808 -0.000004947 0.000040590 0.000013990 -0.000233978 1.000000000
1782722504.480988 0.000098352 -0.000935186 -0.000886065 -0.000142578 -0.000006063 -0.000259525 1.000000000
1782722504.514361 -0.000363693 -0.000727662 -0.000610044 -0.000129460 0.000082682 -0.000158491 1.000000000
1782722504.547734 -0.000275140 -0.000956561 -0.001116277 -0.000139494 0.000088143 -0.000224405 1.000000000
1782722504.581106 0.000320401 -0.001232151 -0.000880099 -0.000203111 -0.000016880 -0.000146317 1.000000000
1782722504.614479 -0.000042857 -0.000889697 -0.000760862 -0.000133312 0.000041429 -0.000243701 1.000000000
1782722504.647851 -0.000348273 -0.000950952 -0.000902374 -0.000177499 0.000089535 -0.000138035 1.000000000
1782722504.681224 0.000004428 -0.001063829 -0.000778874 -0.000178724 0.000000754 -0.000191378 1.000000000
1782722504.714597 -0.000047454 -0.001007470 -0.000922095 -0.000158703 0.000034546 -0.000130724 1.000000000
1782722504.747970 -0.000135488 -0.000618786 -0.000692407 -0.000045825 -0.000005325 -0.000183450 1.000000000
1782722504.781342 0.000121534 -0.000953583 -0.000788962 -0.000132669 -0.000013255 -0.000184537 1.000000000
1782722504.814715 -0.000179109 -0.001537100 -0.000708533 -0.000293677 0.000075658 -0.000152805 0.999999940
1782722504.848087 -0.000497245 -0.000194344 0.000133009 0.000116367 0.000022685 -0.000285499 1.000000000
1782722504.881460 0.000073357 -0.000668292 -0.000606209 -0.000148461 0.000004044 -0.000153100 1.000000000
1782722504.914833 0.000280921 -0.000865147 -0.000061973 -0.000038075 -0.000045235 -0.000213253 1.000000000
1782722504.948207 -0.000565213 -0.000233105 0.000009073 0.000120620 0.000010944 -0.000256793 1.000000000
1782722504.981581 -0.000312600 0.000360817 0.000802734 0.000226510 -0.000061246 -0.000156309 1.000000000
1782722505.014956 -0.000760202 -0.000196911 0.000618371 0.000125869 0.000041060 -0.000315854 0.999999940
1782722505.048330 -0.000595405 -0.000037491 -0.000152856 0.000180965 0.000084576 -0.000255399 1.000000000
1782722505.081704 -0.000323759 0.000360218 -0.000091470 0.000230547 -0.000011342 -0.000208370 1.000000000
1782722505.115078 0.000139670 -0.000157836 -0.000585992 -0.000009848 0.000000083 -0.000072500 1.000000000
1782722505.148453 -0.000599764 0.000122595 -0.001048638 0.000048099 0.000140106 -0.000075978 1.000000000
1782722505.181827 -0.000795413 0.002220591 -0.000302354 0.000406482 0.000119928 -0.000060962 0.999999940
1782722505.215201 -0.005452421 -0.006657310 -0.001418235 -0.001094124 0.000892564 -0.000471977 0.999998927
1782722505.248575 -0.004876714 -0.007470018 -0.001546760 -0.001337409 0.000841056 -0.000412089 0.999998689
1782722505.281949 -0.004330733 -0.006984215 -0.002048079 -0.001171969 0.000656103 -0.000232004 0.999999106
1782722505.315323 -0.001855887 -0.001327473 -0.000338185 -0.000246655 0.000313148 -0.000090868 0.999999940
1782722505.348697 -0.000835520 -0.001218925 -0.001220053 -0.000223188 0.000109642 -0.000015603 1.000000000
1782722505.382071 -0.001279017 -0.000780097 0.000872855 -0.000100634 0.000196912 -0.000105496 1.000000000
1782722505.415445 -0.000452980 -0.000630972 -0.000901952 -0.000120123 0.000026384 -0.000000799 1.000000000
1782722505.448819 -0.000550482 -0.000476741 -0.000625320 -0.000066241 0.000091969 -0.000021170 1.000000000
1782722505.482194 -0.000885522 -0.002466941 -0.002661836 -0.000397355 -0.000033144 0.000038742 1.000000000
1782722505.515568 -0.001338771 -0.002247600 -0.001806118 -0.000489968 0.000120466 -0.000150258 0.999999940
1782722505.548942 -0.000916073 -0.002505366 -0.003164028 -0.000449489 -0.000033902 0.000047673 0.999999940
1782722505.582316 -0.000771973 -0.002202348 -0.001956580 -0.000392735 -0.000028993 0.000015737 1.000000000
1782722505.615690 -0.000496572 -0.002410825 -0.002528934 -0.000352128 -0.000114311 0.000112033 1.000000000
1782722505.649064 -0.000094003 -0.000128168 -0.000325835 -0.000057502 0.000017593 -0.000022976 1.000000000
1782722505.682438 0.000155560 0.000053485 -0.000916325 0.000040359 -0.000089367 -0.000022141 1.000000000
1782722505.715813 0.000441827 0.000346989 -0.000235598 0.000059667 -0.000083289 0.000053150 1.000000000
1782722505.749188 -0.000260466 0.000345816 -0.000435496 0.000037775 0.000058229 0.000074422 1.000000000
1782722505.782562 0.000254047 0.000361273 -0.000357934 0.000100758 -0.000085072 0.000032797 1.000000000
1782722505.815936 0.000066491 0.000357230 -0.000486757 0.000121000 -0.000056990 -0.000133610 1.000000000
1782722505.849310 -0.000742060 -0.000017232 -0.000596551 0.000007515 0.000129922 -0.000006263 1.000000000
1782722505.882684 -0.000277561 -0.000017710 -0.000761000 -0.000003533 0.000054055 0.000063575 1.000000000
1782722505.916059 -0.000324128 -0.000145699 -0.000573895 -0.000055150 0.000049382 -0.000071782 1.000000000
1782722505.949433 -0.000212266 -0.000415516 -0.000243178 -0.000067573 0.000077476 0.000011961 1.000000000
1782722505.982808 0.000075398 0.000354276 -0.000474415 0.000078830 -0.000036203 -0.000004607 1.000000000
1782722506.016182 -0.000316625 0.000241199 -0.000443253 0.000059711 0.000063358 -0.000040243 1.000000000
1782722506.049557 0.000042320 0.000028542 -0.000450985 -0.000015680 0.000012932 -0.000008512 1.000000000
1782722506.082932 -0.000041094 -0.000148881 -0.000470737 -0.000078284 0.000047301 0.000069697 1.000000000
1782722506.116307 0.000121355 0.000792771 0.000027219 0.000157572 -0.000056669 0.000056299 1.000000000
1782722506.149681 0.000112264 -0.000347007 -0.000323104 -0.000126028 -0.000028267 0.000009171 1.000000000
1782722506.183056 0.000017836 0.000842428 -0.000492683 0.000150240 -0.000009554 0.000003459 1.000000000
1782722506.216431 0.000092825 0.001035436 -0.000425352 0.000245417 -0.000043240 -0.000016991 1.000000000
1782722506.249805 -0.000011929 0.000330245 -0.000534255 0.000093400 0.000014552 0.000044452 1.000000000
1782722506.283180 -0.000313269 0.000440512 -0.000173791 0.000066484 0.000064915 -0.000022132 1.000000000
1782722506.316555 -0.000430639 -0.000442491 -0.000013986 -0.000132846 0.000075096 0.000042092 1.000000000
1782722506.349930 -0.000540906 0.000155723 -0.000242642 0.000022530 0.000091343 0.000019124 1.000000000
1782722506.383305 -0.000180849 0.000545684 -0.000456401 0.000147533 0.000017229 -0.000090661 1.000000000
1782722506.416680 -0.000123313 0.000139138 0.000333747 0.000007045 -0.000023940 0.000047324 1.000000000
1782722506.450055 -0.000695475 0.000246323 0.000178985 0.000028939 0.000096668 0.000031112 1.000000000
1782722506.483430 -0.000565646 -0.000072665 -0.000110503 -0.000027266 0.000065378 -0.000074016 1.000000000
1782722506.516805 -0.000208602 0.000653866 0.000209369 0.000134768 -0.000014121 -0.000015168 1.000000000
1782722506.550179 -0.000273049 0.000080221 -0.000234079 -0.000000108 0.000003737 0.000065699 1.000000000
1782722506.583554 -0.000377934 0.000189581 -0.000026764 -0.000000466 0.000062590 0.000039648 1.000000000
1782722506.616929 -0.000318388 0.000592083 -0.000328729 0.000134941 0.000002223 -0.000062594 1.000000000
1782722506.650304 -0.000530933 0.000487337 0.000033820 0.000100474 0.000060406 0.000002976 1.000000000
1782722506.683679 -0.000302062 0.000104654 -0.000727115 0.000043025 0.000035283 0.000021871 1.000000000
1782722506.717053 -0.000038411 -0.000123727 -0.000544740 -0.000012945 0.000000400 -0.000025477 1.000000000
1782722506.750428 -0.000608630 0.000113449 0.000009439 -0.000002159 0.000105142 0.000020261 1.000000000
1782722506.783803 -0.000725319 0.000231139 -0.000095331 0.000017406 0.000131352 0.000016739 1.000000000
1782722506.817178 -0.000457975 -0.000031164 -0.000544188 0.000032473 0.000086620 -0.000068867 1.000000000
1782722506.850553 -0.000067884 -0.000507678 -0.000452252 -0.000080496 0.000009310 -0.000051415 1.000000000
1782722506.883928 -0.000721441 0.000195941 -0.000649002 0.000060855 0.000118562 0.000037252 1.000000000
1782722506.917302 0.000052724 -0.000021253 -0.000457840 0.000013032 -0.000007946 0.000034462 1.000000000
1782722506.950676 -0.000322185 -0.000464238 -0.000505620 -0.000117809 0.000082909 0.000007029 1.000000000
1782722506.984050 -0.000568388 0.000096089 0.000910170 0.000060110 0.000240405 0.000138387 1.000000000
1782722507.017424 -0.001007371 -0.000239843 -0.000169459 0.000014873 0.000260622 0.000154218 1.000000000
1782722507.050797 -0.000619142 -0.000440381 -0.000600424 0.000048084 0.000130770 0.000313576 0.999999940
1782722507.084171 -0.000833980 -0.000232928 -0.000134606 -0.000118381 0.000163035 -0.000123209 1.000000000
1782722507.117546 -0.001484445 -0.000276017 -0.000214269 -0.000063605 0.000258142 -0.000053108 1.000000000
1782722507.150920 -0.000822661 -0.000023767 0.000094904 -0.000035323 0.000120928 -0.000108702 1.000000000
1782722507.184294 -0.000635412 -0.000620084 -0.000883120 -0.000050564 0.000128620 -0.000032644 1.000000000
1782722507.217668 -0.001211524 -0.000761134 -0.000499729 -0.000128446 0.000225612 -0.000020666 1.000000000
1782722507.251042 -0.000922336 0.000386698 0.000344335 0.000050739 0.000132564 -0.000073997 1.000000000
1782722507.284415 -0.001440572 -0.000232784 -0.000553084 -0.000029455 0.000237167 -0.000125582 1.000000000
1782722507.317789 -0.001172529 0.000097510 -0.000432049 0.000043705 0.000203761 -0.000005215 1.000000000
1782722507.351163 -0.000945753 0.000515692 -0.000343830 0.000118498 0.000170088 -0.000049701 1.000000000
1782722507.384537 0.002209112 0.000118240 -0.000939746 0.000077842 -0.000349450 -0.000015369 0.999999940
1782722507.417911 0.000330489 -0.000126489 -0.000436063 0.000063104 -0.000060457 -0.000147334 1.000000000
1782722507.451284 -0.000247895 -0.000002884 -0.000620539 0.000111451 0.000027275 -0.000264631 1.000000000
1782722507.484658 -0.000101577 -0.001213459 -0.000888610 -0.000218111 0.000057673 -0.000232563 1.000000000
1782722507.518032 -0.000043618 -0.000333148 -0.000194098 -0.000016592 -0.000051130 -0.000063690 1.000000000
1782722507.551406 -0.000133897 -0.000353947 -0.000315218 -0.000056532 0.000000628 -0.000056699 1.000000000
1782722507.584780 -0.000245550 -0.000346248 -0.000669238 -0.000005411 0.000039321 -0.000136170 1.000000000
1782722507.618154 -0.000480899 -0.000350067 -0.000743841 -0.000038265 0.000067507 -0.000079675 1.000000000
1782722507.651527 -0.000089303 -0.000214006 -0.000416497 -0.000033819 -0.000020308 -0.000070807 1.000000000
1782722507.684901 0.000120261 -0.000420959 -0.000321910 -0.000080617 -0.000017891 -0.000014093 1.000000000
1782722507.718275 -0.000419131 -0.000322381 -0.000349863 -0.000017078 0.000095414 -0.000055187 1.000000000
1782722507.751649 -0.000645228 -0.000336931 -0.000080087 -0.000071105 0.000065623 -0.000030891 1.000000000
1782722507.785023 -0.000617772 -0.000288695 -0.000022309 -0.000070524 0.000072529 0.000007075 1.000000000
1782722507.818398 -0.000521697 -0.000316702 0.000059815 -0.000070544 0.000070298 -0.000149406 1.000000000
1782722507.851771 -0.000212176 -0.000480645 -0.000022437 -0.000114395 -0.000003521 -0.000040599 1.000000000
1782722507.885145 -0.000304140 0.000124158 0.000058086 0.000046693 0.000020445 -0.000075206 1.000000000
1782722507.918519 -0.000675530 -0.000283320 -0.000000129 -0.000063233 0.000112888 -0.000089677 1.000000000
1782722507.951893 -0.000342895 -0.000236219 -0.000335596 -0.000036792 0.000035103 -0.000074841 1.000000000
1782722507.985267 0.000025613 -0.000617480 -0.000504809 -0.000123341 -0.000034199 -0.000001261 1.000000000
1782722508.018641 -0.000472462 -0.000661638 -0.000426836 -0.000091283 0.000077686 0.000000606 1.000000000
1782722508.052015 -0.000438560 0.000119630 -0.000226196 0.000015605 0.000042770 0.000034303 1.000000000
1782722508.085389 -0.000534201 -0.000191818 -0.000632742 -0.000004658 0.000098869 -0.000056612 1.000000000
1782722508.118763 -0.000628833 0.000175628 0.000172566 0.000021736 0.000052567 0.000006056 1.000000000
1782722508.152137 -0.000508926 -0.000148724 -0.000275730 -0.000040249 0.000046831 -0.000122163 1.000000000
1782722508.185511 -0.000703278 -0.000422846 -0.000380056 -0.000090333 0.000102606 -0.000037586 1.000000000
1782722508.218885 -0.000278035 -0.000527095 -0.000275966 -0.000140042 0.000049077 -0.000008948 1.000000000
1782722508.252259 -0.000498539 0.000081622 -0.000359873 0.000038227 0.000061328 -0.000022308 1.000000000
1782722508.285633 -0.000774911 -0.000389125 -0.000401347 -0.000090914 0.000134043 -0.000028001 1.000000000
1782722508.319007 -0.000190968 -0.000311083 -0.000364763 -0.000080397 0.000033869 0.000000628 1.000000000
1782722508.352381 -0.000551623 -0.000117183 -0.000332796 -0.000003976 0.000029809 -0.000092546 1.000000000
1782722508.385755 -0.000203178 -0.001063208 -0.000381490 -0.000152877 0.000043825 -0.000083685 1.000000000
1782722508.419129 -0.000573062 -0.000726265 -0.000553481 -0.000130032 0.000085174 -0.000035201 1.000000000
1782722508.452503 -0.000462217 -0.000120371 -0.000295419 0.000003732 0.000061361 -0.000001618 1.000000000
1782722508.485877 -0.000586411 -0.000303323 -0.000234905 -0.000024545 0.000071355 -0.000094543 1.000000000
1782722508.519252 -0.000366808 -0.000615707 -0.000149692 -0.000151780 0.000063911 -0.000021028 1.000000000
1782722508.552626 -0.000361905 -0.000581913 -0.000776674 -0.000090465 0.000047767 -0.000072051 1.000000000
1782722508.586000 -0.000560674 -0.000506959 -0.000354699 -0.000070683 0.000068932 -0.000092537 1.000000000
1782722508.619374 -0.000491870 -0.000372519 -0.000300353 -0.000095616 0.000090726 -0.000057802 1.000000000
1782722508.652748 -0.000561070 -0.000432673 -0.000375384 -0.000071534 0.000084611 -0.000113427 1.000000000
1782722508.686122 -0.000576533 -0.000132508 -0.000214353 -0.000033700 0.000097416 0.000018278 1.000000000
1782722508.719496 -0.000769262 -0.000587973 -0.000284306 -0.000119422 0.000093081 -0.000066412 1.000000000
1782722508.752870 -0.000602666 -0.000114481 -0.000387064 0.000003882 0.000076995 0.000030342 1.000000000
1782722508.786244 -0.000600878 -0.000737062 -0.000277739 -0.000175434 0.000065270 -0.000006447 1.000000000
1782722508.819618 -0.000595669 -0.000122649 -0.000309218 0.000008096 0.000049031 -0.000096115 1.000000000
1782722508.852993 -0.000467100 -0.000062762 -0.000575097 0.000005726 0.000052508 0.000000424 1.000000000
1782722508.886367 -0.000770404 -0.000399352 -0.000280100 -0.000086529 0.000100468 -0.000061293 1.000000000
1782722508.919741 0.000054435 -0.000192622 -0.000357227 0.000007452 -0.000016279 -0.000009221 1.000000000
1782722508.953115 -0.000537006 -0.000419478 -0.000678838 -0.000045348 0.000067579 -0.000028560 1.000000000
1782722508.986490 -0.000513405 0.000080211 -0.000377115 0.000028453 0.000064647 -0.000115866 1.000000000
1782722509.019864 -0.000502992 -0.000338744 -0.000387179 -0.000036726 0.000067773 -0.000119913 1.000000000
1782722509.053238 -0.000379271 -0.000254415 -0.000164812 -0.000065867 0.000027953 -0.000046288 1.000000000
1782722509.086612 -0.000174087 -0.000158291 0.000022215 -0.000026588 -0.000042393 0.000003637 1.000000000
1782722509.119987 -0.000512258 -0.000186832 -0.000053016 -0.000024130 0.000055288 -0.000059598 1.000000000
1782722509.153361 -0.000438927 -0.000168257 -0.000529746 -0.000076534 0.000076641 0.000057620 1.000000000
1782722509.186736 -0.000127965 -0.000225654 0.000057313 -0.000058474 -0.000023668 0.000026582 1.000000000
1782722509.220111 -0.000688233 -0.000334761 -0.000524422 -0.000042348 0.000121486 -0.000038696 1.000000000
1782722509.253485 -0.000323827 -0.000388951 -0.000298094 -0.000076070 0.000041714 -0.000039172 1.000000000
1782722509.286860 -0.000590016 0.000113903 -0.000333565 0.000020021 0.000058000 -0.000095586 1.000000000
1782722509.320234 -0.000173504 -0.000351053 -0.000270594 -0.000106237 0.000012209 -0.000014761 1.000000000
1782722509.353608 -0.000262356 -0.000030457 0.000170400 0.000010661 0.000008499 -0.000020806 1.000000000
1782722509.386983 -0.000432841 -0.000024100 -0.000253373 -0.000020549 0.000055153 -0.000004986 1.000000000
1782722509.420357 -0.000295117 -0.000609661 -0.000553037 -0.000134577 0.000055532 -0.000096751 1.000000000
1782722509.453731 0.000048066 -0.000656307 -0.000268565 -0.000122108 -0.000038984 0.000068503 1.000000000
1782722509.487106 -0.000364735 -0.000864712 -0.000152134 -0.000227450 0.000052986 -0.000001777 1.000000000
1782722509.520480 -0.000611177 -0.000305664 -0.000283634 -0.000055882 0.000074773 -0.000054130 1.000000000
1782722509.553854 -0.000467880 -0.000076267 -0.000360573 -0.000010612 0.000049137 -0.000018765 1.000000000
1782722509.587229 -0.000799562 -0.000033056 -0.000340655 0.000056108 0.000103171 -0.000111376 1.000000000
1782722509.620603 -0.000566434 -0.000327952 -0.000183160 -0.000040131 0.000052700 -0.000035778 1.000000000
1782722509.653978 -0.000108684 -0.000245124 -0.000216101 -0.000029957 -0.000008901 -0.000009418 1.000000000
1782722509.687352 -0.000460810 -0.000027772 0.000149037 -0.000000359 0.000029541 0.000050532 1.000000000
1782722509.720726 -0.000520547 -0.000052537 -0.000350607 -0.000022182 0.000013496 -0.000019396 1.000000000
1782722509.754101 -0.000479051 0.000062768 0.000071475 0.000015405 0.000017833 -0.000001197 1.000000000
1782722509.787475 -0.000183096 -0.000064075 -0.000032332 -0.000007253 -0.000074545 -0.000069187 1.000000000
1782722509.820850 -0.000269553 -0.000195454 -0.000492929 0.000032208 -0.000007594 -0.000071790 1.000000000
1782722509.854224 -0.000274722 0.000148522 -0.000229637 0.000035043 0.000015624 0.000027973 1.000000000
1782722509.887598 0.000059651 -0.000325160 -0.000453437 -0.000019912 -0.000028381 -0.000038079 1.000000000
1782722509.920973 -0.000215476 -0.000247496 -0.000452803 -0.000004121 0.000023915 -0.000015543 1.000000000
1782722509.954347 -0.000494174 -0.000223758 -0.000350750 0.000013781 0.000065733 -0.000133555 1.000000000
1782722509.987720 -0.000572711 -0.000407283 -0.000405558 -0.000062922 0.000137557 -0.000008941 1.000000000
1782722510.021094 -0.000328700 -0.000744698 -0.000415828 -0.000167054 0.000038786 -0.000101226 1.000000000
1782722510.054467 -0.000255075 -0.000356052 -0.000332339 -0.000056641 -0.000033954 -0.000011794 1.000000000
1782722510.087840 -0.000211191 -0.000047011 -0.000284349 0.000012712 -0.000051486 -0.000071901 1.000000000
1782722510.121214 0.000127491 0.000088373 -0.000386476 0.000046549 -0.000096152 -0.000035336 1.000000000
1782722510.154587 -0.000347664 -0.000424562 -0.000319266 -0.000096917 0.000026240 0.000024525 1.000000000
1782722510.187960 -0.000414099 -0.000059717 -0.000149421 0.000006447 0.000015161 -0.000049597 1.000000000
1782722510.221334 -0.000220630 -0.000009765 -0.000289111 0.000034072 0.000042069 -0.000142723 1.000000000
1782722510.254707 -0.000537608 -0.000451541 -0.000409681 -0.000074820 0.000052109 -0.000047106 1.000000000
1782722510.288080 -0.000317068 -0.000279542 -0.000295455 -0.000034461 0.000017456 -0.000070046 1.000000000
1782722510.321454 -0.000382637 -0.000237288 -0.000555715 -0.000015931 0.000019433 -0.000066303 1.000000000
1782722510.354827 -0.000117533 -0.000173750 -0.000176955 -0.000013046 -0.000056481 -0.000044778 1.000000000
1782722510.388200 -0.000274435 -0.000046878 0.000026936 0.000001775 -0.000033969 0.000014549 1.000000000
1782722510.421573 -0.000283585 -0.000298880 -0.000310993 -0.000026837 0.000011119 -0.000090463 1.000000000
1782722510.454947 -0.000403158 -0.000291946 -0.000336668 -0.000046761 0.000026735 -0.000060075 1.000000000
1782722510.488320 -0.000169473 -0.000496123 -0.000327929 -0.000079333 0.000104825 -0.000008213 1.000000000
1782722510.521693 -0.000586304 -0.000281635 -0.000445752 -0.000023879 0.000167982 -0.000068295 1.000000000
