1781254341.275435 0.0000000 0.0000000 0.0000000 -0.0000000 -0.0000000 -0.0000000 1.0000000
1781254343.199015 0.1182846 -0.0028949 0.0037967 -0.0001203 0.0054953 -0.0015035 0.9999838
1781254343.232392 0.1251749 -0.0034733 0.0043050 -0.0002089 0.0051111 -0.0013418 0.9999861
1781254343.399280 0.1612400 -0.0031956 0.0085866 -0.0000902 0.0009803 -0.0013527 0.9999986
1781254343.666371 0.2204099 -0.0045133 0.0180410 -0.0007145 -0.0082544 -0.0014131 0.9999647
1781254343.900196 0.2750981 -0.0039186 0.0278497 -0.0006906 -0.0145576 -0.0006897 0.9998936
1781254344.134053 0.3310733 -0.0034741 0.0394773 -0.0009827 -0.0216664 -0.0005097 0.9997646
1781254344.434775 0.4078547 -0.0036634 0.0558463 -0.0010213 -0.0315710 0.0000311 0.9995010
1781254344.768739 0.4973580 -0.0032594 0.0769328 -0.0013171 -0.0422349 0.0000367 0.9991069
1781254345.202730 0.6126514 -0.0029696 0.1057198 -0.0017929 -0.0549866 0.0010734 0.9984849
1781254346.104018 0.8698857 -0.0039454 0.1714977 -0.0010137 -0.0616598 0.0014351 0.9980957
1781254346.604694 1.0378867 -0.0071036 0.1947788 -0.0013619 -0.0366663 0.0009495 0.9993262
1781254346.938497 1.1542164 -0.0088602 0.1936693 -0.0002620 -0.0095926 -0.0006064 0.9999538
1781254347.305689 1.2835886 -0.0152716 0.1803168 -0.0011460 0.0247648 -0.0021850 0.9996903
1781254347.672870 1.4008754 -0.0160164 0.1668809 -0.0006836 0.0545876 -0.0052203 0.9984951
1781254348.140128 1.5290487 -0.0187976 0.1624522 -0.0013724 0.0746667 -0.0066259 0.9971856
1781254348.841018 1.7161070 -0.0227364 0.1696387 -0.0018109 0.0612007 -0.0064415 0.9981031
1781254349.475172 1.8681393 -0.0250616 0.1696029 -0.0017264 0.0532676 -0.0064098 0.9985582
1781254350.209406 2.0621183 -0.0287431 0.1614057 -0.0021180 0.0563869 -0.0062481 0.9983872
1781254350.810155 2.2267728 -0.0334229 0.1474707 -0.0024856 0.0603887 -0.0058641 0.9981546
1781254351.344195 2.3752327 -0.0412276 0.1269579 -0.0035206 0.0784249 -0.0065649 0.9968922
1781254351.844904 2.5206726 -0.0473663 0.0873160 -0.0032401 0.1174934 -0.0102109 0.9930159
1781254352.245527 2.6456478 -0.0522613 0.0440970 -0.0029664 0.1557728 -0.0130218 0.9877027
1781254352.612776 2.7499557 -0.0591366 -0.0073314 -0.0035062 0.2254128 -0.0173069 0.9741033
1781254353.246946 2.8849583 -0.0656791 -0.0822791 -0.0005587 0.3533983 -0.0250965 0.9351361
1781254354.515182 3.0243292 -0.0737520 -0.2576357 0.0054846 0.5557307 -0.0370538 0.8305181
1781254355.249379 3.0482607 -0.0798995 -0.4025524 0.0090848 0.6710174 -0.0431926 0.7401268
1781254355.850102 3.0426784 -0.0886577 -0.5235183 0.0104683 0.7484603 -0.0469022 0.6614362
1781254356.784607 2.9769497 -0.1005976 -0.7088840 0.0116315 0.8372128 -0.0515941 0.5443138
1781254357.618939 2.8582244 -0.1110524 -0.8509054 0.0118743 0.9086958 -0.0554406 0.4135907
1781254358.253109 2.7428319 -0.1156048 -0.9252341 0.0129507 0.9507404 -0.0564293 0.3045337
1781254358.720390 2.6545682 -0.1181290 -0.9574902 0.0135857 0.9715981 -0.0577409 0.2290819
1781254359.120903 2.5847774 -0.1159422 -0.9718077 0.0147661 0.9850849 -0.0585074 0.1611418
1781254359.521413 2.5103376 -0.1159197 -0.9732863 0.0155719 0.9942461 -0.0589062 0.0881037
1781254359.855181 2.4430366 -0.1140421 -0.9655778 0.0163742 0.9979187 -0.0588517 0.0206561
1781254360.322458 2.3488529 -0.1065139 -0.9412234 -0.0175840 -0.9946321 0.0587421 0.0833507
1781254361.156882 2.1854837 -0.0997651 -0.8567347 -0.0182174 -0.9692038 0.0570150 0.2388754
1781254362.024663 2.0463486 -0.0908543 -0.7471455 -0.0168722 -0.9355176 0.0541762 0.3486935
1781254362.825670 1.9013995 -0.0795966 -0.6103487 -0.0165082 -0.9201434 0.0534040 0.3875715
1781254363.459799 1.7650915 -0.0714611 -0.5154568 -0.0166664 -0.9295922 0.0534590 0.3643115
1781254364.260858 1.6055639 -0.0627136 -0.4338882 -0.0164432 -0.9456058 0.0546782 0.3202649
1781254365.328947 1.3786752 -0.0573687 -0.3978304 -0.0160547 -0.9738916 0.0554222 0.2195583
1781254366.196739 1.1998775 -0.0565203 -0.4156273 -0.0157416 -0.9907942 0.0567996 0.1218725
1781254366.764140 1.0894794 -0.0561610 -0.4490768 -0.0152206 -0.9968480 0.0583385 0.0515657
1781254367.264804 0.9908090 -0.0557441 -0.5002051 0.0151378 0.9980161 -0.0587644 0.0167749
1781254367.932360 0.8725774 -0.0581255 -0.5856892 0.0152935 0.9928841 -0.0581745 0.1027764
1781254368.666673 0.7626257 -0.0622589 -0.6977912 0.0146040 0.9791280 -0.0563674 0.1947249
1781254369.267469 0.6839540 -0.0680965 -0.8170410 0.0139391 0.9592078 -0.0556073 0.2768282
1781254369.868789 0.6229249 -0.0731799 -0.9371632 0.0128783 0.9327138 -0.0556705 0.3560616
1781254370.404115 0.5852060 -0.0802114 -1.0573478 0.0118369 0.9045495 -0.0537637 0.4227997
1781254371.605983 0.4915378 -0.0922339 -1.2659376 0.0119513 0.9020007 -0.0523948 0.4283770
1781254372.640336 0.3305402 -0.0940394 -1.3446368 0.0130884 0.9600944 -0.0560515 0.2736891
1781254373.674790 0.1407292 -0.0928586 -1.3673394 0.0120332 0.9940319 -0.0578036 0.0917306
1781254376.911511 -0.1255788 -0.0610301 -1.1945173 -0.0093560 -0.9903865 0.0626589 0.1229672
1781254378.513150 -0.2915741 -0.0453537 -0.9909019 -0.0096515 -0.9783406 0.0619777 0.1972694
1781254379.614477 -0.4385732 -0.0353520 -0.8451210 -0.0093044 -0.9697998 0.0627421 0.2355104
1781254380.515424 -0.5660155 -0.0251436 -0.7370467 -0.0100156 -0.9658815 0.0628125 0.2510521
1781254381.483104 -0.7374161 -0.0127497 -0.5853480 -0.0129583 -0.9534624 0.0631703 0.2945355
1781254382.550921 -0.8371711 -0.0020243 -0.4391291 -0.0133521 -0.9194722 0.0613614 0.3881073
1781254384.286122 -0.7579021 0.0154975 -0.1483659 -0.0089944 -0.7929310 0.0519411 0.6070269
1781254385.854753 -0.5107155 0.0142786 -0.0251521 -0.0060200 -0.6070480 0.0388435 0.7936924
1781254387.358118 -0.2935129 0.0146362 0.0136975 -0.0042158 -0.4222991 0.0273499 0.9060341
1781254390.028390 -0.0943177 0.0008136 -0.0417359 -0.0031035 -0.1869698 0.0099472 0.9823104
1781254391.930693 -0.0061319 -0.0045948 -0.0664697 -0.0029508 0.0201471 -0.0016903 0.9997913
1781254398.405294 -0.1458977 -0.1526373 -0.0342457 0.0097173 -0.1093266 -0.0244633 0.9936573
1781254398.872625 -0.1766729 -0.1379719 -0.0211607 -0.0295386 -0.1816434 -0.0085820 0.9828833
1781254400.107832 -0.0445254 -0.0733509 0.0777775 -0.1179469 0.0498189 -0.0005716 0.9917693
1781254401.809829 -0.0047942 -0.2212942 0.0634599 0.0236785 0.0910481 -0.0646314 0.9934648
1781254403.545400 -0.1488531 -0.1074122 0.0500534 -0.1065746 -0.0717760 -0.0073155 0.9916837
1781254404.379818 -0.0239916 -0.1343712 0.0567850 -0.0218783 0.0266734 -0.0336829 0.9988370
1781254406.048570 0.0376916 -0.2500978 0.0115045 0.0773330 0.0661506 -0.0555088 0.9932585
1781254410.487482 0.0296335 -0.2691752 0.1343060 0.0072779 0.1436119 -0.0492519 0.9883810
1781254413.591587 -0.0345905 0.0075834 0.1107916 0.0003148 0.0201781 0.0007230 0.9997961
