1781254004.643377 0.000000 0.000000 0.000000 0.000000 0.000000 0.000000 1.000000
1781254008.049663 0.117585 -0.003687 -0.002959 0.001519 0.031602 -0.002854 0.999495
1781254009.318312 0.248006 -0.000034 -0.000064 0.003848 0.074031 -0.005899 0.997231
1781254010.520413 0.372858 -0.005117 -0.007014 0.003021 0.108178 -0.007710 0.994097
1781254011.790521 0.503591 -0.005348 -0.018784 0.004249 0.190645 -0.014995 0.981535
1781254012.793474 0.627442 -0.006928 -0.065444 0.005593 0.269562 -0.020018 0.962759
1781254013.794187 0.706746 -0.010479 -0.126709 0.007498 0.390166 -0.026588 0.920330
1781254014.795110 0.772415 -0.017480 -0.225463 0.008934 0.509948 -0.032026 0.859563
1781254015.896217 0.801933 -0.025286 -0.330668 0.010031 0.638302 -0.039272 0.768719
1781254017.064193 0.770454 -0.037164 -0.440312 0.010217 0.771469 -0.042471 0.634765
1781254018.098687 0.721718 -0.042749 -0.579664 0.012379 0.834043 -0.047680 0.549496
1781254019.266561 0.623832 -0.049336 -0.719884 0.014684 0.885896 -0.051317 0.460802
1781254020.368130 0.519650 -0.053383 -0.859806 0.013760 0.912539 -0.054883 0.405057
1781254021.436011 0.414084 -0.062734 -0.985395 0.013687 0.922092 -0.053892 0.382956
1781254024.372753 0.026671 -0.072079 -1.455686 0.011168 0.929526 -0.058979 0.363838
1781254025.674325 -0.076636 -0.081587 -1.638994 0.010103 0.906399 -0.056698 0.418478
1781254026.708718 -0.128577 -0.089079 -1.748633 0.009607 0.901463 -0.057318 0.428937
1781254027.777085 -0.222988 -0.102099 -1.915702 0.009512 0.904105 -0.057665 0.423295
1781254032.517740 -0.755061 -0.121086 -2.509381 0.010185 0.932282 -0.060594 0.356476
1781254033.585941 -0.939870 -0.130360 -2.665163 0.010059 0.937113 -0.060558 0.343586
1781254034.654116 -1.091517 -0.139322 -2.838078 0.009935 0.928624 -0.061059 0.365828
1781254035.722277 -1.245391 -0.148746 -2.991607 0.009614 0.934710 -0.061740 0.349877
1781254036.723738 -1.382983 -0.156319 -3.140480 0.009408 0.937847 -0.060703 0.341568
1781254037.992067 -1.567111 -0.163730 -3.321076 0.010426 0.949194 -0.062243 0.308298
1781254039.093572 -1.777760 -0.164941 -3.365289 0.010841 0.990354 -0.065075 0.121844
1781254040.161712 -1.988936 -0.155985 -3.307616 0.011610 0.994357 -0.067406 -0.081093
1781254041.365904 -2.163939 -0.143476 -3.165541 0.013298 0.949959 -0.066359 -0.304955
1781254042.467128 -2.317975 -0.130363 -3.001327 0.011363 0.898797 -0.062433 -0.433748
1781254043.468268 -2.363698 -0.130938 -2.837131 -0.011246 -0.811677 0.050618 0.581800
1781254044.569505 -2.345722 -0.115411 -2.647784 -0.011699 -0.712260 0.044666 0.700396
1781254045.737363 -2.298795 -0.104434 -2.392218 -0.012044 -0.675757 0.041613 0.735851
1781254046.905354 -2.285341 -0.087941 -2.171478 -0.011388 -0.627158 0.040152 0.777773
1781254047.939870 -2.150133 -0.088482 -2.085177 -0.011379 -0.471326 0.028479 0.881426
1781254049.174638 -1.866944 -0.097400 -1.984589 -0.010932 -0.302066 0.018813 0.953039
1781254050.209223 -1.669068 -0.095270 -1.920366 -0.008830 -0.210454 0.013215 0.977475
1781254051.744383 -1.347287 -0.092451 -1.869043 -0.006975 -0.148670 0.008920 0.988822
1781254053.613220 -1.057688 -0.079368 -1.580373 -0.008909 -0.317086 0.016720 0.948207
1781254055.248482 -0.967112 -0.065432 -1.326516 -0.009125 -0.455980 0.026385 0.889552
1781254056.717088 -0.943984 -0.051880 -1.116633 -0.010892 -0.570714 0.034195 0.820364
1781254057.752793 -0.976255 -0.040389 -0.935875 -0.012543 -0.671546 0.039563 0.739800
1781254058.820983 -1.079999 -0.025149 -0.754996 -0.011719 -0.781062 0.046530 0.622607
1781254059.856780 -1.197505 -0.018020 -0.615953 -0.013062 -0.846460 0.050264 0.529914
1781254060.892816 -1.256749 0.001518 -0.389582 -0.010318 -0.730635 0.044458 0.681242
1781254062.060759 -1.182908 0.013577 -0.181828 -0.006620 -0.582647 0.034416 0.811969
1781254063.061846 -1.108823 0.024090 0.020697 -0.006057 -0.549152 0.030920 0.835128
1781254064.363256 -0.961485 0.028297 0.094768 -0.001839 -0.275494 0.014975 0.961185
1781254065.431152 -0.698350 0.009720 0.068250 -0.001737 -0.041858 0.001386 0.999121
1781254066.465726 -0.452824 0.001718 0.020989 0.001826 0.087390 -0.006173 0.996153
1781254067.466850 -0.228792 0.005912 0.025780 0.002558 0.051159 -0.005542 0.998672
1781254068.568138 -0.000170 0.001946 0.046475 0.001827 0.005762 -0.001231 0.999981
1781254070.003203 0.345861 -0.003344 0.033267 0.001472 -0.020646 0.001608 0.999784
1781254071.037765 0.564902 -0.001312 0.028388 0.003685 0.087090 -0.009784 0.996146
1781254072.539460 0.887930 -0.013157 -0.142640 0.008323 0.369697 -0.024394 0.928795
1781254111.024574 -0.393760 0.000939 0.036623 -0.000402 0.009301 -0.000822 0.999956
1781254112.227037 -0.066239 0.003910 0.058910 0.000725 -0.046868 0.002169 0.998899
1781254113.297619 0.317457 -0.004015 0.044379 0.001497 0.058845 -0.002709 0.998262
1781254114.366099 0.621155 -0.006898 -0.085107 0.007706 0.333348 -0.022328 0.942508
1781254115.500654 0.668700 -0.025451 -0.320000 0.010800 0.664593 -0.038628 0.746128
1781254116.601929 0.528240 -0.042594 -0.650647 0.013430 0.805164 -0.047450 0.590999
1781254117.603130 0.339383 -0.056774 -0.912276 0.012644 0.873913 -0.050534 0.483283
1781254118.671399 0.174112 -0.065080 -1.179298 0.011810 0.879436 -0.052665 0.472948
1781254119.739188 0.018738 -0.076267 -1.476266 0.009169 0.872686 -0.053590 0.485245
1781254120.907101 -0.129222 -0.095240 -1.817244 0.009783 0.855560 -0.052513 0.514941
1781254122.141695 -0.358247 -0.098664 -2.136798 0.012801 0.905200 -0.060694 0.420435
1781254123.810144 -0.688683 -0.114665 -2.458278 0.012214 0.939531 -0.062495 0.336492
1781254124.811203 -0.922749 -0.122585 -2.638602 0.010745 0.934008 -0.062753 0.351534
1781254125.812264 -1.124084 -0.143122 -2.852241 0.009815 0.929486 -0.059155 0.363952
1781254126.846679 -1.336373 -0.149506 -3.038763 0.010470 0.948893 -0.062104 0.309251
1781254127.847799 -1.631133 -0.150284 -3.128265 0.016280 0.992164 -0.064579 0.105713
1781254128.849396 -1.961344 -0.146821 -3.081048 0.016149 0.986733 -0.061397 -0.149423
1781254129.918458 -2.263838 -0.127105 -2.834368 0.013651 0.880374 -0.053721 -0.471030
1781254130.986554 -2.333674 -0.106303 -2.531436 -0.012748 -0.744508 0.047493 0.665800
1781254132.154794 -2.196898 -0.102991 -2.209397 -0.012567 -0.520646 0.030431 0.853138
1781254133.189517 -1.905039 -0.097894 -2.031457 -0.009333 -0.266571 0.015876 0.963639
1781254134.257837 -1.529400 -0.098959 -1.917628 -0.008940 -0.182436 0.011198 0.983113
1781254135.392859 -1.213047 -0.084237 -1.679171 -0.008634 -0.284286 0.016733 0.958555
1781254136.861573 -0.979153 -0.064334 -1.312917 -0.009851 -0.487179 0.028829 0.872770
1781254138.263476 -0.999389 -0.040599 -0.927582 -0.013588 -0.713761 0.042722 0.698953
1781254139.498501 -1.157424 -0.017886 -0.612217 -0.013210 -0.806348 0.047919 0.589350
1781254140.499851 -1.156830 -0.004532 -0.322003 -0.012645 -0.654776 0.037917 0.754765
1781254141.501166 -1.051706 0.006652 -0.096627 -0.009000 -0.457788 0.023675 0.888700
1781254142.535875 -0.815242 0.002689 0.005263 -0.005017 -0.168522 0.006072 0.985666
1781254143.737501 -0.437149 -0.015196 -0.037454 -0.001085 -0.001970 -0.008733 0.999959
1781254144.738858 -0.104693 -0.021703 -0.023900 -0.001475 -0.053713 -0.006470 0.998534
1781254145.773599 0.280283 -0.027563 0.017260 -0.001015 -0.093761 -0.002079 0.995592
1781254146.841703 0.604142 -0.033263 0.121741 -0.006024 -0.187705 0.002034 0.982205
1781254148.043356 0.701930 -0.034243 0.148367 -0.005659 -0.183801 0.000693 0.982947
