0.000000 0.000000 0.000000 -0.698350 0.009720 0.068250
0.000000 0.000000 0.000000 -0.000170 0.001946 0.046475
0.000000 0.000000 0.000000 -0.066239 0.003910 0.058910
0.117585 -0.003687 -0.002959 -0.452824 0.001718 0.020989
0.117585 -0.003687 -0.002959 -0.228792 0.005912 0.025780
0.503591 -0.005348 -0.018784 0.564902 -0.001312 0.028388
0.801933 -0.025286 -0.330668 0.668700 -0.025451 -0.320000
0.026671 -0.072079 -1.455686 0.018738 -0.076267 -1.476266
-0.128577 -0.089079 -1.748633 -0.129222 -0.095240 -1.817244
-0.755061 -0.121086 -2.509381 -0.688683 -0.114665 -2.458278
-0.939870 -0.130360 -2.665163 -0.922749 -0.122585 -2.638602
-1.091517 -0.139322 -2.838078 -1.124084 -0.143122 -2.852241
-1.382983 -0.156319 -3.140480 -1.336373 -0.149506 -3.038763
-2.345722 -0.115411 -2.647784 -2.333674 -0.106303 -2.531436
-1.866944 -0.097400 -1.984589 -1.905039 -0.097894 -2.031457
-1.669068 -0.095270 -1.920366 -1.529400 -0.098959 -1.917628
-1.057688 -0.079368 -1.580373 -1.213047 -0.084237 -1.679171
-0.967112 -0.065432 -1.326516 -0.979153 -0.064334 -1.312917
-0.976255 -0.040389 -0.935875 -0.999389 -0.040599 -0.927582
-1.197505 -0.018020 -0.615953 -1.157424 -0.017886 -0.612217
-0.698350 0.009720 0.068250 0.000000 0.000000 0.000000
-0.452824 0.001718 0.020989 0.117585 -0.003687 -0.002959
-0.228792 0.005912 0.025780 0.117585 -0.003687 -0.002959
-0.000170 0.001946 0.046475 0.000000 0.000000 0.000000
0.564902 -0.001312 0.028388 0.503591 -0.005348 -0.018784
-0.066239 0.003910 0.058910 0.000000 0.000000 0.000000
0.668700 -0.025451 -0.320000 0.801933 -0.025286 -0.330668
0.018738 -0.076267 -1.476266 0.026671 -0.072079 -1.455686
-0.129222 -0.095240 -1.817244 -0.128577 -0.089079 -1.748633
-0.688683 -0.114665 -2.458278 -0.755061 -0.121086 -2.509381
-0.922749 -0.122585 -2.638602 -0.939870 -0.130360 -2.665163
-1.124084 -0.143122 -2.852241 -1.091517 -0.139322 -2.838078
-1.336373 -0.149506 -3.038763 -1.382983 -0.156319 -3.140480
-2.333674 -0.106303 -2.531436 -2.345722 -0.115411 -2.647784
-1.905039 -0.097894 -2.031457 -1.866944 -0.097400 -1.984589
-1.529400 -0.098959 -1.917628 -1.669068 -0.095270 -1.920366
-1.213047 -0.084237 -1.679171 -1.057688 -0.079368 -1.580373
-0.979153 -0.064334 -1.312917 -0.967112 -0.065432 -1.326516
-0.999389 -0.040599 -0.927582 -0.976255 -0.040389 -0.935875
-1.157424 -0.017886 -0.612217 -1.197505 -0.018020 -0.615953
