1781254341.498186 0.0000000 0.0000000 0.0000000 -0.0000000 -0.0000000 -0.0000000 1.0000000
1781254343.265769 0.1345175 -0.0027793 0.0041316 -0.0002087 0.0032271 -0.0010925 0.9999942
1781254343.299146 0.1409693 -0.0023754 0.0053334 0.0000265 0.0024769 -0.0012978 0.9999961
1781254343.499413 0.1852554 -0.0031177 0.0107926 -0.0000913 -0.0040915 -0.0011145 0.9999910
1781254343.733175 0.2383218 -0.0030779 0.0197182 0.0000201 -0.0100849 -0.0006430 0.9999490
1781254344.000416 0.3010066 -0.0037919 0.0310748 -0.0007409 -0.0181193 -0.0001753 0.9998356
1781254344.301114 0.3751213 -0.0042048 0.0459664 -0.0016182 -0.0275625 0.0003199 0.9996188
1781254344.668591 0.4740368 -0.0041287 0.0679968 -0.0014676 -0.0397862 0.0006054 0.9992070
1781254344.935656 0.5440069 -0.0054112 0.0847332 -0.0023390 -0.0475499 0.0001477 0.9988661
1781254345.202730 0.6161722 -0.0047574 0.1023123 -0.0024097 -0.0557629 0.0013072 0.9984403
1781254345.469812 0.6869898 -0.0036170 0.1214780 -0.0020833 -0.0617043 0.0012863 0.9980915
1781254345.736860 0.7654046 -0.0048675 0.1417114 -0.0022683 -0.0640167 0.0023274 0.9979436
1781254346.003884 0.8432891 -0.0040692 0.1633561 -0.0013782 -0.0645209 0.0023480 0.9979126
1781254346.237531 0.9166523 -0.0050204 0.1785234 -0.0012208 -0.0587354 0.0027509 0.9982691
1781254346.537936 1.0166324 -0.0054404 0.1923037 -0.0011126 -0.0405993 0.0017289 0.9991734
1781254346.804975 1.1067218 -0.0073292 0.1953814 -0.0008528 -0.0202082 0.0008857 0.9997951
1781254347.072020 1.2027565 -0.0082441 0.1897288 0.0003925 0.0032661 -0.0006525 0.9999944
1781254347.305689 1.2849847 -0.0126526 0.1813369 -0.0004653 0.0248748 -0.0022047 0.9996880
1781254347.706246 1.4123565 -0.0150690 0.1656662 -0.0003662 0.0576816 -0.0047811 0.9983235
1781254348.240254 1.5573463 -0.0171716 0.1647310 -0.0014872 0.0723838 -0.0062405 0.9973562
1781254348.640758 1.6655102 -0.0187592 0.1687235 -0.0011638 0.0645209 -0.0062253 0.9978963
1781254348.941148 1.7430336 -0.0213392 0.1716557 -0.0018198 0.0589193 -0.0069561 0.9982369
1781254349.274913 1.8251101 -0.0233288 0.1717784 -0.0015915 0.0539288 -0.0065657 0.9985219
1781254349.508548 1.8807843 -0.0254197 0.1694489 -0.0024365 0.0523437 -0.0072468 0.9985999
1781254349.742172 1.9413353 -0.0254840 0.1681170 -0.0020751 0.0534099 -0.0072532 0.9985442
1781254350.009164 2.0114608 -0.0259118 0.1659165 -0.0018746 0.0542869 -0.0072416 0.9984974
1781254350.209406 2.0651429 -0.0266312 0.1632697 -0.0018412 0.0560423 -0.0072084 0.9984007
1781254350.376273 2.1084375 -0.0277842 0.1605586 -0.0018357 0.0577927 -0.0070825 0.9983018
1781254350.576513 2.1624026 -0.0282849 0.1575963 -0.0017483 0.0584879 -0.0070524 0.9982617
1781254350.776777 2.2198834 -0.0294496 0.1531127 -0.0011271 0.0601267 -0.0071468 0.9981645
1781254351.010419 2.2884386 -0.0303462 0.1485896 -0.0007588 0.0634832 -0.0073017 0.9979559
1781254351.277439 2.3635080 -0.0334561 0.1379140 -0.0007815 0.0730009 -0.0080440 0.9972991
1781254351.477705 2.4216695 -0.0359365 0.1258772 -0.0005071 0.0871662 -0.0085136 0.9961573
1781254351.711367 2.4897821 -0.0382935 0.1083568 -0.0004877 0.1046387 -0.0107014 0.9944527
1781254352.045214 2.5918944 -0.0428392 0.0763353 -0.0002090 0.1313912 -0.0128449 0.9912474
1781254352.312299 2.6755366 -0.0471849 0.0446641 -0.0006057 0.1643149 -0.0139734 0.9863088
1781254352.546002 2.7425494 -0.0513958 0.0128782 -0.0006073 0.2092032 -0.0169928 0.9777244
1781254352.913172 2.8312621 -0.0571921 -0.0358112 -0.0003437 0.2924917 -0.0219885 0.9560152
1781254353.614098 2.9622247 -0.0682474 -0.1271943 0.0022308 0.3985055 -0.0271667 0.9167608
1781254354.581927 3.0408924 -0.0753650 -0.2663459 0.0055524 0.5638112 -0.0383965 0.8249919
1781254355.182635 3.0622473 -0.0825812 -0.3825784 0.0075468 0.6578729 -0.0434332 0.7518376
1781254355.616474 3.0643792 -0.0906619 -0.4840102 0.0079715 0.7152141 -0.0467130 0.6972971
1781254356.250609 3.0470932 -0.0928445 -0.6078997 0.0112526 0.7833433 -0.0525156 0.6192648
1781254356.984850 2.9793439 -0.1004797 -0.7459662 0.0130660 0.8532844 -0.0570825 0.5181473
1781254357.685694 2.8754466 -0.1091982 -0.8579485 0.0126950 0.9118386 -0.0596371 0.4059960
1781254358.319865 2.7667480 -0.1124595 -0.9274328 0.0144078 0.9533587 -0.0612256 0.2952138
1781254358.787142 2.6800466 -0.1182602 -0.9546542 0.0146386 0.9732921 -0.0614852 0.2206985
1781254359.120903 2.6198678 -0.1169700 -0.9659474 0.0156290 0.9846125 -0.0620060 0.1626325
1781254359.454662 2.5575149 -0.1177350 -0.9667354 0.0166444 0.9926279 -0.0621525 0.1027132
1781254359.721673 2.5066772 -0.1154610 -0.9642444 0.0174427 0.9966362 -0.0623761 0.0502134
1781254360.055442 2.4381552 -0.1115570 -0.9520389 -0.0182868 -0.9976645 0.0622201 0.0214457
1781254360.422590 2.3644984 -0.1077790 -0.9231005 -0.0185382 -0.9924833 0.0614685 0.1041873
1781254360.756359 2.2973738 -0.1047457 -0.8914331 -0.0193407 -0.9829879 0.0607597 0.1722468
1781254361.056751 2.2431378 -0.1030510 -0.8567666 -0.0190228 -0.9727709 0.0598258 0.2231047
1781254361.423897 2.1758873 -0.0982955 -0.8138183 -0.0190229 -0.9589150 0.0587237 0.2768966
1781254361.690909 2.1353822 -0.0966822 -0.7812694 -0.0187273 -0.9484090 0.0576115 0.3112084
1781254362.024663 2.0817060 -0.0927686 -0.7351598 -0.0184735 -0.9358838 0.0564474 0.3472664
1781254362.358416 2.0240479 -0.0882659 -0.6811024 -0.0181347 -0.9259228 0.0559398 0.3731070
1781254362.592043 1.9816394 -0.0855291 -0.6403044 -0.0179116 -0.9221992 0.0551599 0.3823418
1781254362.959171 1.9067966 -0.0797233 -0.5758790 -0.0180371 -0.9213125 0.0552344 0.3844571
1781254363.359674 1.8184052 -0.0736173 -0.5141604 -0.0178658 -0.9276676 0.0554045 0.3688415
1781254363.660055 1.7522951 -0.0698944 -0.4759412 -0.0179492 -0.9340027 0.0557291 0.3524359
1781254364.027212 1.6817617 -0.0658139 -0.4417924 -0.0176533 -0.9404904 0.0559353 0.3347199
1781254364.294236 1.6278366 -0.0626772 -0.4207790 -0.0178483 -0.9471805 0.0569866 0.3150923
1781254364.628017 1.5592579 -0.0595610 -0.4061533 -0.0178662 -0.9563163 0.0575448 0.2860570
1781254364.961792 1.4886388 -0.0573974 -0.3966439 -0.0178187 -0.9642783 0.0579805 0.2578531
1781254365.328947 1.4068347 -0.0560707 -0.3932591 -0.0171581 -0.9740439 0.0583478 0.2180357
1781254365.629345 1.3414203 -0.0553513 -0.3945473 -0.0168011 -0.9805557 0.0586985 0.1865012
1781254365.929729 1.2802007 -0.0561375 -0.4008142 -0.0162948 -0.9863788 0.0587611 0.1527697
1781254366.230115 1.2185060 -0.0560091 -0.4120730 -0.0162200 -0.9912809 0.0600006 0.1161854
1781254366.530499 1.1625458 -0.0556182 -0.4289443 -0.0158714 -0.9949234 0.0604753 0.0788572
1781254366.797518 1.1106125 -0.0555351 -0.4484650 -0.0155849 -0.9969816 0.0610474 0.0453658
1781254367.031161 1.0639284 -0.0560590 -0.4696567 -0.0156695 -0.9978794 0.0614554 0.0146400
1781254367.364938 0.9972759 -0.0572952 -0.5083227 0.0152008 0.9974664 -0.0611346 0.0330486
1781254367.732094 0.9316366 -0.0596166 -0.5535452 0.0151746 0.9948952 -0.0607136 0.0791650
1781254368.099249 0.8723118 -0.0615049 -0.6036524 0.0150403 0.9901565 -0.0603418 0.1253903
1781254368.399650 0.8269101 -0.0633200 -0.6490875 0.0152785 0.9848495 -0.0596300 0.1621183
1781254368.633296 0.7943945 -0.0643802 -0.6877402 0.0144054 0.9793118 -0.0592308 0.1929573
1781254368.833561 0.7668520 -0.0671378 -0.7245537 0.0141566 0.9740220 -0.0581884 0.2183918
1781254369.100581 0.7330710 -0.0696828 -0.7773957 0.0132672 0.9647422 -0.0580546 0.2563712
1781254369.300846 0.7093436 -0.0716011 -0.8181068 0.0127819 0.9570704 -0.0582955 0.2836452
1781254369.501112 0.6875428 -0.0730975 -0.8588828 0.0125559 0.9487819 -0.0583753 0.3102379
1781254369.734977 0.6651551 -0.0762909 -0.9068669 0.0123674 0.9384211 -0.0581304 0.3403435
1781254369.969153 0.6452105 -0.0786375 -0.9595691 0.0122596 0.9265205 -0.0577354 0.3715860
1781254370.337193 0.6209633 -0.0841497 -1.0419850 0.0115169 0.9073210 -0.0562226 0.4165034
1781254370.604894 0.6071848 -0.0871701 -1.0985519 0.0111641 0.8948269 -0.0552949 0.4428347
1781254370.905295 0.5888156 -0.0914006 -1.1586514 0.0111058 0.8858656 -0.0543665 0.4606118
1781254371.272327 0.5608766 -0.0947091 -1.2243289 0.0107740 0.8856575 -0.0542868 0.4610288
1781254371.605983 0.5240512 -0.0984618 -1.2653823 0.0112608 0.9007618 -0.0546618 0.4307128
1781254371.806186 0.4983009 -0.0985250 -1.2856981 0.0118833 0.9125186 -0.0556112 0.4050630
1781254372.006386 0.4701383 -0.0998595 -1.3011286 0.0116618 0.9253927 -0.0565307 0.3745888
1781254372.239949 0.4331037 -0.1001142 -1.3191676 0.0120130 0.9390605 -0.0572604 0.3387363
1781254372.473510 0.3962457 -0.1000952 -1.3350461 0.0121396 0.9516230 -0.0584915 0.3014053
1781254372.707076 0.3578441 -0.1005377 -1.3479367 0.0119249 0.9626099 -0.0594584 0.2640163
1781254372.974036 0.3108536 -0.1006091 -1.3586931 0.0119408 0.9735348 -0.0600929 0.2201735
1781254373.307732 0.2512954 -0.0998580 -1.3676890 0.0120979 0.9846188 -0.0604384 0.1634832
1781254373.641421 0.1856993 -0.1000025 -1.3674864 0.0121063 0.9930960 -0.0607613 0.0996084
1781254374.108582 0.1014130 -0.0989483 -1.3584514 0.0115057 0.9980220 -0.0611315 0.0090867
1781254376.077315 -0.0101034 -0.0897898 -1.2714361 -0.0121419 -0.9956172 0.0617537 0.0691773
1781254377.011616 -0.1092893 -0.0794058 -1.1706377 -0.0128455 -0.9906878 0.0621603 0.1204527
1781254377.612238 -0.1698853 -0.0730859 -1.1019603 -0.0127812 -0.9871913 0.0619386 0.1464701
1781254378.179485 -0.2275655 -0.0670386 -1.0285451 -0.0123026 -0.9829105 0.0617875 0.1729680
1781254378.579882 -0.2745802 -0.0624717 -0.9746255 -0.0120575 -0.9786685 0.0619248 0.1955200
1781254379.047112 -0.3325522 -0.0577329 -0.9117022 -0.0122187 -0.9740906 0.0618832 0.2171836
1781254379.514355 -0.3972371 -0.0531625 -0.8508627 -0.0117740 -0.9714398 0.0622436 0.2286741
1781254379.981538 -0.4646561 -0.0481962 -0.7978721 -0.0117678 -0.9689895 0.0623516 0.2388163
1781254380.482056 -0.5377904 -0.0421852 -0.7365524 -0.0124304 -0.9673663 0.0624954 0.2452391
1781254380.882476 -0.6114510 -0.0377054 -0.6733396 -0.0134300 -0.9635479 0.0620210 0.2599008
1781254381.282896 -0.6861102 -0.0308265 -0.6100569 -0.0147394 -0.9581825 0.0626062 0.2788362
1781254381.950273 -0.7744027 -0.0244136 -0.5141318 -0.0150627 -0.9431747 0.0613665 0.3262341
1781254382.617659 -0.8222616 -0.0178059 -0.4272504 -0.0150948 -0.9202320 0.0598434 0.3864765
1781254383.585385 -0.8259648 -0.0026428 -0.2740123 -0.0121099 -0.8693575 0.0569336 0.4907438
1781254384.586428 -0.7171397 0.0077948 -0.1018301 -0.0100145 -0.7716289 0.0513779 0.6339155
1781254385.420692 -0.5767532 0.0046857 -0.0422253 -0.0085743 -0.6751163 0.0440649 0.7363442
1781254386.456266 -0.3934741 -0.0008939 -0.0082537 -0.0085117 -0.5333916 0.0346161 0.8451169
1781254387.825576 -0.2361539 -0.0006163 0.0005720 -0.0076225 -0.3741668 0.0245354 0.9270055
1781254390.061762 -0.0835648 0.0001318 -0.0416247 -0.0033017 -0.1841009 0.0109031 0.9828414
1781254390.362110 -0.0548199 -0.0029002 -0.0464415 -0.0037977 -0.1414686 0.0080675 0.9899026
1781254391.863950 -0.0039103 -0.0056189 -0.0673951 -0.0032751 0.0122488 -0.0009676 0.9999192
1781254396.069024 -0.0348560 -0.0298488 -0.0461150 -0.0152709 0.0420734 -0.0107228 0.9989403
1781254398.205044 -0.1293120 -0.1609154 -0.0454685 0.0318576 -0.0752330 -0.0359997 0.9960066
1781254398.805847 -0.1680061 -0.1377142 -0.0231968 -0.0245376 -0.1812161 -0.0087595 0.9830981
1781254399.740731 -0.1142027 -0.0799701 0.0506022 -0.1082871 -0.0378849 -0.0054910 0.9933823
1781254400.074460 -0.0480359 -0.0712783 0.0758896 -0.1178836 0.0409150 -0.0006831 0.9921839
1781254400.341440 0.0121097 -0.0754023 0.0895292 -0.1097659 0.1052016 0.0034367 0.9883685
1781254400.641792 0.0573441 -0.0978072 0.0935665 -0.0794095 0.1567226 -0.0075000 0.9844165
1781254401.175757 0.0616084 -0.1663574 0.0846602 -0.0069671 0.1773735 -0.0442839 0.9831221
1781254401.776458 0.0010828 -0.2186140 0.0637450 0.0232300 0.0957638 -0.0650973 0.9930015
1781254402.810996 -0.1496119 -0.2043696 -0.0015593 -0.0003698 -0.1103935 -0.0388087 0.9931299
1781254404.813695 0.0316529 -0.1623806 0.0689685 0.0099286 0.0556261 -0.0568670 0.9967815
1781254405.547929 0.0450256 -0.2082008 0.0435878 0.0378989 0.0583504 -0.0808936 0.9942912
1781254405.848309 0.0472706 -0.2311755 0.0265985 0.0643567 0.0723058 -0.0643791 0.9932197
1781254406.148700 0.0294062 -0.2508626 0.0057351 0.0842774 0.0598187 -0.0562202 0.9930550
1781254406.649349 -0.0274712 -0.2625624 -0.0237932 0.0978157 -0.0043447 -0.0719974 0.9925873
1781254410.520859 0.0260325 -0.2687558 0.1410209 0.0086586 0.1487088 -0.0494945 0.9876037
1781254410.787880 -0.0274504 -0.3012359 0.1873410 0.0095312 0.1704486 -0.0495082 0.9840759
1781254411.054922 -0.0928261 -0.3241728 0.1966644 0.0211737 0.1492759 -0.0410196 0.9877175
1781254411.422105 -0.1824297 -0.3060065 0.1697417 0.0298919 0.0779222 -0.0251664 0.9961934
1781254411.689149 -0.2114196 -0.2523811 0.1286881 0.0248131 0.0212277 -0.0097186 0.9994195
1781254413.224459 -0.0378012 0.0054676 0.1070987 0.0023544 0.0158014 -0.0023313 0.9998697
