0.000000 0.000000 0.000000 -0.891885 0.016328 0.097129
0.000000 0.000000 0.000000 0.036392 0.004551 0.053420
0.639163 -0.010500 -0.063703 0.742666 -0.009987 -0.011972
0.768712 -0.024894 -0.238299 0.900731 -0.020749 -0.168334
0.788621 -0.033870 -0.342532 0.946691 -0.035724 -0.344021
0.788621 -0.033870 -0.342532 0.888385 -0.042449 -0.420373
0.759301 -0.039664 -0.442286 0.755952 -0.038129 -0.402976
0.700871 -0.048755 -0.578145 0.580055 -0.051585 -0.637092
-0.058080 -0.100524 -1.496397 -0.030358 -0.100001 -1.514070
-0.705175 -0.159110 -2.319881 -0.716703 -0.159966 -2.360797
-0.843365 -0.170892 -2.451244 -0.882494 -0.171054 -2.484128
-1.161091 -0.192600 -2.742017 -1.271349 -0.198441 -2.828134
-1.499926 -0.216355 -3.082274 -1.455703 -0.213166 -3.046497
-2.060639 -0.226760 -3.235436 -1.995684 -0.216685 -3.136476
-2.487231 -0.189802 -2.713117 -2.414167 -0.177454 -2.552340
-2.352023 -0.157054 -2.068120 -2.262039 -0.157234 -2.063809
-1.370950 -0.133519 -1.803523 -1.436004 -0.131672 -1.788296
-1.181787 -0.027269 -0.625335 -1.171499 -0.026942 -0.621335
-1.260539 -0.016928 -0.454930 -1.150315 -0.020518 -0.462097
-0.891885 0.016328 0.097129 0.000000 0.000000 0.000000
-0.891885 0.016328 0.097129 -0.677239 0.011858 0.063269
-0.891885 0.016328 0.097129 -0.836808 0.019740 0.032397
0.036392 0.004551 0.053420 0.000000 0.000000 0.000000
0.272811 0.001314 0.043930 0.182728 0.002359 0.063167
0.272811 0.001314 0.043930 0.217254 -0.001979 -0.006412
0.742666 -0.009987 -0.011972 0.639163 -0.010500 -0.063703
0.900731 -0.020749 -0.168334 0.768712 -0.024894 -0.238299
0.946691 -0.035724 -0.344021 0.788621 -0.033870 -0.342532
0.888385 -0.042449 -0.420373 0.788621 -0.033870 -0.342532
0.755952 -0.038129 -0.402976 0.759301 -0.039664 -0.442286
0.580055 -0.051585 -0.637092 0.700871 -0.048755 -0.578145
0.425667 -0.064611 -0.887241 0.377214 -0.062300 -0.827244
0.241037 -0.071668 -1.106492 0.132885 -0.077736 -1.185559
-0.030358 -0.100001 -1.514070 -0.058080 -0.100524 -1.496397
-0.030358 -0.100001 -1.514070 -0.026262 -0.095306 -1.463112
-0.882494 -0.171054 -2.484128 -0.843365 -0.170892 -2.451244
-0.882494 -0.171054 -2.484128 -0.969193 -0.175232 -2.529682
-1.271349 -0.198441 -2.828134 -1.161091 -0.192600 -2.742017
-1.455703 -0.213166 -3.046497 -1.499926 -0.216355 -3.082274
-1.694871 -0.224977 -3.182580 -1.828129 -0.213851 -3.060860
-1.995684 -0.216685 -3.136476 -2.060639 -0.226760 -3.235436
-2.414167 -0.177454 -2.552340 -2.487231 -0.189802 -2.713117
-2.414167 -0.177454 -2.552340 -2.429816 -0.179284 -2.553992
-2.262039 -0.157234 -2.063809 -2.352023 -0.157054 -2.068120
-2.262039 -0.157234 -2.063809 -2.236760 -0.159129 -2.079992
-1.737162 -0.133635 -1.860882 -1.557563 -0.137886 -1.835222
-1.436004 -0.131672 -1.788296 -1.370950 -0.133519 -1.803523
-1.075166 -0.038366 -0.722799 -1.031414 -0.050774 -0.890436
-1.150315 -0.020518 -0.462097 -1.260539 -0.016928 -0.454930
-0.677239 0.011858 0.063269 -0.891885 0.016328 0.097129
0.182728 0.002359 0.063167 0.272811 0.001314 0.043930
0.377214 -0.062300 -0.827244 0.425667 -0.064611 -0.887241
0.132885 -0.077736 -1.185559 0.241037 -0.071668 -1.106492
-0.026262 -0.095306 -1.463112 -0.030358 -0.100001 -1.514070
-0.716703 -0.159966 -2.360797 -0.705175 -0.159110 -2.319881
-0.969193 -0.175232 -2.529682 -0.882494 -0.171054 -2.484128
-1.828129 -0.213851 -3.060860 -1.694871 -0.224977 -3.182580
-2.429816 -0.179284 -2.553992 -2.414167 -0.177454 -2.552340
-2.236760 -0.159129 -2.079992 -2.262039 -0.157234 -2.063809
-1.557563 -0.137886 -1.835222 -1.737162 -0.133635 -1.860882
-1.031414 -0.050774 -0.890436 -1.075166 -0.038366 -0.722799
-1.171499 -0.026942 -0.621335 -1.181787 -0.027269 -0.625335
-0.836808 0.019740 0.032397 -0.891885 0.016328 0.097129
0.217254 -0.001979 -0.006412 0.272811 0.001314 0.043930
