1781254003.858013 0.000000 0.000000 0.000000 0.000000 0.000000 0.000000 1.000000
1781254008.316924 0.149893 -0.004114 -0.003718 0.001527 0.041074 -0.003081 0.999150
1781254009.351692 0.255448 -0.002123 -0.002473 0.003224 0.075528 -0.004815 0.997127
1781254010.453631 0.365399 -0.001674 -0.001198 0.004172 0.112464 -0.007139 0.993621
1781254011.857493 0.519691 -0.006332 -0.019729 0.003872 0.198064 -0.014193 0.980079
1781254012.926882 0.639163 -0.010500 -0.063703 0.004958 0.286243 -0.020163 0.957932
1781254013.927645 0.718017 -0.015240 -0.134490 0.007012 0.414829 -0.027819 0.909447
1781254015.028651 0.768712 -0.024894 -0.238299 0.007871 0.542674 -0.036229 0.839125
1781254016.163184 0.788621 -0.033870 -0.342532 0.009473 0.672670 -0.042634 0.738653
1781254017.164301 0.759301 -0.039664 -0.442286 0.011300 0.786999 -0.046870 0.615068
1781254018.165429 0.700871 -0.048755 -0.578145 0.012586 0.843413 -0.052665 0.534531
1781254019.333292 0.598466 -0.055912 -0.712530 0.014529 0.893647 -0.057598 0.444823
1781254020.501618 0.484420 -0.062907 -0.858520 0.014152 0.917373 -0.060019 0.393223
1781254021.669622 0.353924 -0.072630 -1.016514 0.013424 0.927999 -0.060210 0.367439
1781254022.670790 0.200998 -0.082138 -1.178091 0.012914 0.936188 -0.060770 0.345967
1781254023.738687 0.086478 -0.088512 -1.314511 0.011096 0.935767 -0.061461 0.347044
1781254024.973512 -0.058080 -0.100524 -1.496397 0.009629 0.926790 -0.058386 0.370889
1781254025.974630 -0.128367 -0.112254 -1.624055 0.007804 0.908193 -0.055847 0.414735
1781254027.009032 -0.199004 -0.117887 -1.763975 0.009960 0.904297 -0.057151 0.422945
1781254028.044468 -0.302955 -0.128266 -1.933304 0.009749 0.916846 -0.059113 0.394720
1781254029.046298 -0.426445 -0.141692 -2.057124 0.008195 0.929777 -0.059764 0.363148
1781254030.047621 -0.565868 -0.155850 -2.180892 0.006095 0.941759 -0.057309 0.331313
1781254031.149136 -0.705175 -0.159110 -2.319881 0.005337 0.942081 -0.059182 0.330080
1781254032.384214 -0.843365 -0.170892 -2.451244 0.003195 0.935559 -0.058624 0.348255
1781254033.385655 -0.994740 -0.174726 -2.584313 0.003087 0.940795 -0.060738 0.333476
1781254034.387086 -1.161091 -0.192600 -2.742017 0.002151 0.932061 -0.058327 0.357569
1781254035.622125 -1.339655 -0.204298 -2.921629 0.001308 0.938573 -0.060232 0.339780
1781254036.757114 -1.499926 -0.216355 -3.082274 0.001453 0.942081 -0.058610 0.330220
1781254037.891934 -1.654138 -0.226261 -3.243208 0.002167 0.948544 -0.059181 0.311059
1781254038.993433 -1.852142 -0.234474 -3.292149 0.003988 0.989220 -0.061713 0.132739
1781254040.061574 -2.060639 -0.226760 -3.235436 0.006042 0.994015 -0.062363 -0.089488
1781254041.165067 -2.268720 -0.213097 -3.102411 0.007454 0.955060 -0.061832 -0.289796
1781254042.233554 -2.419396 -0.200110 -2.935707 0.006200 0.902725 -0.059708 -0.426010
1781254043.601757 -2.487231 -0.189802 -2.713117 -0.004898 -0.789951 0.051351 0.610997
1781254044.702970 -2.439665 -0.180706 -2.534019 -0.005249 -0.691462 0.044223 0.721039
1781254045.937593 -2.386090 -0.165888 -2.246423 -0.005501 -0.672533 0.043385 0.738774
1781254046.972096 -2.352023 -0.157054 -2.068120 -0.006201 -0.609035 0.039285 0.792145
1781254048.240215 -2.166829 -0.155903 -1.978458 -0.007497 -0.415723 0.027496 0.909045
1781254049.241382 -1.936520 -0.148167 -1.899707 -0.006192 -0.296765 0.021495 0.954689
1781254050.476212 -1.740881 -0.139388 -1.865562 -0.005079 -0.175580 0.014333 0.984348
1781254051.811129 -1.370950 -0.133519 -1.803523 -0.004938 -0.156309 0.010624 0.987639
1781254052.879045 -1.203720 -0.109709 -1.642537 -0.004906 -0.262150 0.017144 0.964862
1781254053.946945 -1.087147 -0.093074 -1.478109 -0.006036 -0.341440 0.020877 0.939652
1781254054.981500 -1.019007 -0.078860 -1.319961 -0.006971 -0.430047 0.026819 0.902381
1781254056.149416 -0.988619 -0.066013 -1.174593 -0.008377 -0.511371 0.032546 0.858703
1781254057.151572 -0.990489 -0.050607 -1.010306 -0.009850 -0.604283 0.038513 0.795778
1781254058.387025 -1.073729 -0.029933 -0.784446 -0.009103 -0.735433 0.046209 0.675959
1781254059.455304 -1.181787 -0.027269 -0.625335 -0.011034 -0.825061 0.050467 0.562677
1781254060.492390 -1.260539 -0.016928 -0.454930 -0.011602 -0.786307 0.047709 0.615883
1781254061.526813 -1.233488 -0.001083 -0.242851 -0.008021 -0.630692 0.037118 0.775104
1781254062.527946 -1.149722 0.008622 -0.076081 -0.006878 -0.578528 0.032863 0.814971
1781254063.629116 -1.064762 0.014796 0.096592 -0.004816 -0.431701 0.022098 0.901733
1781254064.730348 -0.891885 0.016328 0.097129 -0.001273 -0.200631 0.009583 0.979619
1781254068.735007 0.036392 0.004551 0.053420 0.002128 -0.001367 -0.001350 0.999996
1781254069.736213 0.272811 0.001314 0.043930 0.002115 -0.031125 0.000990 0.999513
1781254070.737411 0.509984 -0.004590 0.031057 0.001708 0.047095 -0.004644 0.998878
1781254071.738573 0.742666 -0.009987 -0.011972 0.003758 0.196056 -0.016209 0.980452
1781254072.739671 0.900731 -0.020749 -0.168334 0.007189 0.420524 -0.029439 0.906775
1781254073.774133 0.946691 -0.035724 -0.344021 0.010275 0.609611 -0.039775 0.791635
1781254075.109083 0.888385 -0.042449 -0.420373 0.010619 0.673038 -0.043723 0.738238
1781254076.411899 0.755952 -0.038129 -0.402976 0.012281 0.786704 -0.046767 0.615434
1781254077.546685 0.580055 -0.051585 -0.637092 0.013853 0.845469 -0.053004 0.531207
1781254078.548242 0.425667 -0.064611 -0.887241 0.012709 0.880488 -0.057951 0.470342
1781254079.651868 0.241037 -0.071668 -1.106492 0.012500 0.894919 -0.059738 0.442034
1781254080.753041 0.073779 -0.086869 -1.318412 0.010228 0.885120 -0.057152 0.461726
1781254081.754210 -0.030358 -0.100001 -1.514070 0.008370 0.861095 -0.054878 0.505404
1781254082.822076 -0.138708 -0.117704 -1.719911 0.007679 0.848327 -0.055345 0.526515
1781254083.823174 -0.322939 -0.129866 -1.919657 0.009170 0.897292 -0.059826 0.437268
1781254085.024529 -0.540255 -0.154933 -2.148776 0.006339 0.922007 -0.054740 0.383232
1781254086.826596 -0.882494 -0.171054 -2.484128 0.004253 0.933059 -0.058437 0.354919
1781254087.827780 -1.101176 -0.187768 -2.648518 0.002852 0.934705 -0.056242 0.350934
1781254088.895718 -1.271349 -0.198441 -2.828134 0.001982 0.922807 -0.056945 0.381026
1781254089.930282 -1.455703 -0.213166 -3.046497 0.001662 0.932453 -0.057980 0.356605
1781254091.031598 -1.694871 -0.224977 -3.182580 0.002433 0.980366 -0.059990 0.187825
1781254092.199605 -1.995684 -0.216685 -3.136476 0.007066 0.994326 -0.061156 -0.086754
1781254093.334154 -2.240092 -0.201937 -2.937502 0.008565 0.936859 -0.060256 -0.344372
1781254094.903131 -2.414167 -0.177454 -2.552340 -0.005724 -0.813973 0.053641 0.578392
1781254097.009291 -2.262039 -0.157234 -2.063809 -0.007141 -0.538161 0.035483 0.842065
1781254098.010416 -2.025922 -0.149053 -1.933271 -0.006654 -0.343388 0.024223 0.938858
1781254099.011491 -1.737162 -0.133635 -1.860882 -0.004033 -0.167280 0.013760 0.985805
1781254100.012577 -1.436004 -0.131672 -1.788296 -0.004820 -0.137727 0.009891 0.990409
1781254101.047016 -1.234337 -0.122367 -1.668007 -0.005799 -0.212725 0.013327 0.977004
1781254102.214908 -1.040374 -0.100285 -1.444500 -0.007182 -0.362171 0.021772 0.931830
1781254103.349395 -0.983825 -0.079127 -1.188951 -0.008686 -0.526558 0.031886 0.849497
1781254104.350476 -0.989444 -0.063202 -0.969687 -0.010727 -0.631206 0.038127 0.774604
1781254105.418324 -1.075166 -0.038366 -0.722799 -0.009715 -0.743466 0.044989 0.667188
1781254106.552926 -1.150315 -0.020518 -0.462097 -0.010521 -0.723296 0.043465 0.689089
1781254107.620790 -1.118376 0.001936 -0.219650 -0.006175 -0.604765 0.035754 0.795577
1781254108.888903 -0.955599 0.008826 -0.006743 -0.002834 -0.312733 0.016337 0.949696
1781254109.923388 -0.677239 0.011858 0.063269 0.000275 -0.073792 0.003166 0.997269
1781254110.924462 -0.409130 0.009702 0.041277 0.002511 0.005154 -0.002259 0.999981
1781254111.926207 -0.145698 0.009553 0.059220 0.002065 -0.040541 -0.000361 0.999176
1781254112.929475 0.182728 0.002359 0.063167 0.000832 -0.017480 0.001427 0.999846
1781254113.999021 0.543486 -0.006001 -0.022225 0.004708 0.238741 -0.017230 0.970919
1781254115.166970 0.682343 -0.040517 -0.247632 0.004652 0.588304 -0.040044 0.807634
1781254116.168097 0.588584 -0.050836 -0.519991 0.009799 0.771897 -0.050798 0.633640
1781254117.302744 0.377214 -0.062300 -0.827244 0.011908 0.866368 -0.055702 0.496147
1781254118.771505 0.132885 -0.077736 -1.185559 0.010601 0.885726 -0.058258 0.460417
1781254119.772558 -0.026262 -0.095306 -1.463112 0.008415 0.876559 -0.056306 0.477915
1781254120.940467 -0.182241 -0.120100 -1.789579 0.007026 0.863221 -0.055767 0.501687
1781254122.442003 -0.487233 -0.148190 -2.139091 0.007133 0.911189 -0.057169 0.407940
1781254123.543189 -0.716703 -0.159966 -2.360797 0.005385 0.943063 -0.060708 0.326983
1781254124.544245 -0.969193 -0.175232 -2.529682 0.004226 0.937981 -0.059117 0.341584
1781254125.645423 -1.191555 -0.193567 -2.753725 0.003379 0.933192 -0.058691 0.354537
1781254126.746566 -1.411046 -0.210555 -2.950779 0.002273 0.946191 -0.059165 0.318146
1781254128.048025 -1.828129 -0.213851 -3.060860 0.007270 0.996360 -0.064870 0.054830
1781254129.517925 -2.286932 -0.198750 -2.884868 0.008258 0.918568 -0.060538 -0.390511
1781254130.686146 -2.429816 -0.179284 -2.553992 -0.005475 -0.784214 0.051296 0.618342
1781254132.254927 -2.236760 -0.159129 -2.079992 -0.006673 -0.492254 0.032739 0.869810
1781254133.256274 -1.929222 -0.148737 -1.929588 -0.005858 -0.252282 0.019133 0.967447
1781254134.324614 -1.557563 -0.137886 -1.835222 -0.005264 -0.189238 0.014143 0.981815
1781254136.027084 -1.120577 -0.109031 -1.489677 -0.006716 -0.353142 0.020920 0.935312
1781254137.161983 -0.984564 -0.077187 -1.168997 -0.008205 -0.532776 0.033158 0.845567
1781254138.263476 -1.031414 -0.050774 -0.890436 -0.010074 -0.709353 0.043367 0.703446
1781254139.298227 -1.171499 -0.026942 -0.621335 -0.010400 -0.809844 0.049513 0.584460
1781254140.332959 -1.172969 -0.002796 -0.322162 -0.009107 -0.668079 0.041337 0.742885
1781254141.334282 -1.068909 0.006539 -0.086864 -0.007275 -0.493199 0.028396 0.869422
1781254142.368987 -0.836808 0.019740 0.032397 -0.001548 -0.188474 0.008881 0.982037
1781254145.606709 0.217254 -0.001979 -0.006412 0.001620 -0.064536 0.004273 0.997905
1781254146.908461 0.627294 -0.000332 0.088660 -0.001619 -0.166649 0.009175 0.985972
