1781254169.041763 0.0000000 0.0000000 0.0000000 -0.0000000 -0.0000000 -0.0000000 1.0000000
1781254173.316015 0.0107239 -0.0132477 -0.2185143 0.0019635 0.0458079 -0.0007777 0.9989480
1781254173.349385 0.0112577 -0.0142115 -0.2233164 0.0016193 0.0467323 -0.0005901 0.9989060
1781254173.582968 0.0178368 -0.0153150 -0.2593737 0.0021840 0.0506055 -0.0005077 0.9987162
1781254174.083488 0.0313469 -0.0220206 -0.3578992 0.0016023 0.0622747 -0.0006644 0.9980576
1781254175.020864 0.0808268 -0.0314888 -0.5169755 0.0012804 0.0603492 -0.0009333 0.9981761
1781254175.922414 0.2223616 -0.0349842 -0.5887727 0.0014421 0.1135901 -0.0042836 0.9935175
1781254177.857390 0.4280172 -0.0245240 -0.3907850 0.0005866 0.0462722 0.0011494 0.9989281
1781254178.791640 0.5302963 -0.0188428 -0.2530428 0.0025554 0.0675287 -0.0002430 0.9977140
1781254179.358876 0.6303916 -0.0185334 -0.2295236 0.0036547 0.0394470 0.0005944 0.9992148
1781254180.526670 0.7555000 -0.0276283 -0.3837306 0.0028171 0.1545681 -0.0046605 0.9879671
1781254182.195442 0.7901918 -0.0537241 -0.7986640 0.0006565 0.1993310 -0.0074174 0.9799039
1781254186.000218 1.2167721 -0.0579215 -0.7526109 -0.0005103 0.1262736 -0.0071957 0.9919692
1781254187.368649 1.4088846 -0.0383701 -0.4212793 0.0008849 0.0391335 -0.0034153 0.9992278
1781254188.536652 1.6581804 -0.0359156 -0.3433532 0.0024373 0.0742676 -0.0051736 0.9972219
1781254189.504368 1.7605354 -0.0525387 -0.5521477 0.0020718 0.1564755 -0.0068604 0.9876559
1781254191.407575 1.7883964 -0.0832489 -1.0620494 0.0034789 0.1519070 -0.0076988 0.9883587
1781254192.775876 2.0846202 -0.0715233 -0.8877733 0.0033828 0.2170950 -0.0125001 0.9760646
1781254193.777069 2.2574434 -0.0576805 -0.6269436 0.0054033 0.2374634 -0.0134948 0.9712877
1781254194.644785 2.3837605 -0.0456817 -0.4040896 0.0069182 0.2277117 -0.0127873 0.9736201
1781254195.779503 2.5305581 -0.0379134 -0.2232262 0.0046553 0.1299281 -0.0088787 0.9914727
1781254196.880840 2.7348356 -0.0477500 -0.3416055 0.0052512 0.1707487 -0.0109480 0.9852398
1781254198.316119 2.8168302 -0.0642546 -0.6472555 0.0040853 0.0642420 -0.0034709 0.9979200
1781254200.252262 3.0498211 -0.0962289 -1.0100211 0.0024022 0.1095195 -0.0083373 0.9939468
1781254202.021301 3.2644095 -0.0720074 -0.6415550 0.0042802 0.0919702 -0.0075872 0.9957237
1781254203.990828 3.6120162 -0.0751920 -0.5602077 0.0051652 0.1702211 -0.0114379 0.9853260
1781254205.392790 3.6692665 -0.1014876 -0.9363441 0.0045962 0.2204122 -0.0110488 0.9753335
1781254208.797257 4.1308441 -0.0985399 -0.9003419 0.0081906 0.2587053 -0.0118030 0.9658495
1781254211.901262 4.2845006 -0.1279919 -1.0755193 0.0076192 0.6453199 -0.0334855 0.7631402
1781254212.668915 4.2503529 -0.1612846 -1.4156692 0.0009010 0.7534452 -0.0420560 0.6561638
1781254213.770335 4.1930761 -0.1648181 -1.7702804 0.0041395 0.8873863 -0.0624462 0.4567592
1781254214.671578 4.0626736 -0.1589968 -1.7942202 0.0143840 0.9931350 -0.0698387 0.0927289
1781254215.906616 3.9474025 -0.1255077 -1.4296974 -0.0194305 -0.9960325 0.0705204 0.0506819
1781254217.241690 3.7649686 -0.1041740 -1.1953685 -0.0190920 -0.9891408 0.0693734 0.1281534
1781254218.376495 3.5776610 -0.1184773 -1.4416778 -0.0209606 -0.9958982 0.0695977 0.0538862
1781254219.110814 3.5088174 -0.1334709 -1.6538281 -0.0223201 -0.9927424 0.0698903 0.0952878
1781254219.744989 3.4309666 -0.1473544 -1.8579895 -0.0218513 -0.9931996 0.0701076 0.0903432
1781254220.746309 3.2451878 -0.1495038 -1.9332974 -0.0216054 -0.9964725 0.0708946 0.0393683
1781254221.547372 3.1343970 -0.1379138 -1.8054417 -0.0234513 -0.9963810 0.0699741 0.0421723
1781254222.248396 3.0809186 -0.1197225 -1.5957141 -0.0222627 -0.9967334 0.0704887 0.0325326
1781254222.917672 3.0221214 -0.1063963 -1.4311568 -0.0218828 -0.9972312 0.0704458 0.0094005
1781254223.652730 2.9276190 -0.0903268 -1.2602457 -0.0208231 -0.9972330 0.0698105 0.0148079
1781254223.986430 2.8436124 -0.0861169 -1.2561097 -0.0202635 -0.9961003 0.0703279 0.0492712
1781254224.420236 2.7292988 -0.0878108 -1.2823811 -0.0202552 -0.9964018 0.0695653 0.0439758
1781254224.820666 2.6492050 -0.0887588 -1.3326192 -0.0202019 -0.9970713 0.0700671 0.0230493
1781254225.321198 2.6021705 -0.0948915 -1.4447659 -0.0209947 -0.9972347 0.0701534 0.0126754
1781254225.821745 2.5674107 -0.1034232 -1.5570402 -0.0210622 -0.9971811 0.0696588 0.0182727
1781254226.355654 2.5235076 -0.1091371 -1.6434762 0.0191937 0.9969840 -0.0700567 0.0273247
1781254227.623758 2.2558527 -0.0964420 -1.5621651 -0.0185255 -0.9972834 0.0693947 0.0163415
1781254228.891836 2.0085189 -0.0735199 -1.3039740 -0.0188139 -0.9964516 0.0687512 0.0447623
1781254230.393404 1.7877036 -0.0780054 -1.4568200 0.0174041 0.9974682 -0.0689398 0.0012681
1781254232.595698 1.7165080 -0.1372853 -2.3150265 -0.0177349 -0.9967687 0.0724743 0.0297506
1781254234.197841 1.5051465 -0.1638088 -2.7078419 0.0126878 0.9949964 -0.0739701 0.0659514
1781254236.033171 1.2357175 -0.1494982 -2.5496523 -0.0154328 -0.9971267 0.0726964 0.0146771
1781254237.201065 1.2163101 -0.1250588 -2.1876450 -0.0164920 -0.9962386 0.0707764 0.0471957
1781254238.436201 1.2001698 -0.0911073 -1.8137373 -0.0167221 -0.9964789 0.0715259 0.0404257
1781254239.905957 1.0185221 -0.0686743 -1.5119234 -0.0180612 -0.9929962 0.0693609 0.0939224
1781254242.308897 0.7331010 -0.1112782 -2.1210656 -0.0146439 -0.9972462 0.0725392 0.0048672
1781254244.011086 0.4847795 -0.1075344 -2.1223872 -0.0149418 -0.9971991 0.0724226 0.0112066
1781254244.745337 0.2841995 -0.0990290 -2.0688796 -0.0172019 -0.9972243 0.0716603 0.0106166
1781254245.946746 0.1499633 -0.0716860 -1.7576758 0.0176849 0.9973929 -0.0697425 0.0055393
1781254247.381746 -0.0702176 -0.0493160 -1.5099474 -0.0156972 -0.9953222 0.0691719 0.0655945
1781254249.250620 -0.1685648 -0.0705123 -1.8695081 -0.0193163 -0.9574140 0.0662811 0.2803428
1781254250.552547 -0.1475410 -0.0617164 -1.6605883 -0.0199813 -0.8195489 0.0544304 0.5700682
1781254251.353629 -0.1036515 -0.0387093 -1.4029745 -0.0193662 -0.6498344 0.0430409 0.7586091
1781254251.820930 -0.0496924 -0.0334079 -1.3022401 -0.0189260 -0.5045139 0.0324769 0.8625850
1781254252.922434 0.1913490 -0.0480393 -1.3247480 -0.0179459 -0.2319541 0.0145121 0.9724529
1781254253.957200 0.5518824 -0.0373959 -1.2656610 -0.0116396 -0.1076274 0.0045941 0.9941126
